geo_cache/2-4/elevation.txt
ncols         934
nrows         918
xllcorner     -72.41111111111111
yllcorner     42.752
cellsize      1.0E-5
NODATA_value  -9999
[rows 0 to 41 of 918, columns 188 to 281 of 934]
274 268 262 258 255 251 252 253 254 252 251 246 243 242 242 241 237 234 230 225 220 215 211 205 204 204 205 203 199 194 191 191 191 191 192 193 194 193 192 194 198 198 199 195 191 187 182 177 175 174 175 177 177 180 184 189 194 199 202 204 209 212 213 216 219 220 220 219 216 216 216 213 210 203 196 190 185 177 170 167 157 153 153 153 153 153 153 153 153 153 153 153 153 153
275 270 265 260 256 253 254 256 256 255 252 249 245 243 242 241 238 235 232 227 223 217 213 209 204 203 201 199 197 193 191 190 190 191 192 192 192 192 191 192 197 198 198 195 192 189 185 181 178 175 175 177 179 183 187 192 196 200 204 208 211 214 216 219 221 223 223 223 221 219 220 219 214 208 201 195 189 182 173 168 159 153 153 153 153 153 153 153 153 153 153 153 153 153
275 271 265 261 257 255 256 257 257 256 253 250 247 244 242 240 238 234 232 228 224 219 214 210 206 203 202 201 198 193 190 190 189 190 191 191 191 190 190 192 196 198 197 195 193 190 187 184 180 177 177 177 180 185 190 193 197 201 205 209 213 216 218 221 223 224 225 225 223 222 223 222 218 212 205 198 193 185 175 167 161 153 153 153 153 153 153 153 153 153 153 153 153 153
276 271 265 261 257 257 258 259 258 257 255 252 248 244 242 239 236 233 231 228 224 219 214 211 208 205 205 204 201 195 191 190 189 189 189 190 189 189 189 191 194 196 196 195 193 192 189 186 182 178 177 178 181 187 192 195 199 202 207 211 215 217 220 222 224 225 227 228 227 226 226 224 221 216 209 201 195 188 176 164 161 153 153 153 153 153 153 153 153 153 153 153 153 153
276 270 265 261 258 258 259 259 259 257 256 253 248 244 241 238 235 231 229 227 223 219 217 216 214 210 207 204 202 196 191 190 189 188 188 188 188 188 188 190 192 194 195 194 193 192 190 187 184 180 177 177 181 188 193 197 200 203 208 213 216 219 221 223 225 227 228 229 229 229 229 227 223 219 212 203 197 190 175 160 160 153 153 153 153 153 153 153 153 153 153 153 153 153
276 270 265 262 261 260 260 260 259 258 256 253 248 244 241 236 233 230 228 226 225 225 224 222 219 214 209 205 202 197 192 190 190 188 187 187 187 186 186 188 191 192 193 193 193 192 190 187 186 181 177 176 180 187 193 197 200 205 209 213 217 220 221 223 226 228 229 231 232 232 232 230 226 221 214 205 198 190 171 155 160 155 154 154 154 153 153 153 153 153 153 153 153 153
277 271 266 262 262 261 261 261 261 259 256 253 248 243 240 235 231 230 229 230 230 230 229 228 223 217 211 207 204 200 195 192 190 188 186 186 186 186 185 186 189 190 191 193 192 191 190 187 186 183 177 175 178 185 192 197 200 204 208 213 216 219 221 223 226 228 229 232 233 234 235 233 228 223 214 205 197 189 168 154 162 162 160 159 158 157 157 156 155 155 154 154 154 153
278 271 266 262 262 262 262 262 263 260 255 252 247 243 239 235 232 232 233 234 234 234 234 232 227 221 216 210 207 203 198 193 191 188 186 186 185 185 185 184 186 189 191 192 191 191 189 187 186 183 177 174 174 181 189 195 198 202 206 211 215 218 221 223 226 228 229 232 234 235 236 237 231 222 213 204 196 187 168 154 162 167 167 167 166 165 165 164 163 162 161 160 159 158
277 272 266 262 262 262 262 263 264 260 255 251 247 242 238 234 234 236 236 237 237 237 236 235 231 225 220 215 209 205 200 195 191 189 187 186 184 184 184 184 185 187 189 191 190 190 188 187 186 182 177 173 172 177 185 191 195 199 203 208 213 216 219 222 224 226 228 231 233 235 236 239 233 221 211 202 194 184 168 153 158 165 166 167 167 167 167 168 168 168 167 167 166 166
277 271 266 262 262 261 264 264 264 260 254 249 245 241 237 234 237 239 239 240 240 239 239 237 235 228 224 218 212 207 202 196 192 190 189 187 185 184 184 184 184 186 188 189 189 188 187 186 185 181 176 172 172 172 179 186 192 196 200 204 209 214 217 220 222 224 227 229 232 233 234 234 227 216 208 199 190 180 168 151 151 158 157 158 158 159 160 161 162 163 164 165 166 167
277 271 266 262 261 261 263 263 263 259 253 248 244 240 237 239 241 242 243 243 243 243 242 240 237 233 227 222 216 209 204 197 195 194 192 189 186 184 184 184 183 184 186 186 187 187 186 185 184 181 176 173 171 171 174 181 187 192 197 201 206 210 214 217 217 219 224 227 227 225 225 222 216 210 202 194 185 176 168 154 147 153 152 151 152 152 153 154 155 156 156 157 158 159
276 271 265 262 260 260 261 262 261 256 251 246 242 240 240 243 245 246 247 247 247 246 245 242 240 236 231 225 219 213 205 200 200 198 195 192 188 185 184 184 182 183 184 184 184 185 185 184 183 180 176 173 171 169 171 176 182 188 195 198 202 206 209 212 212 216 220 224 223 217 214 212 208 203 196 188 180 172 167 158 147 150 151 150 149 148 148 148 149 149 149 150 151 153
276 271 265 262 260 258 258 259 258 254 249 244 243 243 244 246 248 250 250 250 249 249 247 244 241 238 234 228 222 215 208 205 204 201 198 194 190 186 185 184 181 180 181 182 183 183 184 183 182 180 176 173 171 168 168 172 178 184 191 196 200 203 205 207 208 212 216 219 219 213 206 205 201 196 190 183 175 168 166 161 148 147 150 150 149 148 148 148 148 148 148 148 149 154
276 271 265 261 259 257 256 257 255 252 247 245 245 246 248 249 251 253 253 252 252 251 249 246 243 239 235 230 224 217 211 210 207 204 200 195 192 189 186 185 182 180 179 180 181 182 183 182 181 180 176 173 170 168 167 170 175 181 187 194 198 200 202 203 204 209 212 214 214 212 204 197 195 190 184 178 169 166 164 162 150 147 148 149 149 148 148 148 148 148 148 148 149 155
276 272 265 261 258 256 254 254 253 250 249 249 248 249 252 253 254 256 256 255 255 254 252 249 245 242 238 233 226 219 216 214 210 207 203 198 195 192 189 186 183 181 179 178 178 180 181 180 180 179 176 173 170 167 167 168 172 178 184 190 195 198 199 199 201 205 209 211 211 210 204 195 188 183 178 172 167 166 163 162 155 148 147 149 149 148 148 148 148 148 148 149 151 155
275 271 265 260 257 256 255 254 253 253 253 253 253 252 255 257 258 259 259 259 258 257 255 251 247 243 239 235 228 222 221 218 214 210 206 202 197 194 191 187 185 182 180 177 177 179 180 180 179 177 174 172 169 167 166 167 170 174 180 186 191 195 197 197 196 201 205 207 209 208 203 195 188 178 173 169 167 166 162 161 158 149 147 148 148 148 148 148 148 148 148 149 152 156
274 270 265 261 260 258 257 256 256 257 257 256 256 255 258 261 262 262 263 262 261 260 258 254 250 246 241 236 230 226 225 221 217 213 209 205 200 196 193 190 186 183 181 177 176 178 179 179 177 174 172 171 169 167 165 165 168 171 177 182 187 191 193 194 194 198 201 203 204 204 200 195 189 181 175 171 168 166 163 161 159 153 147 147 148 148 148 148 148 148 148 149 151 156
275 270 266 264 264 263 261 260 259 260 260 260 260 258 261 264 265 266 266 266 265 264 261 257 253 248 243 238 233 230 228 224 220 216 212 207 202 197 194 191 187 184 181 177 175 176 178 177 175 173 171 169 168 167 165 164 165 168 173 178 181 184 189 190 191 194 197 199 200 199 197 193 188 184 179 173 168 166 164 163 161 157 150 147 147 148 148 148 148 148 148 149 151 156
276 273 271 268 267 267 266 264 263 263 263 263 263 261 263 267 269 270 270 270 269 267 264 260 256 250 244 240 235 234 231 227 223 218 214 209 204 199 195 192 189 185 181 177 174 174 175 175 174 173 170 168 167 165 164 163 163 165 169 173 177 180 183 185 186 189 192 194 195 195 193 190 187 184 179 173 168 166 164 164 162 159 155 148 147 147 147 148 148 148 148 149 150 155
279 276 273 271 269 270 269 267 266 267 267 267 266 264 266 269 271 272 273 272 271 269 267 263 258 252 247 242 238 236 234 230 225 221 216 211 206 201 196 193 190 186 182 178 174 173 173 174 173 172 169 167 166 165 164 163 162 161 165 168 172 175 178 180 181 184 186 187 189 189 187 186 185 183 178 172 167 165 163 163 162 159 155 150 147 147 147 147 148 148 148 148 150 155
280 277 275 274 272 271 271 269 269 270 270 270 270 268 268 272 274 275 276 275 273 271 269 265 261 255 248 244 240 237 235 232 229 224 219 213 208 202 198 195 192 188 185 180 176 173 172 172 172 171 169 166 166 167 167 165 163 161 161 163 166 170 173 175 175 178 180 181 182 182 182 182 182 180 175 170 166 164 162 162 161 158 154 149 148 147 147 147 148 147 147 148 150 154
282 280 278 276 275 274 273 271 271 272 272 272 272 271 270 274 276 277 277 277 276 274 271 267 263 257 250 246 242 240 237 234 231 227 221 216 210 204 200 196 194 191 187 182 178 174 172 171 171 169 167 167 168 169 169 168 165 162 160 160 160 165 168 170 169 172 174 175 176 176 176 176 178 176 171 167 164 162 161 161 160 158 154 149 149 149 147 147 148 147 147 148 150 153
283 280 279 277 276 276 275 274 274 274 274 274 274 273 273 276 278 279 280 280 278 276 273 270 265 260 253 248 244 241 239 236 232 228 225 219 212 207 203 199 195 193 189 183 179 175 172 171 170 169 168 168 170 171 171 169 167 165 162 160 159 160 164 166 165 167 169 169 170 170 170 172 172 171 169 166 163 161 159 159 158 157 153 149 149 149 149 148 148 147 147 148 150 153
283 281 279 278 278 277 276 275 275 276 276 276 276 275 276 278 280 281 282 282 281 279 276 271 267 262 257 251 246 243 240 236 233 228 225 221 216 209 205 200 196 193 189 184 180 178 175 172 170 170 171 173 173 174 174 172 169 167 165 163 160 158 159 161 159 161 163 164 165 166 166 168 169 169 167 164 162 160 159 157 156 154 152 149 149 149 149 149 148 147 147 148 150 154
284 282 280 279 279 278 277 276 276 278 279 279 278 276 277 279 281 283 284 284 283 282 279 274 269 265 259 253 248 244 241 238 235 229 225 221 217 212 207 202 197 195 191 189 186 183 180 176 173 174 177 179 179 179 178 176 173 169 166 165 163 159 157 156 154 154 156 159 161 161 164 166 166 166 165 164 162 160 158 157 156 152 150 150 150 149 149 149 148 147 147 148 151 154
284 282 280 280 280 280 279 279 279 280 281 281 280 279 279 280 283 284 285 286 286 284 282 278 271 266 261 255 250 245 243 240 237 232 226 220 215 212 207 203 199 197 196 194 191 187 183 179 175 178 182 183 183 183 182 180 176 172 168 167 165 162 159 156 154 154 154 154 154 158 162 163 163 163 163 162 162 160 158 157 156 151 149 149 150 149 149 149 148 148 147 148 151 154
283 282 280 280 281 281 281 280 280 282 282 282 282 281 280 281 283 285 286 287 288 287 284 281 274 267 262 257 251 246 244 241 237 233 228 222 215 211 208 204 203 202 201 198 195 191 186 181 178 181 185 186 186 186 185 182 179 175 171 167 166 164 162 161 160 157 155 154 154 155 161 162 162 161 161 161 161 159 158 158 156 152 149 149 149 149 149 149 149 149 147 147 150 154
283 282 281 281 282 282 282 281 281 284 285 285 284 282 281 282 284 286 287 289 288 288 287 284 277 269 263 258 252 248 244 242 238 233 229 224 218 214 213 210 209 208 206 203 199 195 189 184 181 183 188 191 191 190 188 185 181 178 174 169 167 166 165 164 163 162 159 154 154 154 156 156 156 155 154 155 157 158 158 158 156 153 149 149 149 149 149 149 150 149 148 147 150 154
282 282 282 282 283 283 283 283 283 286 287 287 287 284 282 283 286 287 288 289 289 289 289 286 280 271 265 259 254 249 244 242 238 233 229 225 220 218 218 216 214 213 211 207 203 198 193 186 186 186 190 193 193 192 190 186 183 179 175 173 171 167 166 166 165 164 160 155 154 154 154 154 154 154 154 154 154 155 157 157 157 155 150 149 149 149 149 149 149 149 148 147 150 154
282 282 282 283 284 285 285 285 285 287 287 288 288 286 284 285 287 288 288 289 290 290 290 287 282 273 266 260 255 249 244 241 237 233 229 225 221 221 221 220 218 216 213 209 204 200 194 191 191 191 191 194 194 192 190 187 185 182 180 178 175 170 168 168 167 165 163 158 154 154 154 154 154 154 154 154 154 154 156 156 157 155 150 149 149 149 149 149 149 148 147 148 151 155
280 281 282 283 284 286 286 286 286 287 287 288 288 287 286 286 288 288 289 290 290 290 289 287 283 274 266 261 255 250 244 240 236 232 228 225 222 223 224 223 221 218 215 209 204 200 196 196 197 196 195 195 194 191 190 188 188 186 184 182 178 173 172 172 170 168 166 163 161 159 159 160 159 156 155 155 154 154 155 156 156 155 150 149 149 149 149 149 149 148 147 148 152 156
280 280 282 283 284 287 287 287 287 287 287 288 288 287 287 287 288 288 289 290 290 290 289 287 283 274 267 261 256 250 244 239 234 231 228 227 226 226 226 225 223 220 215 210 205 202 200 201 202 201 199 197 195 192 191 192 192 191 189 185 181 177 177 176 174 171 169 167 165 164 164 163 162 159 157 156 154 154 153 154 154 154 150 149 149 149 149 149 148 147 147 149 153 156
279 279 281 283 284 287 287 287 287 287 287 288 288 287 287 287 288 288 288 289 289 289 289 286 282 274 267 261 256 249 243 239 234 233 232 231 230 229 229 227 225 221 215 211 209 208 205 206 207 205 202 199 197 194 193 194 196 195 193 189 184 182 182 181 179 175 171 169 168 167 166 165 163 162 159 157 155 154 153 150 150 150 149 149 149 149 149 149 148 147 147 149 152 156
278 279 281 282 284 286 287 287 287 287 287 288 288 287 287 287 288 288 288 289 289 289 288 285 282 274 266 261 255 248 243 239 238 237 235 234 233 232 230 228 226 222 217 216 216 213 210 210 211 209 206 203 199 196 196 198 199 199 197 193 188 186 187 186 183 179 175 172 170 168 167 165 164 163 161 158 157 156 154 150 150 149 149 149 149 149 149 150 148 147 147 149 152 156
277 278 280 282 283 285 287 287 287 287 287 288 288 288 288 287 288 288 288 289 289 289 287 285 281 274 266 261 255 247 244 242 241 240 238 237 236 234 233 230 228 224 222 221 220 217 214 214 215 212 209 206 202 199 200 202 203 202 200 198 192 191 192 190 187 184 180 175 172 170 168 166 165 164 162 161 159 158 156 153 150 150 150 150 149 150 150 149 148 147 147 149 151 155
277 278 280 281 282 284 287 287 287 287 287 288 288 288 288 287 288 288 288 289 288 288 287 284 280 275 267 261 255 248 245 244 243 242 240 239 237 235 233 231 229 227 226 225 223 220 217 217 217 215 212 208 204 203 206 207 207 206 203 201 197 196 196 195 193 187 183 179 174 171 169 168 166 165 163 161 160 159 157 155 150 150 150 150 150 150 150 148 147 147 148 150 151 154
276 277 279 281 282 284 286 287 286 287 287 288 288 288 288 287 287 287 288 288 288 287 286 282 279 275 268 262 255 249 248 246 244 243 241 240 239 237 235 233 231 229 228 228 226 223 221 221 220 218 215 210 208 209 211 212 213 211 208 204 201 200 200 200 197 192 187 183 177 173 171 168 167 166 164 162 161 160 158 157 152 150 150 150 149 149 149 148 147 147 148 150 151 154
276 276 279 280 281 283 285 286 286 287 287 288 288 288 288 288 287 287 288 288 287 287 284 280 278 274 268 262 257 254 252 249 246 244 242 241 239 238 235 234 233 232 230 228 226 225 223 222 221 219 216 215 215 216 217 217 217 216 213 209 204 204 205 205 203 197 190 185 180 174 171 169 168 166 164 162 162 160 158 157 156 151 150 150 149 148 148 148 148 148 149 150 151 155
275 276 278 279 280 282 283 284 285 286 287 287 288 288 288 287 287 287 288 288 287 286 283 280 278 274 268 263 259 258 255 252 247 244 242 242 239 238 237 235 234 233 231 228 226 226 224 222 222 220 217 217 218 219 220 220 219 217 216 212 209 211 211 209 206 200 193 187 182 176 172 169 168 166 164 163 162 161 159 158 157 152 150 150 149 148 147 147 148 149 149 150 152 155
275 276 277 278 280 281 283 283 285 286 286 287 288 288 288 287 286 287 287 287 287 285 283 279 277 274 269 265 262 260 257 253 249 245 243 242 239 238 237 236 235 233 232 229 227 226 224 222 222 219 217 219 219 220 221 221 220 218 217 215 215 216 216 212 207 202 195 189 183 177 172 169 168 167 164 163 162 161 160 159 157 153 149 149 148 148 147 147 149 150 150 150 153 156
275 275 276 277 279 281 283 283 284 285 286 287 288 288 288 286 284 286 287 286 285 284 282 279 277 275 272 269 265 261 258 255 251 246 243 242 240 238 238 237 235 234 234 232 229 227 224 221 221 217 215 219 221 222 222 222 221 219 217 217 217 216 216 213 207 203 197 189 183 177 172 169 167 167 165 163 163 162 160 159 157 154 149 148 148 147 147 148 150 150 150 152 154 156
274 275 275 276 279 281 282 283 283 284 285 286 288 288 287 284 282 284 286 285 284 283 281 279 278 277 275 271 266 262 259 255 252 247 244 243 241 239 238 237 236 235 235 234 231 228 224 219 218 214 215 220 223 223 222 222 221 219 217 216 216 216 215 212 207 203 197 189 183 177 171 168 167 166 165 164 163 162 161 160 158 155 150 148 147 148 148 149 150 150 150 154 156 157
