geo_cache/2-4/elevation.txt
ncols         934
nrows         918
xllcorner     -72.41111111111111
yllcorner     42.752
cellsize      1.0E-5
NODATA_value  -9999
[rows 420 to 461 of 918, columns 0 to 93 of 934]
315 311 310 308 306 304 301 298 294 292 290 289 288 287 287 288 288 287 283 279 276 271 267 264 262 262 266 271 273 274 274 273 273 271 270 271 272 271 269 268 271 275 277 279 283 285 286 287 287 285 283 285 295 301 302 301 299 295 293 286 278 274 270 265 264 271 276 277 277 275 275 277 280 282 283 284 285 286 286 285 289 294 299 302 309 314 317 323 326 328 328 326 324 320
314 310 310 308 306 304 302 299 295 293 291 290 289 288 288 289 289 288 284 280 276 271 267 264 262 262 264 267 270 271 272 272 272 271 269 269 269 268 266 266 271 274 277 280 285 288 287 287 287 284 282 283 295 300 301 301 299 296 293 286 278 273 268 264 264 270 275 276 276 274 272 275 279 281 283 283 282 283 282 283 287 291 293 299 308 314 319 324 327 329 329 329 328 324
313 310 309 308 306 304 302 299 297 294 292 291 290 290 289 289 289 288 284 279 276 271 266 264 262 262 262 264 266 268 270 270 270 270 270 269 268 265 263 264 268 272 275 279 285 288 289 288 288 286 282 281 292 297 300 299 297 294 291 284 276 270 265 262 263 267 272 274 274 272 270 274 276 279 280 281 279 279 279 282 285 287 290 298 307 314 320 325 328 330 331 330 330 329
312 310 309 307 305 304 303 300 299 297 293 291 291 290 289 289 289 287 283 279 275 270 266 264 262 262 262 263 263 265 267 268 269 270 270 269 267 265 263 263 266 269 273 278 282 287 289 289 289 286 283 280 288 293 296 296 294 290 288 280 272 267 264 262 262 264 269 271 271 269 268 271 273 275 276 276 275 275 277 281 284 286 289 298 307 315 322 326 329 330 331 331 331 331
310 309 308 306 305 304 303 301 300 299 295 292 291 290 288 287 287 286 282 278 274 268 265 263 263 262 262 262 262 263 263 264 265 269 270 269 267 263 262 263 265 268 271 275 279 284 288 289 289 286 282 280 283 289 291 292 290 286 283 276 269 268 265 262 262 262 265 268 269 267 265 268 270 272 272 273 272 274 278 282 284 285 289 298 307 315 322 327 329 330 331 331 331 332
309 308 307 306 304 303 302 301 300 300 296 292 291 290 287 284 282 282 280 277 272 267 264 263 263 262 262 262 262 262 262 262 263 268 270 269 266 262 261 263 264 267 269 273 276 280 285 288 288 285 281 279 280 284 287 287 285 281 278 274 270 269 267 263 262 262 262 265 265 265 264 265 268 269 269 269 270 274 278 282 284 285 289 299 306 314 321 326 328 330 331 330 330 330
307 307 307 306 304 303 301 300 299 299 296 292 290 289 287 283 279 278 277 274 270 265 263 263 262 262 262 261 261 261 261 261 262 266 269 269 265 261 260 263 264 266 268 269 274 278 281 284 285 282 279 277 276 279 281 282 280 276 275 273 271 270 268 264 262 262 262 263 263 263 262 263 265 265 265 268 270 274 278 282 284 285 288 298 305 313 319 323 326 328 329 329 328 328
306 307 306 305 303 301 300 298 296 296 294 292 290 289 287 282 277 275 274 271 268 264 263 263 262 262 262 261 261 261 261 261 261 263 265 265 263 260 260 264 264 265 265 267 271 275 278 280 281 279 278 276 275 276 277 276 273 271 271 273 271 271 269 265 262 262 262 262 262 262 262 262 263 263 264 268 271 275 278 282 285 285 286 296 303 309 315 320 324 326 328 327 326 326
306 306 306 304 302 300 298 296 293 293 292 291 289 289 286 280 276 274 271 269 267 263 263 263 262 262 262 261 260 260 260 260 260 261 262 262 260 258 260 263 263 263 263 265 269 273 276 277 278 277 277 276 273 273 273 271 269 270 271 273 271 270 269 265 263 262 262 262 262 262 262 262 262 263 265 269 272 275 278 282 284 282 282 291 299 304 310 316 321 324 325 325 324 325
306 306 306 304 300 299 296 294 293 293 292 290 289 288 283 279 276 274 271 269 267 265 263 263 263 262 262 261 260 260 260 259 259 259 259 259 258 258 259 260 260 260 262 264 267 270 272 274 276 276 276 275 271 269 268 266 268 272 273 274 273 270 268 265 264 263 261 261 261 261 262 262 262 263 266 269 272 275 278 281 282 280 281 285 293 299 305 311 316 321 324 324 321 324
306 308 307 305 302 299 298 296 294 293 292 291 288 288 285 283 280 277 274 270 268 265 263 263 263 262 262 261 260 260 260 259 259 259 258 258 257 257 258 259 258 258 259 262 263 266 269 271 272 273 273 272 269 265 263 264 268 274 275 276 274 271 267 264 263 262 261 261 261 261 261 261 262 264 267 269 272 275 277 279 279 278 280 282 288 295 301 307 313 317 320 321 318 322
310 309 309 307 306 304 304 302 300 297 295 293 292 293 291 288 285 281 277 272 268 266 264 263 263 262 262 262 260 260 260 258 258 258 258 257 257 257 258 258 258 257 258 260 261 262 264 266 268 269 270 270 266 262 262 263 268 273 275 276 275 273 268 264 263 262 260 260 260 261 261 261 262 264 267 269 271 274 275 276 276 277 279 281 285 292 299 304 309 313 316 317 315 321
312 312 310 310 309 309 308 308 306 305 302 298 297 296 295 292 289 285 279 273 269 267 267 267 265 262 262 262 261 260 260 258 258 258 257 257 257 257 258 257 257 257 257 258 258 259 261 263 264 266 266 265 261 259 262 268 271 272 274 275 275 274 268 265 263 261 260 260 260 260 261 261 262 264 267 268 271 273 274 275 276 276 278 281 284 291 297 302 307 311 313 313 312 319
313 314 314 315 316 316 316 315 313 311 309 306 303 300 297 294 291 288 284 279 274 271 270 270 269 266 264 262 262 261 261 259 258 258 257 256 256 256 256 256 256 256 256 256 256 257 258 260 261 262 261 259 258 261 266 272 275 275 274 274 272 271 268 265 263 261 259 258 258 259 261 262 263 264 267 268 270 272 273 274 276 277 278 280 284 290 296 300 304 307 308 308 310 317
314 315 317 321 323 324 325 324 323 320 317 314 310 306 301 297 293 291 287 283 279 275 274 273 271 270 269 266 264 262 262 260 258 258 258 256 256 256 256 255 255 255 255 255 255 256 257 258 259 259 258 257 258 264 270 274 276 276 275 275 271 268 266 264 262 260 258 258 258 259 261 262 264 265 267 269 270 272 273 275 277 278 278 280 283 289 295 298 301 303 304 304 309 315
312 316 322 328 332 334 335 334 332 330 326 322 317 311 305 301 298 295 292 288 282 278 276 275 273 272 271 269 267 264 262 261 260 259 258 257 256 256 255 255 255 254 254 253 254 255 255 257 257 257 256 257 261 266 272 275 277 277 276 276 272 267 263 262 260 259 258 257 257 260 262 263 264 266 268 270 271 273 274 275 278 280 281 281 282 287 293 295 297 299 299 303 308 312
311 317 327 335 340 343 343 343 343 339 334 329 323 317 309 305 304 301 298 293 288 281 279 277 276 274 272 271 269 265 263 261 260 260 259 257 256 256 255 255 255 254 253 253 253 254 254 254 255 255 255 259 263 267 271 273 275 276 276 275 270 265 261 258 258 258 257 256 257 260 262 264 265 267 269 270 273 275 277 278 279 281 282 282 282 285 290 293 294 297 298 302 306 308
310 318 327 339 345 350 352 351 348 344 339 332 327 321 314 312 309 306 303 300 295 290 284 282 279 276 273 272 270 267 263 262 261 260 259 258 257 256 255 255 255 256 255 252 252 252 252 252 252 252 255 260 264 268 269 270 271 272 272 270 266 263 259 257 256 255 254 256 258 261 263 265 266 267 269 271 274 277 280 282 283 284 285 285 283 284 288 291 295 298 298 300 303 305
309 317 327 339 346 352 355 353 349 344 339 332 327 323 321 318 315 312 309 305 301 297 294 290 286 282 278 274 272 269 266 263 261 261 260 258 257 257 256 256 256 257 257 254 252 251 251 251 251 251 255 261 264 266 266 267 268 268 267 266 263 260 257 255 253 252 253 256 258 262 265 267 268 268 269 271 276 280 284 287 287 287 288 287 286 285 287 291 296 299 298 298 299 304
308 315 324 336 345 350 353 351 347 341 334 329 327 326 325 323 321 317 314 311 307 303 300 297 293 288 284 280 276 271 268 264 262 262 261 259 258 258 257 257 257 258 257 255 254 252 251 250 249 251 255 259 262 263 263 264 264 264 264 263 260 257 255 253 252 250 253 256 260 264 268 270 273 274 274 274 278 284 288 290 290 290 290 289 287 286 286 289 295 298 296 295 297 304
306 312 320 332 341 347 348 345 341 336 330 328 328 329 328 326 325 322 319 315 312 308 304 301 298 294 288 284 281 278 272 267 264 263 262 261 259 259 258 258 259 259 259 256 255 253 252 250 249 249 253 257 259 260 261 261 261 261 261 260 258 255 252 252 250 250 254 258 262 267 272 276 279 281 281 280 281 287 291 292 292 291 292 293 291 287 286 287 290 293 293 292 296 303
305 309 316 326 335 340 341 339 336 331 328 328 329 331 331 329 329 327 324 320 316 312 307 303 299 295 290 286 285 284 279 272 268 265 264 262 260 260 261 261 262 262 260 257 256 254 252 251 249 248 249 253 255 257 259 258 258 258 258 258 255 253 250 248 249 252 257 262 267 272 277 282 285 287 287 287 286 289 293 294 294 293 295 297 295 289 286 285 286 288 288 288 294 300
305 306 313 320 328 334 335 333 330 327 327 329 332 334 334 333 332 331 327 323 319 314 308 304 300 295 291 287 286 287 284 277 272 268 266 263 262 262 263 265 267 267 264 260 256 255 254 252 250 248 247 250 252 255 256 256 255 256 256 255 252 250 247 247 250 257 262 267 272 278 282 287 292 295 295 292 290 290 293 294 295 295 297 298 296 292 287 284 282 283 284 287 292 298
304 305 309 315 322 326 327 326 326 327 328 331 334 337 338 337 337 335 332 327 320 314 308 303 299 294 290 287 287 288 285 280 274 270 267 265 263 264 267 269 270 270 269 263 260 258 256 254 251 248 247 246 248 250 252 252 251 252 252 251 249 246 245 248 254 261 267 273 277 283 289 294 299 303 303 299 295 292 292 293 295 295 296 296 295 293 289 285 281 279 281 285 290 295
303 303 306 311 315 318 321 323 326 328 330 333 337 340 342 342 342 340 336 329 321 313 305 300 296 292 289 287 287 288 285 280 274 271 268 267 265 267 269 271 272 272 271 270 268 265 261 257 253 250 247 245 245 247 248 248 248 249 249 247 246 244 245 251 258 265 272 278 283 288 293 298 304 310 312 309 304 298 293 291 291 293 294 292 293 293 290 285 281 276 279 282 287 292
302 303 304 306 310 314 320 323 326 328 331 335 339 344 348 348 347 344 339 332 323 315 306 299 294 291 287 286 286 284 282 278 274 272 270 269 267 268 270 272 273 274 275 275 274 271 266 262 256 250 248 245 245 245 246 246 245 246 246 245 244 244 246 252 259 268 275 281 287 292 296 302 309 315 320 318 314 309 300 291 285 285 287 286 288 289 287 284 279 272 276 280 284 287
300 300 302 305 310 314 319 323 326 329 334 339 344 350 353 355 353 348 342 334 325 316 307 299 294 290 287 286 284 282 281 277 274 273 271 270 268 268 271 273 274 277 279 280 279 276 271 266 259 252 248 246 244 244 244 245 244 244 244 244 244 244 247 253 261 270 277 284 291 295 300 307 313 319 325 324 322 317 309 296 287 281 278 277 278 281 281 279 276 270 273 276 277 281
295 299 301 305 311 315 319 323 327 329 335 341 348 354 358 359 356 350 342 335 326 316 307 300 295 290 287 286 283 282 281 278 276 274 272 271 269 269 272 274 276 280 284 285 284 280 275 268 263 257 251 248 245 244 244 244 243 243 244 244 247 249 250 254 262 270 278 286 293 297 304 311 317 323 327 328 325 322 314 302 291 284 277 270 272 277 277 276 271 269 270 271 270 273
295 299 304 308 313 318 322 325 329 333 339 344 350 356 360 361 358 352 342 335 326 316 307 300 295 290 288 286 284 282 282 279 276 275 273 272 271 271 273 275 278 283 287 288 287 283 277 271 266 261 255 250 246 244 244 243 243 243 244 248 251 252 253 255 262 270 278 287 294 300 308 314 320 324 328 328 325 323 316 304 294 287 279 271 268 271 273 273 270 268 268 268 269 269
296 301 305 309 314 320 324 328 333 338 343 350 355 359 361 361 359 352 342 334 325 316 307 299 294 290 288 286 284 283 282 280 278 276 274 273 272 272 274 276 279 284 288 289 288 286 280 274 268 264 259 253 247 244 243 242 242 243 246 251 252 253 252 254 261 269 277 286 294 302 309 315 321 325 326 326 325 323 317 305 294 288 280 271 267 266 268 271 270 268 267 268 268 268
297 302 306 310 315 321 326 331 337 342 347 354 359 363 363 361 358 349 341 333 325 316 306 299 293 290 287 285 284 283 282 281 278 277 275 273 272 272 274 276 280 284 288 289 289 287 282 275 269 265 261 254 248 244 243 241 241 244 248 252 253 253 250 251 259 267 275 284 294 302 308 315 320 323 324 323 323 321 316 306 294 287 278 270 266 263 264 268 268 267 266 266 267 267
296 302 306 311 317 323 329 334 339 344 350 356 360 364 362 358 353 345 338 331 323 314 304 297 292 288 286 283 282 282 282 280 278 275 275 273 273 273 274 276 280 283 286 288 288 287 282 276 270 266 263 258 254 250 244 241 239 243 247 252 252 251 247 247 256 264 272 281 291 299 304 310 316 319 318 318 317 315 312 304 294 286 277 269 264 263 263 266 267 266 266 266 266 267
293 300 306 311 318 324 330 336 342 346 352 358 361 363 359 351 347 341 335 328 320 311 303 296 291 287 285 282 280 280 279 277 275 275 274 273 273 273 273 275 278 280 282 284 283 283 281 276 269 266 264 263 261 256 249 243 239 238 241 248 250 247 243 244 251 260 269 277 287 294 300 305 311 313 313 312 311 309 307 300 292 284 276 268 263 263 263 266 268 266 265 265 265 266
295 298 304 311 319 325 332 339 344 348 353 359 361 360 355 347 342 337 331 325 316 307 300 295 290 286 284 282 279 277 276 275 274 274 274 273 273 273 273 273 274 276 277 278 276 277 277 273 269 267 265 264 263 260 254 246 240 236 235 242 245 242 240 240 247 255 263 271 279 288 294 301 306 309 309 308 306 304 301 295 289 283 275 267 263 263 263 263 265 265 264 264 264 266
299 303 305 310 319 326 333 340 345 349 353 358 360 357 351 345 338 333 327 320 311 305 299 295 290 286 284 281 278 275 275 275 274 274 274 273 273 273 271 270 271 271 273 273 272 271 272 270 268 267 266 265 264 262 257 248 240 235 233 234 239 239 238 238 243 249 257 264 271 279 286 294 300 304 305 304 302 298 295 290 285 280 274 266 263 263 262 262 263 263 263 264 265 266
305 308 310 313 319 325 334 341 346 349 352 356 356 353 348 342 336 329 322 315 309 305 300 296 291 286 284 280 276 275 275 275 275 275 274 274 273 273 271 270 270 269 269 269 269 267 268 268 268 266 266 265 264 263 258 249 241 235 233 230 233 234 233 233 238 244 250 257 264 270 276 283 291 296 298 298 296 292 288 284 279 274 270 266 263 263 262 262 262 262 263 264 265 267
310 313 316 320 322 325 334 342 347 349 351 353 353 350 344 338 333 326 321 316 310 305 300 295 290 286 283 278 276 277 276 275 275 275 275 274 274 274 273 272 270 269 268 265 265 265 264 266 266 266 265 265 264 263 259 250 241 235 233 229 228 229 228 228 234 238 241 248 258 264 268 274 280 285 289 290 289 287 283 278 273 268 265 264 263 263 262 262 262 262 263 264 265 268
314 317 321 325 329 332 336 343 347 349 351 352 351 347 343 337 333 328 322 317 310 304 299 293 289 286 282 279 281 282 281 280 278 277 277 276 276 276 276 276 274 270 267 265 264 264 263 264 264 265 264 264 263 261 257 249 241 236 233 230 227 226 226 226 229 232 235 242 251 257 262 266 270 274 278 281 284 284 282 277 272 267 263 262 262 262 262 261 261 262 263 264 265 269
315 319 323 327 332 335 337 343 347 348 350 351 350 347 342 338 333 329 322 317 309 303 298 292 289 285 281 280 282 283 283 282 280 279 278 278 277 277 277 277 275 271 267 265 264 263 263 263 264 264 264 264 262 260 257 249 241 236 233 230 227 226 226 226 228 231 233 241 248 255 260 265 268 271 274 278 283 283 281 276 271 267 263 261 261 263 263 261 261 262 264 265 266 270
318 323 328 333 338 340 342 344 346 347 348 349 348 348 345 339 335 328 321 314 306 301 295 290 287 284 284 285 286 287 288 287 287 286 284 284 283 283 282 281 279 275 271 269 267 265 264 263 262 262 262 261 259 257 253 246 240 236 233 232 229 226 224 224 224 224 228 235 240 246 251 257 261 262 264 271 278 279 277 272 268 264 261 259 259 261 260 261 263 266 269 272 275 277
320 326 332 336 341 341 342 344 345 347 348 348 348 348 345 339 334 327 319 312 304 298 293 289 287 288 290 289 290 291 293 293 293 292 291 289 288 288 287 286 283 279 275 272 269 267 265 263 262 259 259 258 256 254 250 243 239 235 233 232 229 227 224 223 223 222 225 230 235 239 243 249 254 255 261 267 271 273 271 268 266 263 260 258 258 258 259 262 266 271 275 279 282 285
321 326 332 336 340 340 341 342 344 346 346 346 346 346 344 337 331 324 316 308 301 295 292 290 291 293 295 296 296 296 296 297 297 296 296 295 294 294 292 291 287 284 280 277 273 269 266 264 263 260 259 258 255 251 247 242 237 234 233 230 228 226 224 222 222 222 222 227 231 234 237 242 245 252 258 263 266 267 267 265 263 261 258 256 257 258 260 264 270 276 281 286 289 291
