geo_cache/2-4/elevation.txt
ncols         934
nrows         918
xllcorner     -72.41111111111111
yllcorner     42.752
cellsize      1.0E-5
NODATA_value  -9999
[rows 672 to 713 of 918, columns 282 to 375 of 934]
167 165 163 161 159 157 157 157 158 160 161 164 167 171 174 180 185 192 199 206 211 216 218 220 222 226 229 232 233 234 234 234 233 232 230 229 228 230 233 235 238 239 240 240 239 238 236 240 246 252 258 262 266 268 268 268 275 281 291 285 272 256 242 229 213 205 196 188 181 175 169 166 165 163 162 161 157 154 154 155 157 159 161 163 165 168 175 181 181 181 181 180 179 176
168 164 160 160 158 157 157 157 159 160 161 163 167 172 174 179 184 190 197 204 210 214 217 218 219 221 223 224 226 226 226 225 225 226 227 227 230 233 236 239 242 243 244 244 244 242 239 242 249 255 261 267 272 275 277 275 277 285 296 292 277 261 246 232 217 205 196 188 180 174 168 166 165 162 161 159 156 154 154 157 158 160 161 164 166 168 177 181 182 182 181 180 179 176
169 165 161 160 158 157 157 158 159 159 160 162 165 169 173 177 182 187 194 201 207 212 215 216 217 218 220 220 221 221 221 221 223 226 229 230 234 237 240 243 245 247 248 248 248 246 243 244 250 257 263 269 275 280 282 282 281 288 298 294 279 263 248 233 220 204 195 186 179 173 168 166 165 162 161 158 155 155 155 158 159 161 162 164 166 168 177 180 181 181 180 180 179 176
170 167 164 161 159 158 158 158 159 159 160 161 164 169 174 177 181 187 193 200 205 210 214 215 216 217 219 220 220 220 222 224 226 229 232 234 237 240 243 246 248 250 251 251 251 250 246 247 251 257 264 269 276 282 285 286 287 290 298 294 279 262 247 233 220 207 198 190 182 175 171 167 165 163 162 159 155 155 156 159 160 161 162 164 165 167 174 178 179 179 179 178 178 176
172 169 166 162 159 158 158 159 160 160 161 163 167 172 178 180 183 190 196 201 205 210 214 216 217 218 220 221 221 223 226 228 230 232 235 237 241 243 246 248 251 253 254 255 255 254 251 250 253 257 263 269 277 283 287 290 292 293 296 293 278 261 246 235 226 216 206 198 188 179 173 168 166 164 162 161 155 155 156 159 161 162 162 164 165 166 170 174 176 177 178 178 178 176
174 170 166 162 159 159 159 159 161 161 162 165 169 175 180 184 184 191 198 203 207 212 215 217 218 220 221 222 224 226 228 230 232 234 237 240 243 246 248 251 253 256 257 259 259 258 256 255 257 258 263 269 277 283 288 292 294 295 295 292 276 262 254 245 236 225 214 204 194 182 175 169 166 164 163 161 156 155 155 158 161 162 162 164 165 165 167 170 172 175 176 176 177 176
174 170 166 161 159 159 159 160 161 162 164 166 171 177 183 187 187 192 199 204 209 213 216 218 220 222 223 224 226 228 230 232 234 236 239 242 245 248 251 254 256 258 260 262 262 263 262 260 260 261 263 268 276 283 288 292 295 296 296 291 276 271 266 257 246 233 221 210 198 186 176 170 167 164 163 162 156 155 155 156 160 161 162 163 164 165 165 167 169 172 174 175 176 176
173 169 165 161 160 160 160 160 162 163 164 167 172 179 185 188 191 194 199 204 209 214 217 218 220 222 224 224 226 227 230 232 235 238 240 244 247 250 253 256 259 261 263 265 266 267 267 265 264 265 267 268 274 281 287 292 295 296 296 291 283 282 278 269 256 242 227 214 202 188 177 170 166 164 162 162 157 155 155 155 158 161 162 163 164 164 164 166 167 169 172 174 175 176
173 170 167 162 160 160 160 161 163 163 165 168 174 181 186 190 195 198 200 204 209 213 216 218 220 222 223 224 226 227 229 232 234 237 240 243 248 251 255 258 261 264 266 269 271 272 272 270 267 269 273 272 273 278 285 290 295 297 296 294 294 293 288 280 267 251 234 219 205 190 177 170 166 163 162 161 159 156 156 155 157 161 162 163 164 164 164 166 167 168 172 174 174 175
176 173 169 165 161 160 160 161 163 164 165 169 175 182 187 192 199 203 204 205 208 212 216 217 220 221 222 223 226 228 229 232 235 238 239 242 248 253 258 261 264 267 271 273 275 277 277 275 271 273 277 278 276 278 285 291 295 298 300 301 303 302 297 289 276 259 241 223 207 191 177 169 166 163 161 160 159 156 156 156 157 160 161 162 163 163 164 166 166 167 171 174 174 175
180 176 172 167 163 161 161 162 164 165 165 169 177 183 189 195 201 206 209 209 209 212 215 217 219 221 223 227 231 233 235 237 241 242 243 244 248 255 260 264 268 272 276 278 280 281 281 280 276 276 280 283 282 282 285 292 297 301 305 308 311 310 304 297 282 265 246 226 208 189 175 168 166 162 160 160 159 157 156 156 156 159 161 162 163 163 164 165 166 167 170 173 174 175
183 178 174 169 165 161 161 163 164 166 166 169 177 184 191 198 204 209 212 213 214 215 216 218 220 223 229 234 239 242 244 246 248 250 252 252 251 258 264 268 274 278 281 284 285 286 286 285 281 280 284 287 288 288 287 292 298 305 310 315 317 317 311 301 286 266 247 228 208 189 176 170 166 163 161 160 159 157 156 156 156 159 160 162 162 163 164 165 166 166 169 173 174 175
183 179 174 171 165 162 162 164 165 167 169 174 178 185 194 202 207 211 215 217 218 220 222 224 225 228 235 242 248 251 253 256 257 259 260 260 259 262 269 274 280 284 287 289 290 290 290 290 286 284 288 291 292 293 293 294 299 308 314 320 323 322 315 302 288 268 250 232 212 194 179 172 167 164 162 161 160 157 157 156 156 158 159 162 162 162 163 165 166 166 169 172 173 174
180 177 172 169 165 162 163 165 167 170 174 180 184 188 196 205 210 214 217 219 222 224 228 231 233 236 241 249 256 260 262 264 265 267 267 268 268 267 274 280 286 290 292 294 294 294 295 294 291 288 290 294 296 297 298 299 300 309 318 324 327 324 317 303 290 272 253 234 214 196 180 173 167 164 162 161 160 158 157 156 156 157 159 162 162 163 163 165 166 166 168 170 172 173
175 173 169 166 163 163 164 166 170 175 179 185 190 196 201 208 213 217 220 222 225 229 233 237 240 244 250 256 264 268 270 272 273 274 275 276 277 276 279 285 291 295 297 298 299 299 299 298 296 293 292 295 299 301 303 305 306 312 320 326 329 323 315 303 289 271 252 232 212 194 179 172 167 164 163 161 160 159 157 156 156 157 157 162 163 163 164 165 166 166 167 169 171 172
171 169 166 165 164 165 166 168 174 179 183 189 196 202 206 210 215 219 222 225 228 233 237 242 247 253 260 264 270 275 278 281 282 284 286 287 287 287 286 289 296 300 302 302 303 303 303 302 301 298 295 298 302 305 307 310 312 316 322 326 325 318 309 298 284 267 248 227 208 189 177 172 167 165 164 162 161 159 158 157 157 157 158 162 163 163 164 165 166 166 167 167 169 172
167 166 165 166 167 168 169 171 177 182 186 193 200 206 210 213 218 222 225 229 233 238 242 248 255 262 268 273 276 282 286 291 293 296 298 298 298 297 296 295 301 305 307 307 308 308 307 307 306 303 300 301 306 309 312 315 318 321 324 323 317 309 300 287 275 259 242 220 201 187 179 175 170 167 165 163 162 160 159 158 157 157 158 162 163 163 164 165 166 166 167 167 168 170
168 167 166 167 169 171 173 175 180 184 188 195 202 208 213 216 221 225 229 233 238 242 248 255 261 268 274 280 283 288 295 300 303 306 308 308 307 306 303 302 304 309 311 312 313 313 312 312 310 308 305 304 309 313 316 320 322 324 324 320 312 302 290 277 263 249 233 213 200 190 184 178 173 169 166 164 163 161 160 159 157 157 158 162 163 163 164 165 166 166 167 167 167 171
171 169 168 169 172 174 176 180 184 187 191 196 204 209 214 219 224 228 232 236 241 247 254 261 266 273 280 286 290 294 301 307 312 316 318 317 315 313 311 307 308 313 315 316 317 317 317 316 315 314 312 308 313 317 321 323 324 325 323 318 309 300 287 273 256 241 227 214 204 196 187 180 175 172 168 166 164 162 161 159 158 158 158 161 163 163 164 166 166 166 167 168 169 171
174 173 171 171 174 176 179 183 188 192 195 200 207 212 217 222 226 230 234 239 245 253 259 265 271 279 286 291 297 300 306 314 321 326 326 325 322 319 317 312 312 318 321 322 322 322 321 321 320 320 319 315 317 322 324 325 325 324 320 314 305 297 285 273 257 240 229 218 208 200 191 183 177 175 170 167 165 163 162 160 159 158 158 161 163 163 165 166 167 167 168 168 170 171
177 177 176 174 175 177 181 185 191 195 199 205 210 215 220 224 227 232 237 242 249 257 262 268 275 284 291 297 305 309 313 319 326 331 331 330 327 324 322 317 317 324 327 328 329 328 327 326 325 325 325 322 321 325 326 326 325 322 316 309 301 293 283 271 257 242 231 221 211 203 194 186 179 176 173 169 166 164 163 161 160 158 158 161 163 164 165 167 167 167 168 169 170 171
181 180 180 179 179 178 182 187 193 198 202 208 213 218 222 225 228 234 239 244 252 259 265 271 280 288 296 304 312 318 321 323 328 332 333 333 332 329 326 322 323 329 333 334 335 334 333 332 331 331 330 329 327 328 328 326 323 318 312 305 297 290 279 268 256 243 231 223 214 205 196 188 180 178 176 171 167 165 164 162 160 158 158 162 163 164 166 167 168 168 169 170 170 171
186 186 186 186 185 182 183 188 195 200 205 211 215 220 223 226 230 235 241 247 255 261 267 274 284 292 301 311 320 326 329 328 330 332 334 335 336 334 330 326 328 333 336 338 339 339 339 338 337 337 336 335 333 331 328 324 320 314 307 300 294 286 275 265 254 243 231 223 215 206 198 189 182 179 178 174 169 166 164 163 161 158 158 160 163 164 166 168 168 169 169 170 170 171
194 194 193 193 190 188 187 190 198 202 207 212 216 221 224 227 231 237 242 248 256 262 269 277 287 295 306 317 326 332 334 333 332 333 334 336 336 336 335 332 333 337 340 343 345 345 345 345 344 343 342 340 337 332 326 320 315 310 303 296 290 282 272 262 252 241 231 223 214 206 198 190 184 180 178 175 171 166 165 163 162 159 159 159 162 164 166 168 169 169 170 171 171 171
201 201 200 200 196 195 195 194 199 204 209 214 218 222 225 228 232 237 243 249 256 263 270 279 288 297 309 322 331 336 336 335 334 333 334 336 337 338 338 336 337 341 345 348 350 351 351 351 350 349 347 344 338 331 322 315 310 305 299 292 286 278 269 260 249 239 230 221 212 204 197 191 185 180 177 175 172 166 165 164 162 159 159 159 162 164 166 168 169 169 170 171 171 172
207 207 206 205 201 202 203 203 203 204 209 215 219 222 225 229 233 237 243 248 256 264 271 279 289 298 310 324 334 337 337 336 334 334 334 336 338 338 339 339 341 346 350 353 355 356 357 357 356 354 352 347 337 329 320 311 304 299 294 288 282 273 266 258 249 240 230 222 213 206 197 192 185 180 178 175 172 168 166 165 162 159 159 161 163 165 166 168 169 169 171 172 172 173
212 213 212 209 207 209 211 211 209 208 210 216 220 223 226 229 233 237 241 247 254 263 270 280 289 297 309 324 335 337 337 336 335 334 334 336 338 339 340 342 346 350 355 358 360 361 363 363 362 360 357 350 338 329 321 312 303 296 288 282 276 268 262 255 249 242 233 225 216 209 201 194 187 182 179 176 173 168 166 164 162 159 159 162 164 165 167 168 169 171 171 172 173 174
216 217 216 212 213 215 216 216 216 215 214 217 221 223 226 228 231 235 239 245 252 262 270 280 288 295 307 323 333 337 337 336 335 334 334 336 338 340 342 346 351 355 359 362 365 367 369 370 369 366 362 353 340 330 322 315 305 296 287 278 271 264 257 250 247 243 235 227 218 210 203 196 190 185 179 177 174 168 165 163 160 160 160 163 165 165 167 170 171 172 172 173 173 174
219 219 218 216 218 220 221 221 222 222 222 222 223 224 227 229 232 234 238 244 251 261 270 280 287 294 305 320 331 336 336 335 334 333 333 336 338 341 345 349 355 360 364 367 370 373 375 375 375 371 366 357 344 332 324 316 307 297 289 279 272 265 256 247 243 241 235 227 219 211 203 197 191 185 179 175 172 168 164 161 160 160 162 163 165 166 168 171 173 173 173 173 173 175
221 222 221 221 224 226 226 228 229 229 230 230 229 228 232 235 237 238 239 242 249 259 269 279 287 294 303 318 327 333 334 334 333 332 333 336 339 343 347 352 358 364 368 371 375 378 380 381 380 377 371 360 347 334 326 317 307 297 290 281 274 267 259 249 242 237 233 226 219 211 203 197 192 185 179 176 173 169 164 160 160 161 162 164 166 166 169 172 174 174 174 174 174 175
223 224 225 227 230 233 234 236 237 238 239 239 238 235 240 243 245 246 246 246 249 257 267 277 286 293 302 315 324 329 332 332 331 330 332 336 340 345 350 355 361 367 371 376 380 383 385 386 385 383 377 364 350 337 327 318 307 297 290 281 274 268 260 252 243 236 230 223 217 209 202 195 190 184 181 178 175 171 165 160 160 162 162 164 166 166 169 173 174 174 175 176 176 176
224 226 228 232 237 240 243 245 247 249 250 250 249 245 249 254 256 257 258 257 257 259 264 275 284 292 300 313 320 326 329 329 329 329 332 337 341 346 351 358 364 369 374 379 383 386 389 390 389 388 382 369 353 340 329 318 306 296 288 281 274 268 260 252 246 238 231 223 217 209 203 197 192 187 185 182 178 173 168 161 161 161 162 164 166 166 169 173 174 174 176 177 177 177
226 228 232 237 242 247 251 255 258 260 261 262 261 257 259 265 266 267 268 268 268 266 267 272 282 290 298 309 316 322 325 325 325 330 334 338 342 346 352 360 366 370 375 380 386 389 391 392 392 391 387 373 356 342 331 317 303 294 284 277 271 266 259 252 247 240 233 226 219 212 207 201 197 192 189 185 180 176 171 163 161 161 162 164 166 167 170 173 174 174 176 177 178 178
228 232 237 242 247 254 259 264 268 270 271 273 272 269 270 274 275 276 276 277 276 275 275 276 280 287 295 304 312 316 319 319 324 331 335 339 343 346 352 361 366 371 376 381 386 389 392 393 394 394 390 376 357 342 331 317 304 295 285 276 269 264 257 252 247 241 235 229 223 217 211 205 200 196 192 187 183 179 174 167 162 161 161 163 165 167 170 173 174 174 176 178 178 179
230 235 240 246 252 260 265 271 275 277 280 282 282 279 279 283 284 285 285 285 285 283 283 285 285 286 293 300 307 311 313 317 325 330 335 339 342 346 351 359 366 371 376 380 385 389 391 393 395 395 392 376 355 343 333 321 308 298 290 280 272 264 259 256 251 245 239 234 228 221 214 208 202 197 193 189 185 180 175 169 162 161 161 163 165 167 170 173 174 174 176 177 178 179
232 237 243 250 257 265 271 276 281 285 287 290 291 288 287 291 292 292 292 293 292 290 289 291 292 290 293 296 302 306 312 319 326 331 336 340 343 347 352 357 364 370 374 378 383 388 391 393 394 394 392 378 359 348 338 325 312 301 293 283 275 268 265 263 258 251 244 237 231 224 216 209 203 198 194 190 187 182 177 170 162 161 161 163 165 167 170 172 174 174 176 177 178 179
233 240 246 254 262 270 276 282 287 291 293 296 297 295 295 298 298 299 299 298 298 296 295 296 297 297 295 295 298 306 315 323 329 334 338 342 345 350 355 359 365 369 373 377 381 386 390 392 393 393 391 383 367 353 341 327 315 304 294 286 277 272 271 268 264 256 247 240 233 225 218 210 204 198 194 190 188 184 178 172 163 161 161 163 165 166 169 171 173 174 175 176 177 178
235 243 250 259 267 274 280 287 292 295 298 300 301 300 301 303 303 304 304 303 303 301 299 301 302 303 301 300 299 307 319 327 332 337 341 345 349 354 359 364 368 372 374 378 382 388 390 391 392 392 390 387 371 356 342 329 317 306 295 286 279 278 276 272 267 260 250 242 235 226 218 210 205 198 193 188 186 183 178 172 165 162 162 163 165 166 168 171 172 173 174 174 176 178
238 245 254 264 271 277 285 290 295 299 301 304 304 304 304 306 307 307 307 307 307 305 303 306 309 310 312 311 310 313 322 330 335 340 344 349 353 358 364 368 373 376 377 380 384 388 391 391 392 391 390 388 374 359 344 330 318 307 296 287 283 283 280 276 270 262 250 242 235 225 218 211 206 200 194 188 185 181 178 171 165 163 162 163 165 166 168 170 171 172 173 174 176 177
244 247 259 268 274 280 288 293 298 301 304 307 307 307 307 309 309 310 310 311 311 311 310 313 316 318 321 322 323 324 326 332 338 342 347 352 357 363 368 373 377 380 381 383 385 388 391 392 393 392 391 389 377 361 345 331 319 307 296 289 287 286 282 278 272 264 252 242 235 226 220 215 209 203 197 191 186 181 177 171 165 164 163 163 165 166 167 169 170 171 173 174 175 177
254 250 262 270 276 283 290 295 301 304 306 309 309 309 310 311 312 313 314 314 315 317 317 320 323 325 328 330 331 332 333 335 339 345 350 356 361 367 372 377 380 383 386 387 388 390 392 393 393 392 391 389 377 362 346 332 319 306 296 292 290 287 283 279 274 266 255 245 237 229 223 218 211 205 200 193 188 183 178 173 167 164 164 164 165 166 167 168 169 171 174 175 175 177
265 258 263 271 278 285 291 298 303 306 308 311 312 312 312 314 315 316 317 318 321 323 324 325 328 331 334 336 338 339 340 340 341 347 353 360 366 371 376 380 383 387 390 392 393 393 394 394 394 393 391 389 378 362 347 332 319 306 299 296 292 288 284 279 275 267 259 249 240 232 225 220 214 207 202 196 190 186 180 174 168 165 165 165 165 165 166 167 169 171 173 174 175 177
