geo_cache/2-4/elevation.txt
ncols         934
nrows         918
xllcorner     -72.41111111111111
yllcorner     42.752
cellsize      1.0E-5
NODATA_value  -9999
[rows 756 to 797 of 918, columns 752 to 845 of 934]
360 361 362 362 361 359 357 355 352 348 345 341 337 335 334 333 332 331 333 335 336 336 337 339 340 341 342 343 342 341 339 337 334 330 331 331 332 332 332 333 334 333 333 332 331 330 330 329 329 329 329 329 329 329 328 328 328 328 327 327 327 326 326 326 327 328 328 329 330 331 332 334 337 341 343 347 349 351 356 360 363 366 371 372 372 374 375 375 376 378 381 383 385 386
363 363 364 364 363 361 360 357 353 349 345 341 339 337 336 334 333 331 331 332 334 334 335 336 338 339 340 340 340 339 337 335 331 329 330 330 331 331 332 332 334 333 333 333 331 330 330 329 329 329 329 329 329 329 328 328 328 328 327 326 326 326 326 326 327 328 328 329 330 331 332 334 337 341 343 347 349 351 356 360 363 366 371 372 372 374 374 374 375 377 379 382 384 385
366 366 366 366 364 362 361 359 354 350 346 344 342 340 338 336 335 333 330 329 330 332 334 335 335 336 337 338 338 336 334 332 330 329 329 330 330 331 332 333 334 333 333 333 331 331 331 330 330 329 329 329 329 329 329 329 329 329 328 326 326 326 326 327 328 329 329 330 331 333 334 334 336 341 343 347 349 351 356 360 362 366 370 371 372 373 373 374 374 375 377 380 383 384
367 367 367 366 365 363 361 359 354 351 348 347 345 342 340 338 335 333 331 329 329 331 333 334 334 334 334 335 335 334 332 330 329 329 329 329 329 332 334 334 334 334 334 333 332 332 332 331 331 330 330 330 330 330 330 330 330 330 328 327 326 326 327 327 328 329 329 330 332 334 335 335 336 340 343 347 349 351 355 359 362 365 368 371 372 372 373 373 373 372 374 377 381 383
367 367 367 366 366 364 361 359 356 354 352 349 346 344 341 339 336 334 331 329 328 329 332 333 333 333 332 332 332 331 330 329 329 329 329 329 329 333 335 335 334 334 334 333 332 334 334 333 332 331 331 331 331 331 331 330 330 330 328 327 326 326 327 328 329 329 330 331 333 335 335 336 336 339 343 347 349 351 354 358 361 363 366 369 370 370 371 372 371 368 369 374 378 380
367 367 367 367 366 365 363 361 359 356 354 351 348 345 341 340 336 334 331 329 328 328 330 331 332 331 331 330 329 329 329 329 329 329 329 329 329 333 335 335 335 334 334 333 333 335 335 334 333 333 332 331 331 331 331 330 330 330 328 326 326 327 329 330 330 330 331 332 334 335 335 336 336 339 343 347 348 350 353 356 359 361 363 365 367 367 368 369 369 366 366 370 374 377
367 367 368 367 367 366 365 363 360 357 354 352 349 345 341 339 335 333 330 329 327 327 329 330 330 330 329 329 329 329 328 328 328 329 329 329 330 334 336 336 335 334 334 334 334 335 335 334 334 334 333 332 332 332 331 330 330 330 327 326 326 328 330 330 332 332 333 333 334 335 335 336 336 337 342 346 348 350 352 354 357 359 360 362 363 362 363 365 366 364 362 365 370 374
367 367 368 367 367 366 365 363 361 358 355 353 349 346 342 339 335 332 330 328 326 326 327 328 328 328 327 327 328 328 328 328 328 328 329 329 330 334 335 335 335 334 334 334 335 336 336 335 334 334 333 332 331 331 331 330 330 330 327 326 326 328 331 332 333 334 335 334 334 334 335 335 335 336 340 344 347 349 351 352 354 355 356 358 360 359 360 362 363 362 360 360 365 371
367 367 367 367 367 366 365 363 361 358 355 353 350 346 343 340 336 332 330 328 326 326 326 326 326 326 326 326 327 328 328 328 328 328 329 329 330 333 335 335 335 335 335 335 335 336 336 335 334 334 333 331 331 331 331 330 330 329 327 326 326 328 333 334 334 335 335 335 334 334 334 335 335 335 337 342 345 347 349 350 350 350 352 354 356 355 356 359 360 361 359 356 361 367
366 367 367 366 366 365 365 363 361 358 355 353 350 346 343 340 336 332 330 328 326 326 326 326 326 326 326 326 327 327 328 328 328 328 329 329 331 333 334 334 335 335 335 335 335 336 336 334 334 333 333 331 331 330 330 330 329 329 327 326 326 329 334 335 334 335 335 336 334 333 333 334 335 335 335 339 343 345 346 346 344 343 346 350 354 353 353 356 358 358 357 353 357 363
366 366 367 366 366 364 363 362 360 357 355 353 350 346 343 340 336 332 330 328 326 326 326 326 326 326 326 326 326 326 326 327 326 327 329 330 331 333 334 334 335 335 335 334 335 335 335 334 333 333 332 331 331 330 329 328 326 327 326 326 326 330 335 335 335 335 335 336 334 333 333 334 334 334 334 336 340 342 342 340 338 337 341 347 351 350 350 353 355 355 354 350 354 359
364 365 366 366 366 364 360 359 359 357 355 353 350 345 343 340 336 332 330 328 327 328 328 328 326 326 326 326 326 326 326 326 326 327 330 331 332 333 334 334 334 334 333 333 333 334 334 334 333 333 332 331 331 330 328 327 326 326 326 326 326 331 336 336 335 334 335 335 334 332 332 333 333 333 334 335 337 338 338 336 334 335 339 344 347 348 347 350 352 353 353 347 350 355
363 364 365 366 365 363 359 358 358 356 354 353 350 346 343 340 336 332 330 329 328 329 329 328 328 327 327 327 326 326 326 326 326 327 330 331 332 333 333 332 332 332 332 332 332 333 333 333 332 332 332 331 331 330 328 326 326 326 326 326 326 330 334 336 335 333 333 333 333 332 332 332 333 333 333 334 335 335 334 334 334 334 339 343 346 347 347 347 349 350 350 347 347 351
362 363 364 364 364 363 360 358 357 355 354 353 349 346 343 340 337 334 330 329 329 329 330 329 329 329 329 329 327 326 326 326 326 327 330 331 331 331 331 330 331 331 331 331 331 332 332 332 332 331 331 330 330 329 328 326 326 326 326 326 326 327 331 334 334 331 330 330 331 331 331 331 332 332 333 334 334 334 334 334 334 334 338 344 347 347 347 347 347 346 346 346 346 347
360 361 362 363 363 362 360 358 357 355 353 350 347 345 343 341 338 335 331 329 330 330 330 330 330 330 330 329 328 326 326 326 326 328 330 330 331 330 330 330 330 330 330 330 330 331 331 331 331 331 330 329 329 328 326 326 326 326 326 326 326 326 327 330 331 329 329 329 331 331 331 331 331 331 332 334 334 334 334 334 334 334 337 344 347 347 347 347 346 346 346 346 346 346
359 360 361 361 361 360 360 358 357 354 353 350 347 345 342 341 338 335 331 330 329 329 330 330 330 330 330 329 329 327 326 326 326 328 330 330 331 330 330 330 330 330 330 330 330 330 331 331 330 330 329 329 327 326 326 326 328 326 326 326 326 326 326 326 328 327 328 329 330 330 330 330 330 331 332 334 334 335 335 335 335 335 336 343 347 349 347 347 346 346 346 346 346 346
357 359 360 360 360 360 359 358 357 354 353 351 348 346 342 340 337 334 332 330 329 329 329 331 331 331 331 329 329 328 326 326 326 328 330 330 331 330 330 330 330 329 329 329 329 330 330 330 330 330 329 327 326 326 326 326 328 326 326 326 326 326 326 326 326 326 326 328 329 329 329 330 330 331 332 334 334 335 336 335 335 335 335 342 348 351 348 347 346 346 346 346 346 346
354 356 358 359 359 359 358 357 357 354 352 351 349 346 343 340 336 334 332 329 328 327 326 329 331 331 331 329 329 328 326 326 328 329 331 331 331 330 330 330 329 329 329 329 329 329 329 330 329 329 328 326 326 326 326 326 326 326 326 326 326 326 326 326 326 326 326 327 329 329 329 330 330 331 332 334 334 335 336 336 336 336 335 341 349 352 349 347 346 346 346 346 346 346
352 354 355 357 358 358 358 357 356 354 352 351 349 346 344 341 337 335 332 329 327 326 326 326 328 329 329 329 329 327 326 327 328 330 330 330 330 330 330 330 329 329 329 329 329 329 329 329 329 329 326 326 326 326 326 326 326 326 326 326 326 326 326 326 326 326 327 327 329 329 329 330 330 331 332 334 334 335 336 336 338 339 337 341 348 352 350 348 347 346 346 346 346 347
352 353 354 356 357 357 357 356 355 354 352 351 349 346 344 342 338 335 332 329 327 326 326 326 326 326 326 327 328 326 326 328 328 330 330 330 330 330 330 330 329 329 329 329 328 328 328 328 327 327 326 326 326 326 326 326 326 326 326 326 326 326 326 326 326 326 327 328 329 330 330 331 331 332 333 334 334 335 336 336 338 341 340 340 346 350 350 348 347 346 346 346 346 349
350 352 354 355 356 356 356 355 355 354 352 351 349 346 343 342 338 334 333 330 327 326 326 326 326 326 326 326 326 326 327 328 328 329 330 330 330 330 329 329 329 329 329 329 328 327 327 326 326 326 326 326 326 326 326 326 326 326 326 326 326 326 326 326 326 328 328 328 330 330 331 332 332 333 333 335 335 336 336 336 338 341 341 341 345 348 349 348 347 346 346 346 347 351
350 351 353 355 355 356 355 354 354 353 352 350 349 346 343 342 338 334 333 330 326 326 326 326 326 326 326 326 326 326 327 326 327 329 330 330 330 330 329 329 329 329 329 328 328 327 326 326 326 326 326 326 326 326 326 326 326 326 326 326 326 326 326 326 326 329 329 329 330 331 333 333 333 334 334 335 335 336 338 338 338 340 341 341 344 347 348 348 347 346 346 347 349 353
350 350 352 354 355 355 354 354 353 352 351 350 348 346 343 342 338 334 332 330 326 326 326 326 326 326 326 326 326 326 326 326 326 327 329 329 329 329 329 329 329 329 329 328 328 327 326 326 326 326 326 326 326 326 326 326 326 326 326 326 326 326 326 326 327 329 330 330 330 332 335 335 334 335 336 335 335 336 339 341 341 340 341 341 343 347 348 348 347 346 347 349 351 354
350 350 350 352 354 354 354 353 353 352 351 350 348 345 343 341 338 334 332 330 326 326 326 326 326 326 326 326 326 326 326 326 326 327 328 328 328 329 329 329 329 329 329 328 328 327 326 326 326 326 326 326 326 326 326 326 326 326 326 326 326 326 326 326 327 330 331 331 331 333 335 336 335 335 338 337 336 336 340 342 342 342 341 341 342 346 348 348 347 348 351 352 352 354
351 350 350 351 353 354 354 353 353 353 353 351 348 345 342 340 337 334 332 329 326 326 326 326 326 326 326 326 326 326 326 326 326 326 328 328 328 329 329 329 329 329 329 328 328 327 327 327 326 326 326 326 326 326 326 326 326 326 326 326 326 326 326 326 327 330 333 333 332 334 335 337 336 338 340 340 338 339 340 342 344 345 343 341 342 346 348 348 348 351 354 355 353 354
352 351 350 350 352 353 353 353 353 354 353 352 348 344 342 340 336 333 332 329 326 326 326 326 326 326 326 326 326 326 326 326 326 326 328 328 329 329 329 329 329 329 329 329 328 328 328 328 326 326 326 326 326 326 326 326 326 326 326 326 326 326 326 326 327 331 333 334 333 334 335 338 338 340 341 342 340 341 342 343 345 347 345 343 343 345 348 348 350 353 354 355 355 355
353 353 350 350 350 352 352 352 352 354 353 353 348 344 342 339 336 333 331 329 326 326 326 326 326 326 326 326 326 326 326 326 326 327 329 329 329 330 330 330 329 329 329 329 328 328 328 328 326 326 326 326 326 326 326 326 326 326 326 326 326 326 326 326 328 331 333 334 334 335 335 338 340 340 342 343 343 342 344 345 346 347 347 346 345 345 347 348 350 351 353 354 355 355
354 354 351 349 349 350 352 352 352 354 353 352 347 343 341 339 336 333 331 329 326 326 326 326 326 326 326 326 326 326 326 326 326 330 331 330 330 330 330 330 329 329 329 329 328 328 328 328 326 326 326 326 326 326 326 326 326 326 326 326 326 326 326 326 329 331 333 334 334 335 335 338 341 341 343 345 346 345 346 346 347 347 348 347 347 346 347 347 348 348 350 353 354 354
354 353 351 349 349 349 352 352 352 354 354 351 346 343 340 338 335 333 331 329 326 326 326 326 326 326 326 326 326 327 326 326 326 331 331 331 330 330 330 330 329 329 329 329 328 328 328 326 326 326 326 326 326 326 326 326 326 326 326 326 326 326 326 328 330 332 334 335 335 335 335 338 341 342 344 346 347 348 347 347 347 348 348 348 348 347 347 347 347 348 349 352 352 353
353 353 351 349 349 349 352 352 352 354 354 351 346 342 339 338 334 332 331 329 326 326 326 326 326 326 326 326 326 327 326 326 326 328 330 331 329 329 330 330 329 329 329 329 328 327 327 326 326 326 326 326 326 326 326 326 326 326 326 326 326 326 326 328 330 332 334 335 335 335 335 338 341 342 344 346 347 348 348 348 348 348 348 348 348 346 346 346 347 348 349 351 352 352
352 352 350 349 349 349 352 352 353 354 355 352 347 343 340 338 336 333 331 329 326 326 326 326 326 326 326 326 326 327 326 326 326 326 327 328 326 326 329 329 329 329 329 329 327 327 326 326 326 326 326 326 326 326 326 326 326 326 327 327 326 326 328 329 331 333 334 335 336 335 335 337 340 342 344 347 347 348 348 348 348 348 348 348 347 346 346 346 346 348 349 350 351 350
352 352 350 349 349 350 353 353 354 355 355 352 347 343 340 339 336 334 331 329 326 326 326 326 326 326 326 326 326 326 326 326 326 326 326 326 326 326 326 329 330 329 329 329 327 326 326 326 326 326 326 326 326 326 326 326 326 326 328 328 328 328 329 330 332 334 335 336 337 337 336 336 340 342 344 347 347 347 348 347 347 346 346 346 346 346 345 344 345 348 349 350 350 349
352 352 349 349 349 350 354 354 354 355 354 349 346 343 340 339 336 334 332 329 326 326 326 326 326 326 326 326 326 326 326 326 326 326 326 326 326 326 326 327 329 330 330 329 326 326 326 327 326 326 327 326 326 326 326 326 326 326 329 331 331 331 330 331 333 335 336 336 338 338 338 338 340 341 343 345 346 346 347 346 346 346 346 346 347 347 344 342 342 347 348 349 349 348
353 352 350 349 349 350 353 354 354 354 352 347 345 342 340 339 336 334 332 329 327 326 326 326 326 326 326 326 326 326 326 326 326 326 326 326 326 326 326 326 326 327 327 328 326 326 327 328 328 328 329 328 328 328 328 327 326 326 329 333 335 334 333 334 334 336 336 337 338 339 340 340 340 340 342 345 345 345 345 344 344 344 344 345 347 347 344 342 341 344 347 348 349 348
355 353 350 348 348 349 352 353 353 351 349 345 343 341 339 338 336 334 332 329 327 326 326 326 326 326 326 326 326 326 326 327 327 327 326 326 326 326 326 326 326 326 326 326 326 326 328 329 329 329 332 331 331 330 330 329 328 327 329 333 335 335 335 335 334 336 336 337 339 340 340 341 341 341 342 344 344 343 343 343 343 343 343 342 344 345 344 343 341 341 344 346 348 348
355 353 350 348 348 348 349 350 349 347 345 344 342 340 338 337 336 334 331 329 326 326 326 326 326 326 326 326 326 327 327 328 329 328 327 326 326 326 326 326 326 326 326 326 327 327 328 330 331 332 333 335 334 333 333 332 331 330 329 331 335 336 336 336 335 336 336 337 339 340 340 341 341 342 343 344 343 341 341 341 341 342 342 341 341 342 342 342 341 341 342 344 346 348
357 354 351 350 348 348 347 346 345 344 344 342 341 339 337 335 333 331 329 328 326 326 326 326 326 326 326 328 329 330 330 329 330 329 327 326 326 326 326 326 326 326 327 327 328 328 329 330 332 333 334 336 336 336 335 335 333 331 330 331 334 336 336 336 336 336 336 337 340 341 341 342 342 342 343 343 342 341 341 341 341 341 341 341 341 341 341 341 341 340 340 342 344 346
359 355 352 351 349 348 347 345 343 341 341 341 340 338 336 334 332 329 328 327 326 326 326 326 326 326 328 332 335 334 333 331 331 329 328 328 327 327 327 326 326 326 327 328 329 329 330 331 332 333 334 336 337 337 337 336 334 332 331 332 334 336 337 337 337 337 338 338 340 341 341 342 342 342 342 342 342 341 341 341 341 341 341 341 341 341 340 340 340 340 340 340 341 343
360 357 354 352 351 349 348 347 343 339 339 339 338 337 335 333 331 328 327 327 326 326 326 326 326 326 328 335 336 336 333 332 332 331 330 329 328 328 327 327 326 326 326 328 330 330 330 332 333 333 334 336 337 338 338 337 335 333 332 332 334 336 336 336 337 338 338 339 340 340 340 341 342 342 342 342 342 341 341 341 341 341 341 341 341 341 340 340 340 340 340 340 340 341
361 359 356 353 352 350 348 347 343 338 336 336 336 335 335 332 329 328 327 327 326 326 326 326 326 326 326 333 335 334 333 333 333 333 333 332 331 330 329 328 326 326 326 328 329 330 330 331 332 333 334 335 337 340 339 338 336 334 334 333 334 336 336 336 337 338 338 338 339 339 340 340 341 341 341 341 341 341 341 341 341 341 341 341 341 341 341 340 340 339 339 339 339 341
361 360 357 354 352 350 348 346 343 338 335 333 333 332 332 329 328 327 327 327 326 326 327 326 326 326 326 330 332 333 333 334 334 334 335 335 334 333 331 329 328 327 326 326 329 329 329 330 331 332 333 335 336 340 339 339 339 337 335 334 334 336 336 336 337 337 337 337 338 338 339 340 340 340 341 341 341 341 342 341 341 341 341 341 341 342 341 341 340 339 339 338 338 339
361 360 357 355 353 350 347 345 341 338 335 331 330 329 329 329 328 328 328 327 327 327 327 327 327 326 327 329 331 332 333 334 334 337 339 337 337 335 333 331 329 328 326 326 328 329 329 329 330 331 332 334 334 336 337 339 341 340 337 335 335 335 336 336 336 336 336 336 336 336 337 339 340 340 341 341 341 341 342 342 342 341 341 341 341 342 341 341 340 340 339 338 337 337
