geo_cache/6-0/elevation.txt
ncols         949
nrows         918
xllcorner     -71.03333333333333
yllcorner     41.76
cellsize      1.0E-5
NODATA_value  -9999
[rows 285 to 341 of 918, columns 768 to 863 of 949]
46 45 45 46 45 45 44 43 44 45 45 45 44 44 44 46 47 46 44 45 48 51 53 53 53 50 48 48 47 46 46 46 46 46 46 45 45 45 46 47 49 51 51 51 50 51 52 51 51 50 49 47 43 41 39 40 43 44 44 45 45 46 45 45 46 47 48 49 50 49 49 52 55 58 62 64 66 66 63 59 58 56 55 53 52 52 52 52 56 58 58 58 58 57 57 57
46 46 46 46 44 43 42 42 43 44 43 43 43 42 43 45 47 46 45 46 50 52 54 55 54 51 48 48 46 45 45 46 46 46 46 45 45 45 46 48 50 51 52 52 51 51 52 52 52 51 50 48 43 40 39 40 42 43 43 44 45 47 47 47 47 47 48 49 49 49 49 52 55 59 63 64 66 66 63 58 58 57 55 52 51 51 52 52 56 57 57 57 57 57 57 57
47 47 47 46 42 41 41 41 43 43 42 42 42 42 42 45 47 47 46 47 51 53 54 55 55 52 49 48 46 45 44 45 45 45 46 46 46 46 47 49 51 51 52 52 52 51 51 53 53 52 50 48 43 39 39 40 41 43 43 44 45 48 49 49 47 47 47 47 47 48 48 52 56 59 63 64 66 66 63 59 59 57 55 51 51 51 52 52 55 56 56 57 57 57 57 57
48 47 47 45 41 40 40 40 43 43 42 41 41 42 42 45 47 47 47 49 52 54 55 55 55 53 50 48 46 44 42 43 43 44 45 47 48 48 49 49 50 50 51 52 52 50 50 53 54 53 50 48 43 39 38 40 41 42 42 44 45 49 51 50 46 46 45 45 46 47 48 52 56 59 63 64 66 66 62 59 59 57 54 51 50 51 52 52 55 56 56 56 56 57 57 57
48 47 47 45 41 40 39 40 42 42 41 40 40 42 42 45 47 47 48 50 53 55 55 55 55 53 50 48 45 44 42 42 42 44 44 47 49 49 50 50 50 50 51 52 52 49 49 53 54 52 50 48 42 38 38 39 40 42 42 44 45 49 52 51 47 45 45 45 45 47 49 53 57 60 63 64 66 65 62 58 58 57 54 50 50 51 52 53 55 56 56 56 56 57 57 57
47 46 46 44 41 40 39 39 41 41 40 40 40 42 43 45 47 47 49 50 54 55 55 55 55 53 50 48 46 45 42 42 42 44 44 48 50 50 50 50 50 50 50 52 51 49 49 51 52 50 48 46 41 38 38 39 40 42 43 45 46 49 51 50 47 45 45 45 45 47 50 54 58 61 64 65 64 63 60 57 56 56 53 50 51 53 54 54 55 56 56 56 56 57 57 57
46 45 45 44 41 40 39 39 40 40 40 40 40 42 43 45 48 48 50 51 54 55 55 54 54 53 51 48 46 45 43 43 44 44 46 48 50 51 51 51 49 49 50 51 50 49 49 50 50 47 46 44 41 38 38 39 40 43 45 46 46 48 49 48 46 45 45 45 46 48 52 55 59 63 64 65 63 61 58 55 54 54 52 51 53 56 56 55 56 56 56 56 56 56 56 57
46 45 45 44 42 40 39 39 40 40 40 40 40 43 44 46 48 48 50 51 53 53 53 53 53 53 51 49 46 46 45 45 46 46 47 49 50 51 51 51 49 49 49 49 49 49 49 48 47 44 43 42 41 39 38 39 40 44 46 48 48 48 47 46 45 45 46 46 46 50 53 57 61 63 65 65 61 59 56 53 53 53 52 52 54 58 58 56 56 56 56 55 55 56 56 57
46 45 45 44 42 40 39 39 40 40 40 40 41 44 44 46 49 49 51 51 53 53 53 53 53 53 52 49 47 47 47 47 47 48 49 50 50 51 51 51 49 49 49 48 48 48 48 46 44 41 40 41 40 39 39 40 41 44 47 49 49 46 45 45 44 44 45 45 46 51 55 58 62 64 65 64 59 56 53 53 53 52 52 52 55 58 59 57 55 56 56 55 55 56 56 57
46 45 45 44 42 41 39 39 40 40 40 40 42 44 44 46 49 49 51 51 51 52 52 53 53 53 52 49 48 48 48 48 48 49 49 50 50 51 51 51 49 49 49 48 47 46 46 44 42 40 40 41 40 39 39 41 42 44 47 48 47 45 43 43 42 42 43 43 46 51 56 59 63 64 64 62 57 54 52 52 52 53 53 53 55 58 58 57 55 56 56 55 55 56 56 57
47 45 45 44 42 41 40 40 40 40 40 40 43 44 45 47 49 49 51 51 51 52 52 53 53 53 52 49 49 49 49 49 49 50 50 50 50 51 51 51 50 50 49 48 46 45 44 42 40 40 41 42 40 40 41 43 44 45 46 45 45 43 42 41 41 41 41 42 46 52 58 61 63 63 63 60 55 52 51 51 52 53 53 54 56 57 57 56 55 56 56 56 56 56 56 56
45 44 44 43 41 41 41 41 41 41 41 42 44 45 46 47 49 49 50 50 50 52 52 52 52 53 52 50 49 50 49 49 49 49 49 49 50 51 52 52 52 52 51 48 45 43 41 39 39 40 43 43 40 40 42 44 46 45 45 43 43 41 40 40 39 39 40 41 45 54 60 62 63 63 61 58 53 50 50 50 52 54 54 55 56 56 56 56 56 56 56 56 56 56 56 56
43 43 43 41 40 39 40 41 43 43 43 44 45 46 47 48 50 50 50 50 50 51 52 51 51 52 52 50 50 50 49 49 49 49 49 49 49 51 53 53 54 54 51 48 44 41 39 37 38 40 44 43 40 40 43 45 47 45 44 42 41 40 39 39 38 38 39 41 45 54 61 62 62 62 60 55 51 49 49 50 52 54 55 55 56 56 56 56 56 56 56 56 56 56 56 56
41 41 41 40 38 38 40 43 45 45 45 46 47 47 48 48 50 50 50 50 50 51 52 51 51 52 51 50 51 51 49 49 49 49 49 48 48 50 51 52 53 53 51 47 43 40 38 36 37 41 44 43 40 40 43 45 46 45 43 41 41 40 39 39 38 38 38 41 44 52 59 60 60 60 58 53 50 50 51 52 52 55 55 56 56 56 56 56 56 55 55 55 55 56 56 56
40 40 40 38 38 38 40 43 47 46 47 48 48 48 48 49 50 50 50 50 50 51 51 51 51 51 51 50 51 51 50 50 50 49 49 48 48 49 50 50 50 50 49 46 42 39 38 37 38 41 43 42 41 41 43 44 45 45 43 41 41 40 40 40 38 38 38 40 44 50 56 58 58 58 57 52 51 51 53 53 53 55 55 56 56 56 56 56 55 55 55 55 55 55 55 56
39 40 40 38 38 38 40 43 47 47 47 48 48 48 48 49 51 51 50 50 50 50 50 50 50 51 50 50 50 51 50 50 50 49 49 47 47 48 48 48 48 48 47 45 41 38 38 37 39 41 42 42 41 41 43 43 45 44 42 41 41 40 39 39 38 36 38 40 44 49 54 56 57 57 56 51 51 53 55 55 54 55 55 56 56 56 56 56 55 55 55 55 55 55 55 56
39 40 40 39 38 38 40 43 46 48 48 48 48 49 49 50 51 51 51 51 51 50 49 49 50 51 50 49 49 50 50 50 50 49 49 46 46 46 46 46 46 46 45 44 41 38 38 38 40 42 42 41 42 42 43 43 44 43 42 41 41 39 37 37 37 36 37 40 45 50 53 55 55 55 54 50 51 53 55 56 55 56 56 56 56 56 55 55 55 54 54 54 54 55 55 56
39 40 40 40 39 39 40 43 46 48 48 48 48 49 49 50 52 52 51 51 51 50 49 49 50 51 49 49 49 49 50 49 49 49 48 46 46 46 46 46 45 45 44 43 40 38 38 38 40 42 41 41 42 42 43 43 44 44 42 41 41 37 37 37 37 37 39 42 47 52 54 55 54 54 53 50 51 53 55 56 56 56 56 56 56 56 55 55 54 53 53 54 54 55 55 56
39 39 40 41 40 39 41 43 46 48 48 48 48 49 49 50 51 51 51 51 51 50 49 49 50 51 49 49 49 49 48 47 47 47 47 47 47 46 46 46 44 44 43 42 39 38 38 38 40 42 41 41 41 42 43 44 45 45 44 43 41 37 37 37 38 40 43 44 50 54 56 55 53 52 51 50 51 52 54 55 55 55 55 55 56 56 55 55 53 52 52 53 53 55 55 56
39 39 40 41 41 40 42 45 47 48 48 48 48 49 49 50 50 50 50 50 51 50 49 49 49 51 49 49 48 48 46 45 44 45 46 48 48 47 47 47 45 44 42 40 38 37 38 39 40 41 41 41 41 41 43 44 45 45 45 44 42 39 37 37 40 42 46 47 52 57 58 55 52 50 50 50 51 52 54 55 55 55 55 55 55 55 55 54 52 51 51 52 52 55 55 56
39 39 40 42 42 42 43 46 47 48 48 48 48 49 49 50 50 50 50 50 51 51 49 49 49 50 49 49 48 48 45 42 41 43 46 48 49 49 49 48 46 44 41 36 36 37 39 40 41 41 41 41 41 42 43 45 47 47 46 46 43 41 39 40 42 44 48 50 55 59 59 55 51 49 49 49 51 52 53 54 54 54 54 54 55 55 54 54 52 51 51 52 52 55 55 56
39 39 40 42 43 43 44 47 48 49 49 49 49 49 49 49 50 50 49 49 50 51 50 49 49 50 49 49 48 47 44 42 41 43 45 48 49 49 48 48 46 43 38 33 35 38 40 41 41 42 42 42 42 42 44 46 47 48 47 47 45 43 43 44 45 47 50 51 55 59 59 55 50 48 48 48 52 53 53 54 54 54 54 54 54 54 54 54 52 51 51 52 53 55 56 56
39 39 40 42 44 44 45 48 49 50 50 50 50 49 49 49 49 49 48 47 48 50 50 50 50 50 49 49 47 47 44 42 41 43 46 47 47 46 45 45 43 38 33 35 38 39 41 42 42 42 42 42 43 43 44 45 47 49 49 48 46 46 46 47 49 50 53 54 55 58 57 54 50 47 46 48 52 54 54 53 53 53 53 53 53 53 53 53 52 52 51 53 53 56 57 57
39 41 42 43 44 44 46 48 50 50 50 50 50 49 49 48 48 48 47 47 47 48 49 50 50 50 50 49 47 47 45 43 42 44 46 46 44 43 42 41 37 33 32 37 41 40 42 42 42 42 43 43 44 44 45 45 46 49 49 48 47 48 49 52 54 55 56 56 56 56 55 53 49 46 45 48 53 54 55 53 53 53 53 53 53 53 53 53 53 52 52 53 54 57 57 58
39 42 44 44 44 44 47 48 50 50 50 51 51 50 49 48 46 46 46 45 45 47 49 50 50 50 50 49 47 47 46 45 44 46 47 46 42 40 36 35 32 32 35 40 42 41 42 43 43 43 43 43 45 45 44 44 46 49 50 49 49 50 52 55 57 59 58 57 56 54 52 52 48 46 45 49 54 54 55 53 53 53 53 53 53 53 53 53 53 53 53 54 54 57 57 58
40 43 45 44 44 45 47 48 50 50 50 51 51 50 49 46 45 45 45 45 45 47 48 50 50 50 50 49 47 47 46 46 45 47 47 45 40 37 33 32 33 35 39 42 43 42 42 44 44 44 43 43 46 46 44 44 47 49 51 51 51 52 54 57 59 59 59 57 55 51 50 50 48 46 47 50 54 54 54 53 53 53 53 53 53 53 53 53 53 53 53 55 55 57 57 57
41 44 46 45 45 46 47 49 50 50 50 51 50 49 48 46 44 44 45 45 45 46 48 49 49 50 50 49 47 47 47 46 46 46 46 42 36 34 32 32 36 39 41 43 43 41 41 43 43 43 44 44 45 45 45 45 48 50 52 53 53 53 56 58 60 60 58 56 52 49 47 48 48 48 49 51 54 54 54 53 53 53 53 53 53 53 53 53 53 53 53 55 55 56 56 56
41 44 46 46 47 48 48 49 50 50 50 50 50 49 47 44 44 44 45 45 45 46 47 49 49 50 50 50 47 47 47 47 47 46 43 37 33 32 33 33 39 41 42 43 43 41 41 42 42 43 44 44 45 45 46 46 49 52 54 54 54 55 57 60 61 60 57 55 50 46 44 46 48 50 51 52 54 54 54 53 53 53 53 53 53 53 53 53 54 54 54 55 55 55 55 55
41 44 46 47 48 49 50 50 49 49 48 48 48 48 46 43 43 43 45 45 46 46 47 49 49 50 50 50 48 47 47 47 48 46 39 33 33 32 33 33 40 43 43 43 42 41 41 41 42 42 44 44 45 45 46 48 50 53 54 56 56 57 58 60 61 59 55 53 48 44 44 46 48 50 52 52 53 53 53 53 53 53 53 53 53 53 53 53 54 54 54 55 55 54 54 54
42 44 46 47 49 50 51 51 50 48 48 47 47 47 45 43 42 42 44 46 47 47 47 48 49 49 50 50 48 46 46 47 47 44 35 32 32 33 33 33 41 43 44 43 42 41 41 41 41 42 44 44 45 46 47 49 52 54 56 57 57 57 59 59 58 56 54 52 47 44 44 46 49 50 52 52 53 53 53 53 53 53 53 53 52 52 52 52 54 54 54 54 54 54 54 53
43 45 46 48 50 50 51 51 50 49 48 47 47 46 45 43 42 42 44 46 47 47 47 48 48 48 49 50 47 46 45 46 45 39 33 32 32 33 33 33 41 43 44 43 42 41 41 41 41 42 44 44 45 47 49 51 54 55 57 59 58 58 58 58 56 54 51 49 46 44 45 47 49 50 51 52 53 52 52 52 52 52 52 52 52 52 52 52 53 54 54 54 54 53 53 53
44 46 46 48 50 50 50 50 50 49 48 48 48 47 45 43 42 42 43 46 47 47 47 47 47 48 49 49 47 45 44 43 42 35 32 33 33 33 33 36 42 43 44 43 42 41 41 41 41 42 44 44 46 48 50 53 56 57 58 59 59 59 57 55 53 51 48 47 46 45 47 49 49 49 50 51 52 52 52 52 52 52 52 51 51 51 52 52 52 53 53 53 53 53 53 53
45 47 47 48 49 49 50 50 50 49 49 49 49 48 46 43 42 42 43 45 47 46 46 46 46 48 48 48 46 44 43 42 38 33 32 33 33 33 33 38 43 43 43 43 42 41 41 41 42 43 44 44 46 49 51 55 58 59 59 60 59 58 56 54 50 49 47 46 45 46 48 50 49 49 49 50 52 51 51 51 51 51 51 51 51 51 51 51 52 53 53 53 53 53 53 53
46 48 48 48 49 49 49 49 49 49 49 49 49 48 46 43 42 42 42 45 46 46 46 45 45 47 47 47 45 43 41 41 36 33 33 33 33 33 33 38 42 42 43 42 42 41 41 42 42 43 45 45 47 49 52 56 58 60 60 60 59 57 55 53 49 47 47 45 45 47 49 50 49 49 49 50 51 51 50 51 51 51 51 51 51 51 51 51 52 52 52 53 53 53 53 53
46 48 48 48 48 48 47 48 48 48 48 48 48 48 46 44 41 41 41 44 46 45 45 44 44 46 46 46 45 42 40 39 35 33 33 33 33 33 33 35 40 42 42 42 42 41 41 42 42 43 45 45 48 50 53 56 58 60 61 60 59 56 54 51 47 45 46 45 45 47 49 51 49 49 49 49 50 50 49 50 50 51 50 50 50 50 51 51 51 52 52 52 52 53 53 53
47 49 49 49 48 47 46 46 46 47 47 48 48 48 46 44 41 40 40 43 45 45 45 43 43 44 45 44 43 41 38 36 33 33 33 33 33 33 32 32 38 41 42 42 42 42 42 42 42 43 45 47 49 51 54 57 59 61 61 60 58 55 52 48 45 45 45 46 46 48 49 51 49 49 49 49 49 49 49 49 50 50 50 50 50 50 51 51 51 51 51 52 52 53 53 53
47 49 50 49 47 46 44 43 44 44 46 47 47 47 46 43 41 39 39 41 44 44 44 43 43 43 43 43 42 40 35 33 33 33 33 33 33 33 32 32 35 38 40 41 41 42 43 43 43 43 46 48 50 51 54 57 59 61 61 59 57 53 50 46 44 44 44 46 46 49 49 50 49 49 49 49 48 48 48 49 49 50 50 50 50 50 50 51 50 50 50 51 51 54 54 52
47 49 50 48 46 45 43 42 43 44 45 46 46 46 46 43 40 39 38 40 43 44 44 42 41 40 39 39 39 39 34 32 32 33 33 33 33 33 33 33 34 36 39 41 41 42 44 44 43 43 47 49 51 51 53 56 59 61 61 59 55 52 49 45 44 44 44 46 46 49 49 50 49 49 49 49 48 48 48 49 49 50 50 50 50 50 50 51 50 50 50 51 51 53 53 52
47 49 49 47 44 43 42 41 42 43 44 45 46 46 46 43 41 39 38 39 42 43 43 42 39 34 33 34 35 37 34 32 32 33 33 33 33 33 33 33 36 39 40 41 41 43 45 45 43 44 47 49 51 51 52 55 58 60 60 57 53 50 47 44 44 44 45 46 47 49 49 50 49 49 49 49 48 48 48 48 48 50 50 50 50 50 50 51 50 50 50 51 51 53 52 51
47 48 48 45 42 41 40 40 42 42 43 44 45 46 46 43 41 39 38 38 41 42 42 41 38 32 32 32 33 34 33 33 33 33 33 33 33 33 33 34 38 41 41 41 41 44 46 45 44 44 47 48 50 50 51 53 56 58 58 55 52 49 46 44 44 45 46 47 47 49 49 50 49 49 49 50 49 48 48 48 48 50 51 50 50 50 50 50 50 50 50 51 51 52 51 51
47 48 46 43 40 40 40 40 42 42 42 44 45 45 45 43 41 39 37 37 40 40 39 38 35 32 32 32 33 33 33 33 33 34 34 33 33 33 33 36 41 43 44 43 43 45 47 45 44 44 46 47 48 48 49 51 55 57 56 53 49 47 45 45 45 47 47 47 47 48 49 50 49 49 50 51 50 49 47 46 48 51 51 50 50 50 50 50 51 51 51 51 51 51 51 51
47 47 46 43 40 40 40 40 41 41 42 43 44 44 44 43 41 39 36 36 38 38 37 35 33 33 33 33 33 33 33 33 36 37 36 33 33 33 33 37 43 44 45 45 44 45 47 46 44 44 46 46 48 48 48 49 53 55 54 51 47 45 45 45 46 47 48 48 48 48 48 49 49 49 50 51 50 48 46 46 48 51 52 51 49 49 50 50 51 50 50 52 52 51 51 51
46 47 45 43 40 40 39 39 39 40 41 42 43 43 43 42 41 39 36 35 36 37 34 33 33 33 33 33 33 33 33 34 36 37 34 33 33 32 32 37 45 46 47 46 44 46 48 46 45 45 46 46 48 48 47 49 52 54 53 50 46 45 44 44 47 47 48 48 48 48 48 49 49 49 50 51 50 48 46 46 47 51 52 51 49 49 49 50 50 49 49 50 51 51 51 51
46 46 45 43 41 40 39 39 39 39 40 41 42 42 42 41 40 39 35 34 35 35 33 33 33 33 33 33 33 33 33 34 36 36 33 33 33 32 32 37 46 47 48 46 45 47 48 47 46 46 46 47 48 48 47 47 50 52 52 49 46 45 44 44 45 47 47 48 48 48 48 49 49 49 49 50 49 47 46 45 47 51 52 51 49 49 49 49 49 48 48 50 50 51 51 51
46 46 45 44 42 40 39 39 38 38 39 40 41 41 41 40 40 38 35 34 34 34 33 33 33 33 33 33 33 33 32 33 35 34 33 33 33 33 34 39 45 46 47 47 47 47 48 47 47 46 47 50 50 49 47 47 49 51 51 48 47 45 44 44 44 46 47 48 48 48 48 49 48 48 48 49 48 46 45 45 47 50 52 52 49 49 49 49 48 47 47 49 50 51 51 51
45 45 43 43 42 41 40 39 38 38 39 40 40 40 40 40 39 37 34 33 33 33 33 33 33 33 33 33 33 33 32 33 33 33 33 33 33 34 38 40 43 45 47 47 47 48 48 48 48 47 48 51 51 50 47 47 48 50 50 48 47 46 44 44 44 46 47 48 48 48 48 49 48 48 48 48 47 46 45 45 47 50 51 52 49 49 49 49 47 45 46 49 49 51 51 51
43 42 41 41 41 41 40 39 38 39 40 40 40 39 39 38 38 36 33 33 33 33 33 33 33 33 33 33 33 33 33 33 33 33 33 32 33 36 39 40 43 45 46 47 48 48 48 48 48 49 49 52 52 51 48 47 47 49 48 48 47 46 44 44 44 46 47 48 48 48 48 49 48 48 48 48 47 46 46 46 48 50 51 52 50 50 50 49 47 45 45 48 49 50 50 49
42 40 39 40 41 41 41 39 38 39 40 40 39 38 38 37 37 36 33 33 33 33 33 33 33 33 33 33 33 33 33 33 33 33 33 32 35 39 39 40 43 44 45 47 48 49 49 49 49 49 50 52 52 52 49 47 47 48 47 47 47 46 45 45 46 47 47 48 48 48 48 49 49 49 48 48 48 47 47 48 49 50 51 52 51 51 50 50 47 46 46 47 48 49 48 47
40 38 37 38 40 41 41 39 38 38 40 40 38 37 36 36 36 36 35 35 34 34 33 33 33 33 33 33 33 33 33 33 33 36 36 36 38 40 40 40 42 44 44 44 47 48 48 49 50 50 50 52 52 52 50 48 48 47 46 47 47 46 46 46 47 48 48 48 48 48 48 50 49 49 49 49 49 48 48 49 49 51 52 53 52 51 51 50 47 46 46 47 47 49 47 46
38 36 36 37 39 39 38 36 35 37 39 38 36 35 34 34 36 36 36 36 35 35 34 33 33 33 33 33 33 33 33 33 34 40 42 40 41 40 40 40 42 43 43 44 46 48 48 50 51 52 51 51 52 52 50 47 47 45 45 46 47 46 46 47 48 48 48 48 48 48 48 50 49 49 49 49 50 49 49 50 51 51 52 53 53 52 52 51 48 46 46 47 47 48 47 44
38 36 36 36 39 39 37 33 31 35 37 36 34 33 33 33 36 37 38 38 37 36 34 33 33 33 33 33 33 33 33 33 35 43 44 43 42 41 40 40 42 43 43 43 45 48 48 51 51 52 51 51 51 52 50 47 47 45 45 46 47 47 47 47 49 49 48 48 48 48 48 50 50 50 49 49 50 50 50 51 51 52 53 54 53 53 52 51 48 46 46 46 46 48 47 44
36 35 35 36 38 37 34 30 29 31 34 32 32 32 32 33 36 38 40 39 38 37 34 33 33 34 34 34 33 33 32 32 35 44 45 44 43 42 41 41 42 43 43 43 46 48 49 51 52 52 49 48 49 50 49 47 46 45 45 46 47 48 48 48 49 49 48 48 48 48 48 49 50 50 49 49 51 51 51 51 52 53 53 54 53 53 52 51 48 46 45 46 46 48 46 42
36 35 35 36 37 36 30 29 29 29 30 30 31 32 32 34 36 38 40 40 39 37 34 34 35 37 37 37 34 33 32 32 34 42 45 44 44 42 42 42 43 44 44 45 47 50 50 52 52 50 47 46 47 47 47 46 46 45 45 46 47 48 48 48 48 48 48 47 47 47 47 49 49 49 49 49 50 50 50 50 52 52 53 54 53 52 52 51 49 46 44 45 46 47 45 41
34 33 33 34 35 33 29 29 29 29 29 30 31 33 33 35 37 39 41 41 39 37 36 37 38 39 40 39 35 33 32 32 36 41 44 44 44 43 43 43 44 45 46 46 47 51 51 51 51 48 45 44 44 45 45 44 45 45 45 47 47 48 48 48 47 47 46 46 46 46 46 48 49 49 49 49 50 50 49 50 51 52 52 53 53 52 51 51 49 45 44 45 45 46 44 39
30 30 30 30 30 30 29 29 29 29 30 33 34 34 35 36 38 39 41 41 39 37 37 38 40 41 41 40 36 33 33 33 37 41 43 44 44 44 44 44 45 46 47 47 48 51 51 51 50 47 43 42 43 44 44 44 44 45 45 47 47 48 48 48 46 46 46 46 46 46 46 47 48 48 49 49 49 49 49 49 50 51 52 53 53 51 51 51 49 47 44 45 45 45 42 37
28 29 29 29 29 29 29 29 29 29 30 35 36 36 36 37 38 39 41 41 38 37 37 39 41 43 42 41 36 33 33 33 38 41 42 43 43 44 43 43 44 46 46 47 48 50 50 50 49 46 42 42 43 43 44 44 44 45 46 47 47 48 48 48 46 46 46 46 46 46 46 47 48 48 49 49 49 48 48 48 49 50 51 52 52 51 51 51 50 48 46 46 46 43 40 36
28 29 29 29 29 29 29 29 29 29 30 36 36 37 37 37 39 39 40 40 38 37 37 39 41 43 42 39 34 33 33 33 39 41 42 43 43 43 43 43 43 45 45 46 46 48 49 48 47 45 42 42 43 43 44 45 46 46 47 47 47 48 48 48 47 47 46 46 46 46 46 47 47 48 50 50 48 47 47 47 48 50 50 51 51 51 51 51 50 48 47 46 45 41 37 36
