geo_cache/6-0/elevation.txt
ncols         949
nrows         918
xllcorner     -71.03333333333333
yllcorner     41.76
cellsize      1.0E-5
NODATA_value  -9999
[rows 285 to 341 of 918, columns 0 to 95 of 949]
19 19 19 20 20 21 21 21 20 20 18 17 17 18 21 22 23 26 28 29 31 33 36 37 37 39 39 40 40 40 39 39 38 38 37 36 36 35 34 33 31 30 28 27 26 26 26 26 26 25 25 25 25 25 25 25 25 25 25 25 25 25 25 26 26 26 27 27 26 26 26 25 25 25 24 24 24 24 24 24 24 23 22 20 20 18 17 16 14 12 10 9 7 4 3 3
19 19 19 20 20 21 21 21 20 19 18 17 17 19 20 22 22 25 28 28 31 33 35 37 37 38 38 40 40 40 39 39 38 38 37 36 36 35 35 33 32 31 29 27 26 26 26 26 26 25 25 25 25 25 25 25 25 25 25 24 24 25 25 25 26 26 26 26 26 26 26 25 25 24 24 24 24 24 24 24 24 23 23 21 21 18 17 15 13 12 10 8 6 4 2 2
19 19 19 20 20 20 20 20 19 18 17 17 17 20 21 22 22 25 27 28 31 32 35 36 36 38 38 39 39 40 40 40 39 39 37 37 37 35 35 33 32 32 29 28 27 26 26 26 26 25 25 25 25 25 25 25 25 24 24 24 24 25 25 25 25 25 26 25 26 26 26 25 25 24 24 24 24 24 23 23 24 23 23 21 20 18 16 14 13 12 9 8 6 3 2 2
19 19 19 20 20 20 20 20 19 18 17 17 18 20 21 22 23 25 27 28 31 32 34 36 36 38 38 39 39 40 40 40 39 39 38 37 37 35 35 34 32 32 29 29 28 27 27 26 26 25 25 26 26 26 26 26 25 24 24 25 25 25 25 25 25 25 25 25 26 25 25 25 25 25 25 25 25 24 23 23 24 22 22 21 20 17 15 14 12 12 9 8 5 2 2 3
19 20 20 21 21 20 20 20 18 18 17 17 19 21 21 22 23 26 27 28 30 31 33 35 36 37 37 39 39 40 41 41 40 39 38 37 37 35 35 34 33 32 30 29 29 28 27 26 26 25 25 26 26 26 25 25 25 25 25 25 25 25 25 25 25 25 26 26 25 25 25 25 25 25 25 25 25 25 24 24 22 21 21 20 19 16 14 14 12 11 9 8 5 3 3 4
19 20 20 21 21 21 20 20 18 17 17 17 19 20 20 22 23 26 27 28 30 31 33 34 35 37 37 39 39 40 41 41 40 40 39 38 37 35 35 34 33 32 31 30 29 29 28 26 26 26 26 26 26 26 25 25 25 25 25 25 25 25 25 25 25 25 26 26 25 25 25 25 25 25 25 25 25 25 24 24 22 20 20 19 18 16 14 14 11 11 9 7 5 4 4 6
19 20 20 21 21 21 20 20 18 17 17 17 18 20 20 22 23 26 27 28 30 31 32 34 35 36 37 39 39 40 41 41 41 40 39 38 38 36 36 34 33 33 31 31 29 29 28 27 26 26 26 26 26 26 26 26 25 25 25 25 25 25 25 25 25 25 25 25 25 24 24 24 24 24 24 24 24 24 24 24 22 20 20 19 17 15 13 13 12 12 9 7 5 5 6 8
19 20 20 21 21 21 20 19 17 17 17 17 18 20 21 22 24 26 28 28 30 30 32 34 34 36 37 39 39 40 42 42 41 41 40 38 38 36 36 35 34 34 32 31 29 29 28 28 27 26 26 26 26 26 26 26 25 25 24 24 24 25 25 25 25 25 25 25 25 24 24 24 24 24 24 24 24 24 24 24 23 20 19 18 16 14 13 13 12 11 8 6 5 6 8 9
19 20 20 20 20 20 20 18 17 17 17 18 19 20 22 23 24 26 28 29 30 30 32 33 34 36 37 39 39 40 42 42 42 42 40 39 38 37 37 35 34 34 32 31 30 30 29 29 28 27 27 26 26 26 26 26 25 25 24 24 24 25 25 25 25 25 25 25 24 24 24 24 24 24 24 24 24 24 24 24 23 21 19 17 15 14 13 12 11 10 7 6 6 8 10 10
20 20 20 20 20 19 19 18 17 17 18 18 19 20 22 24 25 27 29 29 31 31 32 33 34 36 36 39 39 40 42 42 42 42 40 39 39 37 37 35 34 34 32 32 31 31 30 29 29 27 27 26 25 25 26 26 25 25 24 24 24 25 25 25 25 25 25 25 24 24 24 24 24 24 24 23 23 23 23 23 23 21 19 16 15 14 14 12 11 11 10 8 8 10 11 10
20 21 21 20 20 19 18 17 17 17 18 18 19 21 22 24 25 28 29 29 31 31 32 33 34 36 36 39 39 40 42 42 42 42 41 40 39 38 37 35 34 34 33 33 32 32 31 30 29 27 27 26 26 25 25 25 25 25 24 24 24 25 25 25 25 25 25 25 25 25 25 24 24 24 24 23 22 22 22 21 21 20 17 16 15 15 15 14 12 12 12 12 11 12 12 11
20 21 21 20 20 19 17 17 17 17 17 17 18 21 22 24 25 28 29 29 30 30 32 33 33 36 36 39 39 40 42 42 43 43 42 41 40 38 37 35 35 35 33 33 32 32 32 30 29 28 27 27 26 26 25 25 25 25 24 24 24 25 25 25 25 25 25 25 25 24 24 24 24 24 24 23 22 22 21 20 20 18 16 14 13 15 15 15 13 13 13 13 13 13 12 11
20 20 20 20 20 18 17 17 16 15 16 17 18 21 22 24 25 27 28 29 29 30 32 33 33 36 36 39 39 40 42 42 43 43 42 41 40 39 38 35 35 35 34 34 33 33 32 30 30 28 27 26 26 26 26 26 25 25 24 25 25 25 25 24 25 25 25 25 24 24 24 24 24 24 24 23 22 22 20 19 19 17 15 13 13 15 16 15 14 14 13 13 14 14 13 11
19 20 20 20 20 18 17 17 15 15 15 17 18 21 22 23 24 27 28 28 29 29 32 33 33 36 36 39 39 40 42 43 44 44 42 41 41 39 38 36 35 35 34 34 33 33 32 31 30 28 28 27 26 26 26 26 25 25 25 24 24 25 25 24 25 25 25 25 24 24 24 24 24 24 24 24 22 22 19 19 18 16 14 13 14 18 20 17 15 15 14 14 14 16 14 11
19 20 20 20 20 18 17 16 15 14 15 16 18 21 22 23 24 27 28 28 29 29 32 33 33 36 36 39 39 40 42 43 44 44 42 42 41 39 38 36 35 35 34 34 33 33 33 31 30 29 29 28 27 27 26 26 25 25 25 24 24 25 25 25 25 25 25 25 24 24 24 24 24 24 24 24 22 22 20 19 17 15 14 13 15 21 23 20 17 16 15 15 15 17 15 11
19 20 20 20 19 18 17 16 14 14 14 16 18 21 22 24 25 27 28 28 29 29 32 33 33 36 36 39 39 40 42 43 44 44 43 42 42 40 38 37 35 35 34 34 33 33 33 31 31 30 30 29 28 27 26 26 25 25 25 25 25 24 24 24 25 25 24 24 24 24 24 24 24 24 24 24 22 21 19 17 15 14 13 14 16 21 23 22 18 16 16 16 16 17 15 11
19 20 20 19 19 17 16 15 14 14 14 16 18 21 22 24 25 27 28 28 29 30 32 33 33 36 36 39 39 40 42 43 44 44 43 42 42 40 39 37 36 36 34 34 33 33 33 32 32 31 31 29 28 28 27 27 25 25 25 24 24 24 24 24 25 25 24 24 24 24 24 24 24 24 24 23 21 20 17 16 15 13 13 14 16 19 22 22 20 17 16 16 17 17 15 11
19 19 19 19 19 17 16 15 14 14 14 16 18 21 22 24 25 27 28 29 30 30 32 33 34 36 37 39 39 41 43 43 45 45 43 43 42 40 39 38 36 36 35 35 33 33 33 32 32 31 31 30 29 28 27 27 25 24 24 24 24 24 24 24 24 24 24 24 24 24 24 23 22 22 22 21 19 18 16 15 14 13 13 13 15 19 21 21 20 17 16 16 17 16 15 11
19 19 19 18 18 17 15 15 14 14 15 16 18 21 22 24 25 27 29 29 30 30 32 33 34 36 37 39 40 41 43 43 45 45 44 43 43 41 40 38 36 36 35 35 34 34 33 33 33 32 32 30 29 29 27 27 25 24 24 24 24 24 24 24 24 24 24 24 23 23 23 23 22 21 20 19 18 17 16 15 14 13 13 13 15 19 20 19 18 16 16 16 16 16 15 11
18 18 18 18 18 17 15 14 14 14 15 16 18 21 22 24 25 27 29 29 31 31 32 33 34 36 37 39 40 41 43 43 45 45 44 43 43 41 41 39 37 36 35 35 34 34 34 33 33 32 32 31 30 29 28 27 25 24 24 23 23 24 24 24 24 24 24 24 23 22 22 21 20 19 19 18 17 17 15 15 14 15 15 15 17 19 20 18 16 16 16 16 16 15 15 12
18 18 18 17 17 16 15 14 14 14 16 17 19 21 22 24 24 26 29 29 31 31 32 33 34 36 37 40 40 41 43 43 45 45 44 43 43 42 41 39 37 37 35 35 34 34 34 33 33 32 32 31 30 30 28 28 25 24 24 23 23 23 23 23 24 24 24 24 23 22 22 20 19 18 18 17 17 17 15 15 15 16 16 17 18 20 19 17 16 16 16 16 16 15 15 13
17 17 16 16 16 15 14 14 14 14 16 17 20 22 23 24 25 26 29 29 31 31 32 33 34 36 37 39 40 41 43 43 45 45 44 44 44 42 41 40 38 37 35 35 35 35 34 34 34 32 32 31 30 30 28 28 26 25 24 23 23 23 23 23 24 24 24 24 23 23 22 19 19 17 17 17 16 16 15 15 15 16 16 18 18 19 18 15 14 15 15 15 15 14 14 13
17 16 16 15 15 14 14 14 14 14 16 18 20 23 24 25 25 27 29 29 31 31 32 33 34 36 37 39 40 41 43 43 45 45 45 44 44 42 42 40 39 38 35 35 35 35 34 34 34 33 33 31 30 30 28 28 26 26 24 22 22 22 23 24 24 24 24 24 24 23 22 19 19 17 17 16 16 16 15 15 15 15 16 17 17 17 16 13 12 12 13 13 14 13 13 13
16 16 15 15 15 14 14 14 14 15 17 18 20 23 25 25 27 28 29 29 31 31 32 33 33 35 36 38 39 41 42 43 44 45 45 44 44 43 42 41 39 38 36 36 35 35 35 34 34 33 33 31 30 30 29 29 27 26 25 22 21 20 22 23 24 24 23 23 24 23 23 20 19 16 16 15 15 15 15 15 14 14 14 14 14 14 13 13 11 11 12 12 12 12 12 12
16 15 15 15 15 14 14 14 15 15 17 19 21 24 26 27 28 29 29 29 31 31 31 32 33 35 36 38 39 40 42 42 44 44 45 45 45 43 43 41 40 39 37 36 35 35 35 34 34 33 33 31 31 31 29 29 27 26 25 22 21 20 21 22 24 24 23 23 23 23 22 20 19 16 15 14 15 15 15 15 14 13 13 12 13 13 12 12 11 11 11 11 12 11 11 11
16 15 15 14 14 14 14 14 15 15 18 19 22 25 27 28 29 30 30 30 30 30 30 32 33 34 35 37 38 39 41 41 42 44 45 45 45 43 43 42 40 39 37 37 36 36 35 34 33 32 32 31 31 31 29 29 27 26 25 23 21 20 20 21 22 22 22 21 21 20 20 19 17 16 14 14 15 15 15 15 14 13 12 11 11 11 12 12 11 11 11 11 11 10 10 11
16 14 14 14 14 14 14 14 15 15 17 19 22 25 27 29 29 31 30 30 29 29 30 31 32 33 35 36 37 38 39 40 41 43 44 44 44 43 43 42 41 40 38 37 36 36 35 33 33 32 32 31 31 31 29 29 27 27 25 24 22 21 21 21 21 21 21 20 20 19 19 18 17 15 14 14 15 15 15 15 14 12 12 11 11 11 11 11 11 11 11 11 11 10 10 9
15 14 13 13 13 14 14 14 15 15 17 19 22 25 27 29 29 30 30 30 29 29 28 30 31 32 33 35 36 37 38 39 40 41 42 43 43 43 43 42 41 40 38 37 36 36 35 33 33 32 32 32 31 31 30 29 28 27 26 25 24 22 21 21 20 20 20 19 19 19 18 17 16 15 13 12 14 14 14 14 14 12 12 11 11 11 10 10 10 10 10 10 10 9 9 9
15 13 13 13 13 15 15 15 15 15 17 19 22 25 27 29 29 30 30 30 28 28 28 28 30 31 32 34 35 36 37 38 39 40 41 42 42 42 42 41 40 39 37 37 36 36 35 34 33 32 32 32 31 31 30 30 29 28 27 26 25 23 22 21 20 20 19 19 19 18 18 17 16 14 12 12 14 14 14 14 14 12 12 11 11 10 10 10 9 9 10 10 10 9 9 8
14 13 13 13 14 15 15 15 15 15 17 19 21 25 26 28 29 30 30 29 28 27 26 27 29 30 31 33 34 35 35 36 37 38 39 40 41 41 41 40 39 38 37 37 36 36 35 34 34 33 33 32 32 32 30 30 29 29 28 26 25 23 22 21 20 19 18 18 18 18 18 17 16 14 12 12 12 13 14 14 13 12 12 11 11 10 10 10 9 9 9 9 10 9 9 8
12 12 11 12 14 14 14 14 15 15 17 18 21 24 26 28 29 30 30 29 27 27 26 26 27 28 30 31 33 34 34 35 36 37 38 39 39 40 40 39 38 38 37 36 36 36 36 34 34 33 33 32 32 32 31 31 29 29 28 26 25 23 22 22 20 19 17 17 18 18 18 17 16 13 12 11 12 12 13 13 13 12 12 11 11 10 10 10 9 9 9 9 10 9 9 8
10 9 8 9 11 13 13 12 13 14 16 18 21 24 26 27 28 30 29 29 27 26 25 25 25 27 29 30 31 32 33 34 35 36 37 37 38 38 38 38 38 38 37 36 36 36 36 34 34 33 33 32 32 32 30 30 29 29 28 25 25 22 22 21 20 19 17 17 17 17 17 17 15 13 12 11 11 11 12 12 12 12 12 11 11 11 10 10 10 10 10 10 10 9 9 8
9 8 8 8 9 11 11 11 12 13 15 17 21 24 25 27 28 30 29 29 26 26 24 24 24 25 27 28 30 31 32 33 34 35 36 36 37 37 37 38 38 38 37 37 36 36 35 35 35 33 33 32 32 32 30 30 29 29 28 25 25 22 22 21 19 19 17 17 17 17 17 16 15 12 12 10 10 11 12 12 12 11 11 11 11 11 10 10 10 10 10 10 10 9 9 8
9 8 8 8 9 10 11 11 11 12 14 16 20 23 25 26 28 29 29 28 26 25 23 23 23 25 26 27 29 30 31 32 34 34 35 36 36 37 37 37 37 37 37 37 36 36 35 35 35 33 33 32 32 32 30 30 29 29 28 26 25 22 22 21 19 19 17 17 16 16 15 15 13 12 11 9 9 10 11 11 11 11 11 11 11 10 10 10 10 10 10 10 10 10 10 8
9 9 9 9 9 10 11 11 11 11 14 16 19 23 24 26 27 29 28 28 25 25 23 23 23 24 25 27 28 29 31 32 33 33 34 35 36 36 36 37 37 37 37 37 35 35 35 35 35 33 33 33 32 32 31 31 30 30 29 26 25 22 22 21 19 19 17 17 15 15 15 14 13 11 10 9 9 10 11 11 11 11 11 11 11 10 10 10 10 10 10 10 10 10 10 8
9 9 9 9 9 10 10 10 11 11 13 16 19 22 24 25 27 28 28 27 25 24 23 22 22 23 24 26 27 28 29 30 31 32 33 34 34 35 35 36 36 36 37 37 35 35 35 35 35 34 33 33 32 32 30 30 30 30 29 26 25 22 22 21 19 19 17 17 15 14 14 13 12 11 9 8 9 10 11 11 11 11 11 10 10 10 10 10 10 10 10 10 10 10 10 8
9 9 9 9 9 10 10 10 11 11 13 15 18 22 23 25 26 27 27 27 25 24 22 21 21 22 23 24 26 27 28 29 30 31 32 33 33 34 34 35 36 36 37 37 36 36 36 35 35 34 34 32 32 32 30 30 29 29 29 26 25 23 22 22 19 19 17 17 15 14 14 12 12 10 9 8 9 9 10 10 11 10 10 10 10 10 9 9 9 9 10 10 10 10 10 8
9 9 9 9 9 9 9 9 10 10 12 14 18 21 23 24 25 26 27 26 25 23 22 21 20 20 22 23 24 25 27 28 29 30 31 31 32 33 33 34 35 35 36 36 36 36 36 36 35 34 34 32 32 32 30 30 29 29 29 27 26 23 22 22 19 19 17 16 15 14 14 12 11 9 8 8 8 9 10 10 10 10 10 10 10 9 9 9 9 9 9 9 9 9 9 9
9 9 9 9 9 9 9 9 9 10 12 13 17 20 22 23 24 26 26 26 24 23 21 20 20 20 21 22 23 24 26 27 28 29 30 30 31 32 32 34 35 35 36 36 36 36 36 36 36 35 34 32 32 32 30 30 29 29 29 27 26 24 22 22 19 19 17 16 15 14 14 12 11 9 8 8 8 8 9 9 10 10 10 10 10 9 9 9 9 9 9 9 9 9 9 9
8 8 8 9 9 9 9 9 9 9 12 13 16 19 21 23 24 25 25 25 24 23 21 20 20 20 20 21 22 23 25 26 27 28 29 30 30 31 31 33 34 35 36 36 36 36 36 36 36 35 34 32 32 32 30 30 30 30 29 28 27 24 23 22 19 19 16 15 14 14 13 11 11 9 8 7 8 8 9 9 10 9 9 9 9 9 9 9 9 9 9 9 9 9 9 9
8 8 8 9 9 8 8 8 9 9 12 13 15 18 20 21 23 24 25 24 23 22 20 20 20 20 20 21 22 23 24 25 26 27 28 28 29 30 31 32 33 34 35 35 36 36 37 36 36 35 35 33 32 32 31 31 30 30 30 28 27 26 24 23 20 19 16 15 13 12 11 11 10 9 7 6 8 8 9 9 9 9 9 9 9 8 8 8 8 8 8 8 8 8 9 9
8 8 8 8 8 8 8 8 9 9 11 12 15 17 19 21 22 24 24 24 22 22 20 20 20 20 20 20 21 22 23 24 25 26 27 28 28 30 30 32 33 33 34 34 36 36 37 36 36 35 35 33 33 33 32 32 31 31 30 28 28 27 25 24 21 19 16 15 12 11 11 10 9 8 6 6 8 8 8 8 9 9 9 9 9 8 8 8 7 7 7 7 7 8 8 9
8 8 8 8 8 8 8 8 9 9 11 12 14 16 18 19 21 23 23 23 22 22 20 20 20 20 20 20 20 21 22 23 24 25 26 27 28 29 30 31 32 32 33 34 35 36 36 36 36 35 35 34 33 33 32 32 31 31 30 29 29 28 26 25 23 20 17 15 13 11 11 9 9 6 5 5 8 8 8 8 8 8 7 7 7 7 7 7 7 7 7 7 7 7 7 8
8 8 8 8 8 8 8 8 9 9 11 11 13 15 17 19 20 22 23 23 22 22 20 20 20 20 20 20 20 20 22 22 24 24 26 27 27 29 29 31 32 32 32 33 35 35 36 36 36 36 36 34 33 33 32 32 31 31 30 29 29 28 27 26 23 21 18 16 14 12 11 9 8 5 5 5 7 8 8 8 8 7 6 5 6 6 7 7 7 7 7 7 7 7 7 8
7 7 7 8 8 8 8 8 8 8 10 11 12 15 17 18 20 21 22 22 22 22 20 20 20 20 20 20 20 20 22 22 24 24 26 27 27 28 29 30 31 31 32 32 34 35 35 36 36 35 35 34 33 33 32 31 30 30 30 29 29 28 27 25 23 21 18 17 15 12 11 9 8 5 5 5 5 5 6 6 6 5 4 4 5 5 6 6 6 6 6 6 6 7 7 8
7 7 7 8 8 8 8 8 8 8 10 10 12 14 16 18 19 21 22 22 22 22 21 20 20 20 20 20 20 20 22 22 24 24 26 26 27 28 28 30 31 31 32 32 34 34 35 35 35 35 35 34 33 33 31 31 29 29 29 29 28 27 26 25 22 21 18 17 15 12 11 8 7 5 5 5 5 5 5 5 5 4 4 4 4 5 5 5 6 6 6 6 6 7 7 8
7 7 7 7 7 8 8 8 8 8 9 10 11 14 16 17 19 20 21 21 21 21 21 20 20 19 19 20 20 20 22 22 24 24 25 26 26 28 28 30 31 31 32 32 33 34 34 34 34 35 35 34 33 33 31 30 29 29 28 28 27 26 25 25 22 21 18 16 14 12 11 8 7 6 5 5 5 5 5 5 5 5 6 5 5 5 5 5 6 6 6 6 6 9 9 9
7 7 7 7 7 7 8 8 8 8 9 9 11 12 14 15 18 19 21 21 21 21 21 20 20 19 19 20 20 20 21 22 23 24 25 26 26 28 28 30 30 30 31 31 33 33 33 34 34 34 34 33 33 32 30 30 29 29 28 27 27 25 25 25 22 21 17 16 14 12 11 8 8 7 7 6 5 5 5 5 5 6 7 7 6 5 5 5 6 6 7 8 8 10 10 10
7 6 6 7 7 7 8 8 8 8 9 9 10 12 13 14 17 18 20 20 21 21 20 20 20 20 20 19 19 20 21 21 23 23 24 26 26 28 28 29 30 30 31 31 32 32 33 34 34 34 34 33 32 32 30 29 28 28 27 27 26 25 25 24 22 21 17 15 13 12 11 9 9 8 8 8 7 7 7 7 7 8 8 8 8 7 7 6 7 7 9 10 10 10 10 10
7 6 6 7 7 7 8 8 8 8 8 8 9 11 12 13 15 17 19 20 21 21 20 20 20 19 19 19 19 20 21 21 22 22 24 26 26 28 28 29 30 30 31 31 32 32 33 33 33 34 34 33 32 32 29 29 28 28 27 26 26 25 25 24 22 20 17 15 13 11 11 10 10 9 9 9 8 8 8 8 8 9 9 9 9 8 8 7 8 8 10 10 11 11 11 11
6 7 7 7 7 7 7 7 8 8 8 8 8 10 11 12 14 17 18 20 20 20 20 19 19 19 19 20 20 20 21 21 22 22 24 25 26 27 27 29 30 30 31 31 32 32 32 32 32 33 33 32 32 32 30 30 28 27 27 26 25 24 24 23 22 20 17 15 13 11 11 10 10 9 9 9 9 9 9 9 9 9 9 9 9 9 8 8 8 9 10 10 10 11 11 11
6 6 6 7 7 7 7 7 8 8 8 8 8 9 10 11 14 16 18 19 20 20 19 19 19 19 19 20 20 20 21 21 22 22 24 25 25 27 27 29 30 30 31 31 32 32 32 32 32 33 33 32 32 32 30 30 28 27 26 25 25 23 23 23 21 20 16 15 12 11 11 10 10 10 10 10 9 9 9 9 9 9 9 9 9 9 9 9 9 9 10 10 10 11 11 11
6 6 6 7 7 7 7 7 7 7 8 8 8 8 9 11 13 15 17 18 18 18 18 18 18 19 19 20 20 20 21 21 22 22 24 25 25 27 27 29 29 29 30 30 31 31 32 32 32 33 33 33 32 32 30 29 28 27 26 25 24 23 22 22 21 19 16 15 11 11 11 10 10 10 10 10 9 9 9 9 9 9 9 9 9 9 9 9 9 9 9 9 10 11 11 11
6 6 6 7 7 7 7 7 7 7 8 8 8 8 9 10 12 14 16 17 18 18 18 18 18 19 19 20 20 20 21 21 23 23 25 25 25 27 28 29 29 29 30 30 31 31 31 32 32 32 32 32 32 31 29 29 27 27 26 24 24 22 22 22 20 19 16 15 12 11 11 10 10 10 10 10 9 9 9 9 9 8 8 9 9 9 9 9 9 9 9 9 10 11 11 11
6 6 6 6 6 7 7 7 7 7 8 8 8 8 8 9 11 13 14 16 17 17 18 18 18 19 19 20 20 20 21 21 23 23 25 26 26 27 28 30 30 30 30 30 30 30 31 31 31 31 31 32 31 31 29 29 27 27 26 24 24 22 22 21 20 19 16 15 12 11 11 10 10 10 10 9 9 9 9 9 9 8 8 8 8 8 8 8 8 8 9 9 10 12 12 12
6 6 6 6 6 7 7 7 6 6 7 7 8 8 8 9 10 11 13 15 17 17 18 18 18 19 19 20 20 20 21 21 23 23 25 26 26 27 27 29 30 30 30 30 30 30 30 30 30 31 31 31 31 30 29 28 27 27 26 24 24 22 22 21 19 18 16 14 11 11 11 10 10 9 9 9 9 9 9 9 9 8 8 8 8 8 8 8 8 8 9 9 10 12 12 12
6 6 6 6 6 7 7 7 6 6 7 7 7 8 8 9 9 11 13 14 16 17 18 18 18 19 19 20 20 20 21 21 23 23 24 25 25 27 27 29 30 30 30 30 30 30 30 29 29 29 30 30 30 30 29 28 27 27 26 25 24 22 22 21 19 17 15 13 11 10 10 9 9 9 9 9 8 8 9 9 9 8 8 8 8 8 7 7 7 7 8 9 10 11 11 12
