geo_cache/6-0/elevation.txt
ncols         949
nrows         918
xllcorner     -71.03333333333333
yllcorner     41.76
cellsize      1.0E-5
NODATA_value  -9999
[rows 285 to 341 of 918, columns 288 to 383 of 949]
16 16 18 21 21 21 20 19 16 13 12 9 8 6 6 5 5 5 5 5 6 8 8 8 11 14 14 15 15 15 14 14 13 11 11 12 13 15 16 17 18 18 19 19 20 21 22 23 24 25 27 28 29 29 29 28 28 27 27 27 27 27 26 26 26 26 24 23 22 20 20 18 18 18 18 18 19 19 19 20 20 20 20 19 19 19 19 19 19 20 20 21 21 22 22 23
15 16 17 20 20 20 19 18 16 13 12 9 8 7 6 5 5 5 5 5 6 8 8 8 10 13 13 14 14 14 14 14 13 11 11 12 13 15 16 17 19 20 20 20 20 21 21 23 23 24 25 27 28 28 29 28 27 27 27 27 27 27 27 26 25 25 23 23 22 20 20 19 18 18 18 18 19 19 19 20 20 20 20 19 19 19 19 19 19 20 21 22 23 23 23 23
15 16 17 19 20 20 18 18 16 14 12 10 9 8 7 6 6 6 6 6 6 8 8 7 9 12 12 13 14 14 14 14 13 12 11 12 13 15 17 18 20 20 21 21 21 21 21 23 23 23 25 26 27 27 28 27 27 27 27 27 27 28 27 27 25 25 23 22 22 21 20 19 19 19 19 19 19 19 19 20 20 19 19 19 19 19 19 19 20 21 22 23 24 24 24 24
15 17 17 18 19 19 18 17 16 15 13 10 9 9 8 7 7 7 7 7 8 8 8 6 7 10 11 12 13 13 14 14 14 12 12 12 13 15 17 18 20 20 21 21 21 21 22 22 22 23 24 25 26 26 26 27 27 27 27 28 28 28 27 27 25 25 23 22 22 21 20 19 19 19 19 19 19 19 20 21 21 19 19 19 19 19 19 19 20 22 23 24 24 25 25 26
14 17 17 18 19 19 18 16 15 15 13 11 10 9 9 8 8 8 7 7 8 9 8 6 7 10 10 12 13 13 14 14 14 13 12 12 13 15 17 18 20 20 21 21 22 22 22 22 22 22 23 24 25 25 26 27 27 27 27 28 28 28 27 27 25 24 23 22 22 21 21 19 19 19 19 19 19 19 19 19 19 18 18 18 18 18 19 19 20 23 24 25 25 25 25 26
13 15 16 17 17 18 17 15 13 13 12 11 11 9 9 8 7 6 6 7 8 9 9 7 8 10 11 11 12 12 13 13 13 13 13 13 13 15 16 17 19 20 20 20 21 22 22 22 21 21 22 23 24 24 25 25 26 26 26 27 26 26 26 26 24 24 22 22 22 21 20 19 18 18 18 18 18 18 18 17 17 18 18 17 17 18 19 19 20 23 24 26 26 26 26 26
12 14 15 16 16 17 16 13 11 11 11 12 12 9 9 8 7 5 5 6 7 9 9 9 9 11 11 11 12 12 12 12 12 14 14 14 14 14 15 16 18 19 20 20 20 23 23 21 21 21 21 22 24 24 25 25 25 26 26 26 26 25 25 25 24 23 22 21 21 20 20 18 18 18 17 17 17 17 17 17 17 17 17 17 17 17 19 19 20 22 23 26 26 27 27 27
12 13 13 14 15 16 15 12 9 9 10 11 11 10 9 8 6 4 3 4 6 8 9 11 11 12 12 12 12 12 12 12 12 13 13 13 13 13 14 15 17 18 19 19 20 22 22 21 20 20 20 22 23 23 24 25 25 26 26 25 25 25 24 24 23 22 21 21 21 20 19 18 17 17 16 16 16 16 16 16 16 16 16 16 17 17 19 19 20 22 23 25 26 26 26 26
11 12 12 14 14 14 14 11 9 9 9 11 11 10 8 7 6 4 3 3 6 8 10 12 12 12 12 12 12 12 12 12 12 13 13 13 13 13 14 14 16 17 18 18 19 21 21 20 20 20 20 21 23 23 24 25 25 26 26 25 25 25 24 24 22 22 21 21 21 19 19 18 17 16 16 16 16 16 16 16 16 16 16 16 17 17 19 19 20 22 22 25 26 26 26 26
11 11 11 12 12 12 12 11 9 9 9 10 10 9 8 7 5 4 3 4 7 9 10 11 12 12 12 12 12 12 12 12 12 13 12 12 12 12 12 14 15 17 17 18 19 20 20 18 18 18 19 20 22 22 24 25 25 26 26 25 25 25 23 22 22 21 20 20 20 19 17 17 16 16 16 16 16 16 16 16 16 16 16 16 17 17 19 20 21 23 23 25 26 27 27 27
11 11 11 11 11 11 11 10 10 10 10 9 9 8 8 7 5 4 3 4 8 10 11 11 12 13 13 13 13 13 12 12 12 12 11 11 11 12 12 13 15 16 16 17 18 19 18 17 17 17 19 20 22 22 24 25 25 26 26 25 25 24 22 22 21 21 19 19 19 18 17 17 16 16 16 16 16 16 16 16 16 16 16 17 17 17 19 20 22 23 23 25 26 27 27 27
11 10 10 10 10 10 10 10 10 9 9 9 8 7 7 7 5 3 2 5 9 10 11 12 12 12 12 12 13 13 12 12 13 12 11 10 10 11 12 12 14 15 15 16 18 18 17 16 16 17 19 20 21 22 23 24 24 24 24 24 23 23 22 21 20 20 19 18 18 17 17 17 17 17 17 17 17 17 17 17 17 17 17 17 18 18 19 20 22 23 23 25 26 28 28 28
10 10 10 10 10 10 10 10 10 9 9 8 8 7 7 7 5 3 2 5 9 11 11 12 12 12 12 12 13 13 12 12 13 12 11 9 9 10 12 12 14 14 15 15 17 17 17 16 16 16 19 19 21 21 23 24 24 23 23 23 22 22 20 19 19 19 19 18 18 17 17 16 16 16 16 16 16 16 16 17 17 17 17 17 18 19 20 21 22 23 24 25 26 28 28 28
10 10 10 9 9 9 9 9 9 9 9 8 8 7 7 6 5 3 2 5 10 12 12 11 11 11 11 11 11 12 12 12 12 12 11 9 9 10 12 12 13 13 14 15 16 16 16 15 15 16 18 18 20 21 22 23 23 22 22 21 21 20 19 18 18 18 18 18 18 17 17 16 16 16 16 16 16 16 16 16 16 16 16 17 19 20 21 22 23 24 25 26 27 28 28 29
10 9 9 9 9 9 9 9 9 9 9 7 7 7 7 6 5 4 3 5 11 12 12 11 11 10 10 10 11 11 12 12 12 11 10 9 9 11 12 12 13 13 14 14 15 16 16 15 15 16 18 18 20 20 22 22 22 21 20 20 20 19 18 18 18 18 18 18 18 17 17 16 16 16 16 16 16 16 16 16 16 16 16 18 19 21 22 23 24 25 26 27 27 28 28 29
10 9 9 9 9 9 9 9 9 9 9 7 7 6 6 6 4 4 3 5 11 12 12 11 11 10 10 9 10 10 11 11 12 11 10 9 9 11 12 12 13 13 14 14 15 16 16 15 15 16 18 18 19 20 21 21 21 20 20 19 19 19 18 18 18 18 18 18 18 17 17 16 16 16 16 16 16 16 16 16 16 16 16 19 20 21 23 24 25 26 27 28 28 28 28 29
10 9 9 9 9 9 9 9 9 9 9 7 6 4 4 5 4 4 4 5 9 11 10 10 10 9 9 8 8 9 10 10 11 11 10 9 9 11 12 12 13 13 14 15 15 16 16 17 17 17 18 18 18 19 19 19 19 19 19 19 19 18 18 18 18 18 18 18 18 17 17 17 17 17 17 17 17 17 17 17 17 17 18 19 20 22 24 25 26 27 27 28 28 28 29 29
10 9 9 9 9 9 9 9 9 9 9 7 6 4 4 4 5 5 5 6 8 9 9 10 10 8 8 8 8 8 9 9 10 10 10 9 9 11 12 12 13 14 15 15 16 16 17 18 18 18 18 18 18 18 19 19 19 19 19 19 19 18 18 18 18 18 18 18 18 18 18 18 18 18 18 18 18 18 18 18 18 18 19 20 21 23 25 25 27 28 28 29 29 29 29 30
10 9 9 9 9 9 9 9 9 9 9 7 6 4 4 4 5 5 6 6 8 9 9 10 10 8 8 8 8 8 8 8 9 10 10 9 10 12 12 12 14 14 15 16 16 17 18 19 19 19 18 18 18 18 18 18 18 18 18 19 19 18 18 18 18 18 18 18 18 18 18 19 19 19 18 18 19 19 18 19 19 19 19 21 22 23 25 25 27 28 28 29 29 29 29 31
10 9 9 9 9 9 10 10 10 9 9 7 7 5 4 4 5 5 6 6 8 9 9 10 10 9 9 8 8 8 8 8 8 9 9 10 10 12 12 13 14 15 16 17 17 18 18 20 20 19 18 18 18 18 18 18 18 18 18 19 19 18 18 18 18 18 18 18 18 18 19 20 20 20 19 19 20 20 19 19 19 19 20 22 23 23 25 25 28 29 29 30 30 30 30 31
9 9 9 9 9 9 9 9 9 9 9 7 7 6 4 4 4 4 6 6 8 9 9 11 12 11 11 10 8 8 8 8 8 9 9 11 11 12 13 14 15 17 17 19 19 18 18 20 20 19 19 19 18 18 18 18 18 18 18 19 19 18 18 18 18 18 18 18 19 20 20 20 20 20 20 20 19 19 20 19 19 20 20 22 22 23 25 25 28 29 29 30 30 30 30 31
9 9 9 9 9 9 9 9 9 9 9 8 8 7 5 4 4 4 6 7 9 10 10 12 13 12 12 12 9 8 8 8 8 9 9 11 11 12 13 14 16 17 18 19 20 19 19 20 20 20 20 20 19 19 19 19 18 18 18 19 19 18 18 18 18 18 18 19 20 21 21 20 20 20 20 20 19 19 20 19 19 20 20 22 22 22 24 25 28 29 29 30 30 31 31 31
9 9 9 9 9 9 9 9 9 9 9 8 8 7 6 4 4 4 6 7 9 10 10 12 13 14 14 13 10 8 8 8 9 9 9 11 11 12 13 14 16 18 19 20 21 20 19 20 20 21 20 20 20 20 20 19 19 19 19 19 19 18 18 18 18 18 19 20 21 22 22 20 20 20 20 20 20 20 20 19 19 20 20 22 22 22 24 26 28 29 29 30 30 31 31 32
9 9 9 9 9 9 9 9 9 9 9 9 9 7 6 5 5 5 6 7 9 11 11 13 14 15 15 14 12 10 10 10 10 10 10 12 12 12 13 14 17 18 19 20 21 20 20 21 21 21 21 21 21 21 20 20 20 20 20 20 20 19 18 18 18 18 19 20 21 22 22 21 21 21 21 20 20 20 20 20 20 20 21 22 22 23 25 26 29 30 30 31 31 31 31 32
9 8 8 8 8 8 9 9 9 10 10 9 9 7 7 6 6 5 5 7 10 11 11 13 14 16 16 15 14 13 13 13 12 12 11 11 11 12 13 15 17 18 20 20 21 21 21 21 21 22 22 22 21 21 21 20 20 20 20 20 20 19 18 18 18 19 19 20 21 23 23 22 22 22 21 20 20 20 20 20 20 21 21 23 23 24 26 27 29 30 31 31 31 31 31 31
10 8 8 8 8 8 9 9 9 10 10 10 9 8 8 7 7 6 5 7 10 11 12 13 14 16 17 17 15 15 15 14 14 13 11 11 11 12 14 15 17 18 20 20 21 22 22 22 22 22 22 22 21 21 21 20 20 20 20 20 20 19 19 19 19 19 20 20 21 23 23 23 23 23 21 21 21 21 21 21 21 21 22 23 24 25 27 28 30 31 31 31 31 30 30 30
10 8 8 8 8 8 9 9 9 10 10 10 9 8 8 7 7 7 6 8 11 12 13 14 15 16 17 18 16 16 15 15 14 13 11 10 10 11 13 15 18 19 20 20 21 23 23 24 23 23 23 23 22 21 21 20 20 20 20 20 20 20 20 20 20 20 20 21 21 23 23 23 23 23 22 21 21 21 21 21 21 22 22 23 24 25 27 28 29 31 31 30 30 29 28 28
11 9 8 8 8 8 9 9 10 10 10 9 9 8 8 6 7 7 7 9 12 13 14 14 15 17 17 18 16 16 15 14 13 12 11 9 9 11 13 15 18 19 20 21 22 23 23 24 24 23 23 23 23 22 21 20 20 20 20 20 20 20 21 21 21 21 21 22 22 23 23 23 24 24 22 21 21 21 21 21 21 21 21 22 22 24 26 27 28 30 31 30 30 28 28 27
12 9 9 9 10 10 10 9 9 9 9 8 9 9 8 6 6 7 9 11 13 14 14 15 15 17 17 17 16 15 13 12 12 11 10 9 9 10 12 14 18 20 21 22 23 24 24 25 25 25 25 24 24 23 22 22 21 21 21 20 21 21 21 22 23 23 23 23 23 23 23 23 23 23 22 22 21 21 20 20 20 20 21 21 21 23 25 26 27 29 29 29 29 27 26 25
12 10 10 10 11 11 11 10 9 9 9 8 8 9 8 6 6 7 10 12 14 15 15 15 15 17 17 17 16 15 12 12 12 10 10 9 9 10 12 15 18 20 22 23 23 25 25 25 25 25 25 25 24 24 22 22 22 22 22 21 21 22 22 23 24 24 24 24 24 23 23 23 23 23 23 23 21 21 20 20 20 20 20 20 20 22 23 25 26 27 28 28 28 26 25 25
13 11 11 12 14 14 14 13 10 9 9 8 8 7 7 6 7 8 10 12 13 14 14 15 15 17 17 17 16 15 14 13 12 10 10 9 9 10 13 16 19 21 22 23 24 25 25 25 25 25 25 24 24 23 22 22 22 22 22 22 22 22 22 24 24 24 24 24 24 23 23 23 23 23 23 23 21 21 20 20 20 20 20 20 20 21 23 24 24 25 26 26 26 25 25 25
13 12 12 14 17 17 17 15 12 9 9 8 8 6 6 7 8 8 10 11 13 13 13 15 15 16 16 17 17 16 14 14 13 10 10 10 10 11 14 17 20 21 23 24 25 26 26 25 25 25 24 23 23 22 22 22 22 22 22 22 22 22 23 24 25 25 25 24 24 24 24 24 23 23 22 22 21 21 20 20 20 20 20 20 20 20 22 23 23 24 25 25 25 24 24 24
14 12 12 15 18 19 20 17 13 10 10 9 8 5 5 7 9 9 10 11 13 13 13 14 14 16 16 17 17 16 15 14 13 10 10 10 11 12 15 17 20 21 23 24 26 27 26 25 25 24 23 22 22 22 22 22 22 22 22 22 22 23 23 24 25 25 25 24 24 24 24 23 23 22 22 22 21 21 20 19 19 19 19 20 20 20 20 22 22 22 23 23 24 24 24 24
14 12 12 16 19 20 20 18 13 10 10 9 7 4 5 8 10 10 10 11 13 13 13 14 14 16 16 17 17 16 15 15 13 11 11 11 11 13 16 18 20 21 23 24 26 27 27 25 25 24 22 22 22 22 22 22 22 21 21 21 21 23 23 23 24 24 24 24 24 24 24 23 22 22 22 22 21 21 20 19 19 19 19 20 20 20 20 21 21 22 22 23 23 24 24 24
14 12 12 16 20 20 22 19 14 11 10 8 7 4 5 8 10 10 10 11 12 13 13 13 14 15 16 16 16 15 13 13 13 11 11 12 12 14 16 18 20 21 23 24 26 27 27 25 25 24 22 22 22 22 22 22 22 21 21 21 21 22 22 23 22 23 23 23 23 23 23 23 22 22 21 21 20 19 19 19 19 19 19 19 19 19 19 20 20 20 21 21 22 22 22 23
13 12 12 16 19 20 22 20 17 12 10 8 6 4 5 8 11 11 11 11 12 13 13 13 13 14 15 15 15 13 11 12 12 12 12 13 14 16 17 19 21 22 23 25 26 26 26 25 25 24 23 22 22 22 22 22 22 20 20 20 20 21 21 21 21 22 22 23 23 23 22 22 22 21 20 20 19 18 18 18 18 19 19 19 19 19 19 19 19 19 20 21 21 21 21 22
12 12 12 15 18 20 21 21 17 13 11 8 6 4 5 8 11 11 11 11 12 12 12 12 12 13 14 14 13 12 10 10 11 13 13 14 15 17 18 19 21 23 24 26 26 26 26 25 25 24 23 23 23 23 22 22 22 20 20 20 20 20 20 20 20 20 21 21 22 22 21 21 21 21 20 19 18 18 17 17 17 19 19 19 19 19 19 19 19 19 19 20 20 21 21 21
12 12 12 14 17 19 21 21 17 13 11 8 6 5 5 8 10 10 11 11 12 12 12 11 11 12 13 13 12 11 9 9 10 13 14 15 15 18 19 19 22 23 25 26 25 25 25 25 25 24 24 24 23 23 22 22 22 20 20 20 20 20 20 20 20 20 20 20 21 21 21 21 21 21 19 19 18 18 17 17 17 19 19 19 19 19 19 19 19 19 19 20 20 21 21 21
11 11 11 13 16 18 19 19 17 13 10 8 6 5 5 8 10 10 11 11 12 12 11 11 11 11 11 11 11 10 9 9 10 13 14 15 15 18 19 20 22 23 25 25 25 25 25 25 25 25 23 23 22 22 22 22 22 20 20 20 20 20 20 20 20 20 20 20 20 21 21 21 20 20 19 19 18 18 17 17 18 19 20 21 20 19 19 19 19 19 19 20 20 21 21 21
11 11 11 12 15 17 18 17 15 12 10 8 7 5 5 8 10 10 11 11 11 11 11 10 10 10 10 11 10 10 10 10 10 13 13 15 15 17 19 20 22 23 24 24 24 24 24 25 25 24 23 23 22 22 22 22 22 21 21 20 20 20 20 20 20 20 20 20 20 21 21 21 20 20 19 19 18 18 18 18 18 20 21 22 21 20 20 20 20 20 20 20 20 21 21 21
11 10 10 11 14 15 16 16 13 11 10 8 7 5 5 8 9 9 10 10 11 10 9 9 9 10 10 9 9 9 10 10 11 13 13 15 15 17 19 20 22 22 23 23 23 24 24 24 24 24 23 23 22 22 22 22 22 21 21 21 21 21 20 20 20 20 20 20 20 20 20 20 19 19 19 19 18 18 18 18 18 20 21 22 21 20 20 21 21 21 22 21 21 21 21 21
11 10 10 10 13 14 14 14 11 10 10 8 7 6 6 7 9 9 10 10 10 9 9 9 9 10 10 9 9 9 10 10 11 12 13 15 15 17 19 20 22 22 23 23 23 24 24 24 24 24 23 23 22 22 22 22 22 21 21 21 21 21 20 20 20 20 20 20 20 20 20 19 19 19 18 18 19 19 18 18 18 20 21 22 21 20 20 21 22 22 22 21 21 21 21 20
11 10 10 10 11 12 12 12 10 9 9 8 7 6 6 7 7 8 9 10 10 9 8 8 9 10 10 9 9 9 9 10 11 12 13 15 15 17 19 20 22 22 23 23 23 24 24 24 24 23 22 22 22 22 22 22 22 22 22 22 22 21 20 20 20 20 20 20 20 19 18 18 17 17 17 17 18 19 18 17 17 18 19 20 20 20 20 20 21 21 21 21 20 20 20 19
12 11 10 10 10 10 10 10 9 9 9 8 8 7 7 6 7 7 8 9 9 8 7 7 8 10 10 9 9 9 9 9 11 13 14 15 15 17 19 20 22 22 23 23 23 24 24 23 23 23 22 22 21 21 21 22 22 22 22 22 22 22 20 20 20 20 20 20 20 18 17 16 16 16 16 17 18 18 18 16 16 17 17 18 19 19 20 20 19 20 20 20 20 19 18 17
13 11 11 9 9 9 9 9 9 9 9 8 8 8 7 6 6 6 7 8 8 7 6 7 8 10 10 9 9 9 9 9 11 13 14 15 15 18 19 20 21 22 23 23 23 24 24 23 23 22 21 21 20 20 20 21 21 21 21 21 21 21 20 19 19 19 19 19 19 18 17 15 15 15 16 16 17 17 18 16 16 16 16 17 18 18 19 19 19 19 19 19 18 18 17 16
13 12 10 8 8 8 9 9 9 9 9 9 9 8 8 7 6 6 7 7 7 6 6 7 9 10 10 9 9 9 9 9 11 13 13 15 15 18 19 19 21 21 22 22 23 23 23 23 22 22 21 20 20 20 20 20 20 21 21 21 21 21 19 19 19 19 18 18 17 17 16 15 15 15 16 16 17 17 18 16 16 16 16 17 18 18 19 19 19 18 18 18 18 17 16 15
14 13 10 7 7 8 9 9 9 9 9 9 10 10 9 8 6 5 5 5 6 6 6 8 9 10 10 10 10 10 9 10 10 12 12 13 15 17 18 19 20 21 22 23 23 23 23 22 21 20 20 19 19 19 19 19 19 19 19 19 19 19 19 18 18 18 17 17 16 16 16 15 15 15 15 15 17 18 18 17 17 17 17 17 18 18 18 18 18 18 17 17 16 17 15 13
14 13 10 6 7 8 9 9 9 9 9 10 10 10 10 9 7 5 4 4 6 6 6 8 9 10 10 10 11 11 10 10 11 12 12 12 14 16 18 18 20 20 22 23 23 23 23 21 21 20 19 19 18 18 18 18 18 19 19 19 19 19 18 18 18 18 16 16 16 16 16 15 15 15 15 15 17 18 19 18 18 18 18 18 18 18 18 18 17 17 17 16 16 16 14 12
14 13 10 6 7 8 9 9 9 9 10 10 10 10 10 9 7 5 4 4 6 6 6 9 10 10 10 10 10 10 11 11 11 12 12 12 13 15 17 18 19 20 21 22 23 23 23 21 21 21 19 19 18 18 18 18 18 19 19 19 19 19 18 18 18 18 16 16 16 16 16 15 15 15 15 15 17 18 19 19 19 18 18 18 18 18 18 18 17 16 16 16 16 15 14 12
14 13 9 6 7 7 8 8 9 10 10 10 8 8 8 9 7 6 6 6 6 6 7 9 10 9 9 8 8 9 10 10 11 11 11 12 12 15 17 17 19 19 21 22 23 23 23 21 21 21 20 19 19 18 18 18 18 18 18 18 17 17 17 17 18 18 16 16 16 16 16 15 15 15 15 16 18 18 19 19 19 18 18 18 18 18 18 18 17 16 16 16 16 15 14 12
14 12 9 7 7 7 8 8 10 11 11 9 7 7 7 8 8 7 7 7 7 7 7 9 9 9 9 7 7 8 10 10 11 10 10 11 12 14 16 17 19 20 21 21 22 23 23 22 22 21 21 20 19 18 18 18 18 18 18 17 17 17 17 17 18 18 16 16 16 16 16 15 15 15 16 16 18 18 19 19 19 18 18 18 18 18 18 18 17 17 17 16 16 15 14 13
13 11 9 7 7 7 8 9 10 11 11 8 6 6 6 7 8 8 9 9 9 9 9 10 10 8 8 7 6 7 9 10 11 10 10 11 11 13 16 16 19 20 21 21 21 23 23 22 22 22 21 20 20 19 18 18 18 18 18 17 17 17 16 16 18 18 16 16 16 16 16 15 15 15 16 17 18 18 19 19 19 18 18 18 18 18 18 18 17 17 17 17 17 15 14 13
12 10 9 8 8 9 9 9 9 10 10 8 6 6 6 6 9 9 10 10 10 10 10 10 10 9 8 7 6 7 9 10 11 10 10 11 11 13 15 16 18 19 20 20 21 22 22 22 22 22 21 21 20 19 18 18 18 18 18 17 17 17 16 17 18 18 17 16 16 16 16 16 16 16 17 17 18 18 18 19 19 18 18 18 18 18 18 18 17 17 17 17 17 15 15 14
11 10 10 10 11 12 12 10 7 7 7 7 6 6 7 8 9 9 9 9 10 10 10 11 10 10 9 8 7 7 9 10 10 10 10 10 11 13 15 16 18 18 19 20 20 22 22 21 20 20 20 20 19 19 18 18 18 18 18 18 17 17 17 17 17 17 16 16 16 16 16 16 17 17 18 18 18 18 18 18 18 18 18 18 18 18 18 18 17 17 17 17 17 15 15 14
10 10 10 11 12 13 13 10 6 6 6 6 6 7 7 8 10 10 9 9 10 11 11 11 11 10 9 8 8 8 9 10 10 10 10 10 10 13 15 16 17 18 19 19 20 21 21 20 19 19 19 19 20 20 19 19 19 19 19 19 18 18 17 17 17 17 16 16 16 16 16 17 18 18 19 19 18 18 18 18 18 18 18 18 18 18 18 18 17 17 17 17 17 15 15 14
10 10 10 11 13 13 13 10 5 5 5 6 6 8 8 8 9 9 9 9 9 10 10 11 10 10 9 9 9 9 9 10 9 9 9 10 11 13 14 15 17 17 18 19 20 21 21 19 19 18 18 18 18 18 18 18 18 19 19 19 18 18 17 17 17 17 16 16 16 16 16 18 18 18 19 19 18 18 18 18 18 19 19 19 19 19 19 19 18 17 17 17 17 15 14 14
10 10 10 11 13 13 12 10 6 5 5 6 6 7 8 8 9 9 9 9 9 10 10 10 9 9 9 9 9 9 9 9 9 9 9 10 11 12 13 14 16 17 18 19 20 21 21 19 19 18 17 17 17 17 17 17 17 18 18 18 17 17 17 17 17 17 16 16 16 16 17 19 18 18 18 18 18 18 19 19 19 19 19 20 19 19 19 19 18 18 18 17 17 15 14 13
