geo_cache/6-0/elevation.txt
ncols         949
nrows         918
xllcorner     -71.03333333333333
yllcorner     41.76
cellsize      1.0E-5
NODATA_value  -9999
[rows 114 to 170 of 918, columns 672 to 767 of 949]
20 20 20 22 22 21 20 20 21 21 21 21 21 21 21 22 22 22 22 22 22 22 24 24 25 25 26 26 27 29 29 29 27 27 26 26 27 27 27 27 27 27 26 26 25 25 24 24 24 24 24 25 26 26 25 25 26 28 29 29 29 29 29 28 28 28 29 30 33 34 34 32 32 32 32 30 29 29 30 29 29 29 28 28 28 32 34 34 32 32 32 31 31 30 27 25
21 20 20 22 22 21 21 21 21 21 22 22 21 21 21 22 22 22 22 22 22 22 24 24 24 25 25 25 27 28 28 28 27 27 26 26 27 27 27 27 27 26 26 26 25 25 23 23 23 24 24 25 26 25 25 25 26 28 29 29 29 30 30 29 29 29 29 30 33 34 34 31 31 32 32 31 30 30 30 30 29 29 29 28 29 32 35 35 35 33 33 32 32 31 28 25
22 21 21 23 23 22 22 22 22 22 23 23 21 21 21 22 22 22 22 22 22 22 23 24 24 24 24 25 26 27 27 27 26 26 26 26 26 26 26 26 26 25 25 25 24 24 23 23 23 24 24 25 26 25 25 25 26 27 28 29 29 29 29 29 29 29 29 30 32 33 33 31 31 32 32 32 31 31 31 31 29 29 29 29 30 34 37 38 38 36 34 33 32 32 29 25
23 21 22 23 23 22 22 22 22 22 23 23 22 21 21 22 22 22 22 22 22 22 23 24 24 24 24 24 25 25 25 25 25 25 25 25 26 25 25 25 24 24 24 24 24 23 22 22 22 23 23 25 26 25 25 25 25 27 27 28 28 29 29 29 29 29 29 29 31 32 33 32 31 32 32 32 32 31 31 31 30 29 29 29 32 36 40 41 41 39 37 35 33 32 29 25
23 23 23 23 23 22 22 22 22 23 24 24 22 22 22 23 23 22 22 22 22 22 24 24 24 23 23 23 23 24 24 24 24 24 25 25 24 23 23 23 23 22 22 22 22 22 22 22 22 23 23 25 25 25 25 25 25 25 26 26 27 29 29 29 29 29 29 29 30 31 32 32 32 32 32 33 33 33 32 32 31 29 29 29 33 39 42 43 44 42 38 36 34 32 29 26
24 23 23 23 24 24 22 22 23 24 24 24 22 22 22 23 23 22 22 22 22 22 23 23 24 23 23 23 23 23 23 24 24 24 24 24 24 23 22 22 22 22 22 22 22 22 22 22 22 23 23 25 25 25 25 25 25 25 26 26 27 29 29 29 29 30 28 28 29 30 31 32 32 33 33 34 34 34 33 34 34 32 30 31 35 41 45 46 46 43 40 38 34 32 30 28
24 24 24 25 26 25 24 24 24 25 25 24 23 23 23 23 23 22 22 22 23 23 23 23 23 23 23 23 23 23 23 24 24 24 23 22 22 22 22 22 22 22 22 22 22 22 23 23 23 23 23 25 25 24 24 24 25 25 26 26 27 29 29 29 29 30 28 27 28 29 30 32 33 34 34 34 35 35 35 35 37 35 32 32 36 42 47 48 48 45 41 39 35 33 31 29
24 24 24 26 27 27 26 26 26 26 26 25 23 23 23 23 23 22 22 22 23 23 23 23 23 23 23 23 23 23 23 24 25 25 23 22 22 22 22 22 22 22 22 22 22 23 24 24 24 23 23 25 25 24 24 24 25 25 26 26 27 29 29 30 30 30 28 27 27 28 30 32 34 35 35 35 36 36 36 38 40 39 34 34 38 44 49 51 50 46 42 39 36 35 33 31
25 25 25 27 28 29 28 28 28 28 26 26 24 24 24 23 23 23 23 23 23 23 23 23 23 23 23 22 22 23 23 24 24 24 22 22 22 22 22 22 22 22 23 23 23 24 24 24 24 24 24 24 24 24 24 24 24 25 26 26 27 29 29 30 30 30 28 27 27 27 30 32 35 36 36 36 36 37 37 40 43 43 38 36 40 46 52 52 50 47 43 39 37 35 34 34
25 25 25 27 28 29 29 29 29 28 27 26 25 24 24 23 23 23 23 23 23 23 23 23 22 22 22 21 22 22 22 23 23 23 22 22 22 22 22 22 22 23 24 24 24 24 24 24 24 24 24 24 24 23 23 23 24 24 26 27 28 29 29 29 29 29 28 28 28 28 30 32 35 37 37 37 37 37 39 43 46 47 42 40 43 48 52 52 50 47 43 41 38 37 35 35
25 25 25 27 28 30 30 30 29 29 28 28 25 25 24 23 23 23 23 23 23 23 23 23 22 21 21 20 20 21 21 21 22 22 22 22 22 22 22 22 24 25 27 26 25 25 24 24 24 23 23 23 23 23 23 23 23 23 27 28 29 29 29 28 28 28 28 28 28 28 30 31 34 37 38 39 37 37 41 45 49 50 47 45 47 50 52 52 49 46 44 42 39 38 37 36
26 26 26 27 28 30 30 30 30 30 28 28 25 25 24 23 23 23 23 23 23 23 22 22 21 21 20 20 20 20 20 20 21 21 22 22 22 22 22 24 26 27 29 28 25 25 25 24 24 23 23 22 22 23 23 23 23 23 27 29 29 29 29 28 28 28 28 28 28 28 30 31 33 37 40 41 38 37 43 48 52 53 52 51 51 53 53 51 48 46 44 43 41 39 38 36
26 26 26 27 28 30 30 31 30 30 28 28 25 25 24 23 23 23 23 23 23 23 22 22 21 20 20 20 20 19 19 20 21 21 22 22 22 23 23 24 26 29 31 29 26 25 25 25 24 23 23 22 22 23 23 23 23 24 28 29 30 29 29 28 28 28 28 28 28 28 30 31 33 37 43 44 38 37 44 50 54 55 55 54 54 53 52 50 47 46 44 43 41 41 39 37
26 26 26 27 28 30 30 30 30 29 28 28 25 25 24 23 23 22 22 22 22 22 22 21 21 20 20 20 20 19 19 20 21 21 22 22 22 22 22 23 26 30 31 31 27 25 26 26 24 23 23 23 23 23 23 23 24 26 29 30 30 29 29 29 29 29 29 28 28 28 31 32 35 39 43 44 41 41 47 52 55 55 55 53 53 52 50 49 46 45 43 42 41 41 40 37
26 26 26 27 27 29 29 29 29 29 27 27 25 24 24 23 23 22 22 22 22 22 21 21 21 20 20 20 20 20 20 20 21 21 22 22 22 22 22 23 25 29 30 30 27 27 26 26 24 24 25 25 25 24 24 25 26 28 31 31 30 29 29 29 29 31 31 30 29 29 31 34 37 41 43 44 44 46 50 54 55 55 54 52 51 50 49 48 45 45 43 41 42 43 41 37
25 25 25 26 27 28 29 29 29 28 27 26 24 24 24 23 23 22 22 22 22 22 21 21 21 21 21 20 20 20 20 20 21 21 22 22 22 22 22 23 24 29 30 30 28 27 26 26 25 25 26 26 26 25 25 26 28 30 31 31 30 30 30 30 30 32 33 31 30 30 32 35 40 43 43 45 47 50 53 56 55 54 52 51 50 49 47 46 45 45 42 40 42 43 42 37
24 24 24 26 26 27 27 27 27 26 25 25 24 24 24 23 23 22 22 22 22 22 21 21 21 21 21 21 21 21 21 21 21 21 22 22 22 22 22 23 25 29 29 29 29 28 27 28 27 26 26 27 27 27 27 27 30 32 33 32 31 30 30 30 31 33 35 33 32 32 32 35 40 43 43 45 49 53 56 56 54 53 51 49 48 47 47 45 45 45 42 40 41 42 41 37
24 23 24 26 26 26 26 27 26 25 24 24 24 24 24 23 22 22 22 22 22 22 22 22 21 21 21 21 21 21 21 21 21 21 22 22 23 23 23 24 26 29 29 29 29 29 29 29 28 27 27 28 28 28 28 29 31 34 33 32 31 30 30 30 32 36 38 37 36 34 33 35 39 41 42 45 49 53 55 55 53 52 50 48 47 47 47 46 45 44 42 41 40 40 38 34
23 23 24 25 25 24 24 25 25 24 22 22 23 24 25 23 22 22 22 22 22 22 22 22 21 21 21 21 21 21 21 21 22 22 22 22 24 24 25 26 27 29 29 29 29 30 31 32 30 28 28 28 29 29 29 30 33 35 34 33 31 31 31 31 34 38 41 41 39 37 34 35 37 39 40 45 49 54 56 54 52 50 49 47 46 45 46 46 45 44 42 41 40 38 35 31
23 23 23 24 24 24 24 24 23 22 21 21 23 24 26 23 22 22 22 22 22 22 22 22 21 21 21 21 21 21 21 22 22 22 23 23 24 25 26 28 28 29 29 29 29 31 33 33 32 29 28 30 30 30 31 32 34 36 35 33 32 31 31 33 36 40 44 44 42 40 35 36 36 38 40 45 50 54 56 53 50 50 49 47 45 45 45 46 45 44 42 41 39 36 32 29
23 23 23 23 23 23 23 22 22 22 21 21 23 24 26 24 22 22 22 23 22 22 23 23 22 22 22 22 22 22 22 22 22 22 23 23 25 26 27 28 29 30 29 29 30 31 33 34 34 31 29 31 31 32 33 33 35 37 36 34 33 32 32 34 38 42 45 45 43 41 37 36 37 38 41 46 50 54 55 53 50 49 48 46 45 45 45 45 45 43 42 40 38 34 31 28
24 23 23 22 22 21 21 21 22 22 22 22 24 24 25 24 24 23 23 23 22 22 22 22 22 22 22 22 22 22 22 22 21 21 22 23 25 26 27 29 29 30 30 30 31 31 33 34 35 33 32 33 34 34 35 35 36 39 38 37 35 33 33 35 39 43 44 43 42 42 37 37 38 40 43 47 50 53 54 53 50 49 48 45 45 45 45 44 43 41 39 38 35 34 31 29
25 24 23 22 21 20 20 20 21 21 22 23 24 24 25 25 25 24 24 23 21 21 21 22 22 22 22 22 22 22 22 22 21 21 22 23 26 26 27 28 29 30 31 31 31 31 33 34 36 36 35 36 36 36 36 36 37 39 40 40 37 34 34 37 41 44 43 41 41 43 38 38 40 42 45 49 50 52 53 52 50 49 47 45 45 44 44 43 42 39 38 36 34 34 32 30
25 25 23 21 20 19 19 20 21 21 23 23 24 24 24 25 25 25 24 23 21 21 21 22 23 22 22 22 22 23 23 22 22 22 22 23 25 26 27 28 29 30 30 30 32 32 33 34 36 38 38 38 38 38 38 38 38 40 42 41 39 36 37 39 42 44 43 39 39 43 40 40 42 44 46 49 50 51 51 51 49 48 46 45 45 44 44 42 40 38 35 35 34 34 33 31
25 25 23 21 20 19 19 20 21 21 22 23 23 23 23 24 24 24 23 23 22 21 21 22 23 23 23 23 23 23 23 22 22 22 22 23 25 26 26 27 28 29 29 30 31 31 33 34 36 38 39 39 39 39 39 38 39 40 42 42 40 37 38 41 43 45 43 39 39 43 41 42 43 45 46 48 50 50 50 51 49 48 46 45 45 44 44 42 40 38 36 35 33 33 33 31
23 24 23 21 21 20 20 20 21 21 22 22 22 22 22 22 22 23 22 22 22 22 22 22 23 23 23 23 23 23 23 23 22 22 23 23 25 25 25 25 26 28 29 29 31 31 33 35 36 38 39 40 40 40 39 39 39 40 41 41 41 40 41 43 45 46 43 40 40 42 42 43 45 45 45 46 47 48 48 49 48 47 46 45 45 44 44 42 40 38 36 35 33 33 33 31
23 23 23 21 21 21 21 21 21 21 22 22 22 21 21 20 20 21 21 22 22 22 22 23 23 23 23 23 23 23 23 23 23 22 23 23 25 25 25 25 25 27 28 29 31 31 34 35 36 37 38 39 40 40 39 39 39 39 40 40 40 42 43 45 47 47 44 41 40 42 43 45 46 44 44 45 46 47 47 48 48 47 46 45 45 44 44 42 39 39 37 36 34 33 32 31
23 23 23 21 21 21 21 21 21 21 21 21 21 21 20 20 20 20 20 22 23 23 24 24 24 24 24 24 24 24 24 24 24 24 24 24 25 25 25 25 25 27 28 28 30 31 34 34 35 36 37 38 39 40 39 39 39 39 39 39 40 43 44 46 48 48 45 42 42 43 45 46 46 44 43 43 45 45 46 46 46 46 46 45 45 44 44 42 39 39 38 36 34 34 32 30
23 23 22 21 21 21 21 21 21 21 21 21 21 21 20 20 20 20 20 21 22 23 25 26 26 26 26 25 25 25 25 25 24 24 24 24 25 25 25 25 25 27 28 28 30 31 34 34 35 35 36 37 38 39 39 39 39 39 38 38 40 44 44 48 48 48 46 44 42 44 46 46 46 44 43 43 44 44 45 45 45 45 45 44 44 44 44 42 39 39 39 37 35 34 32 29
23 23 21 21 21 21 21 21 21 21 21 21 22 22 21 20 20 21 21 21 22 23 26 28 28 28 27 26 26 25 25 25 24 24 24 24 26 26 26 26 26 28 29 29 29 31 33 33 33 34 35 36 37 37 38 38 38 38 38 38 40 44 44 48 48 48 46 45 44 45 47 47 47 45 43 43 43 44 45 45 44 43 43 44 44 44 43 42 40 40 39 38 35 35 33 30
24 23 21 20 20 21 21 21 20 20 21 21 21 21 22 21 21 21 21 21 21 23 27 29 29 29 29 26 26 26 26 25 24 24 24 25 27 27 27 27 27 28 29 29 29 30 32 32 32 32 33 34 35 36 37 38 38 38 38 38 40 44 44 48 48 49 47 46 46 46 47 47 47 45 44 43 44 44 45 45 44 42 42 43 43 43 43 41 40 40 39 38 35 35 33 30
24 23 21 20 20 21 21 21 20 20 21 21 21 21 22 23 23 21 21 21 21 23 26 29 29 29 28 26 26 26 25 25 24 24 24 25 28 28 28 28 28 29 29 29 29 30 31 31 31 31 31 32 33 35 36 37 38 38 38 38 40 44 44 47 48 49 48 47 47 47 47 47 47 45 45 45 45 45 45 45 44 42 42 43 43 42 42 41 40 40 39 37 35 34 32 30
24 23 22 21 21 21 21 21 21 21 21 21 21 21 22 23 23 21 21 21 22 23 26 27 28 28 28 26 26 26 25 24 24 24 24 25 27 27 27 28 28 29 30 30 29 29 31 31 31 31 31 32 32 34 36 37 38 38 38 38 41 44 44 47 48 48 48 47 47 47 47 46 46 46 46 45 45 45 45 45 44 43 43 42 42 42 41 40 39 39 38 37 34 33 32 30
24 24 22 21 21 21 21 21 21 21 22 22 22 22 22 23 23 21 21 21 22 23 25 27 27 27 27 26 26 25 25 24 24 24 24 26 27 27 27 27 27 29 29 29 29 29 30 30 30 31 31 32 32 33 35 36 37 37 38 38 42 44 44 46 47 47 47 47 47 47 46 46 46 46 46 46 46 46 45 45 44 43 43 42 42 41 40 40 39 39 38 36 34 33 32 30
24 24 22 21 21 21 21 21 22 22 23 23 22 22 23 23 23 22 22 22 23 23 24 25 26 26 26 26 26 25 24 24 24 24 25 26 27 27 27 27 27 28 29 29 28 28 29 29 30 30 30 32 32 33 35 36 37 37 38 40 42 44 44 45 46 46 47 47 47 47 46 45 45 46 48 47 47 46 45 45 44 43 42 42 42 41 40 39 38 38 37 35 33 33 32 30
24 24 23 22 22 22 22 22 22 23 23 23 23 23 23 22 22 22 22 22 23 23 23 24 26 26 26 26 26 24 24 23 24 24 25 25 27 27 27 27 27 28 28 28 28 28 29 29 30 30 30 32 32 33 35 36 37 38 39 41 42 44 44 45 45 46 47 47 46 46 45 43 44 45 47 48 48 48 46 46 44 44 42 41 41 41 40 39 38 38 36 35 33 33 33 31
24 24 23 22 22 22 22 22 23 23 23 23 23 23 22 22 22 22 22 22 23 23 23 23 25 26 26 26 26 24 23 23 23 24 25 26 27 27 27 27 28 28 28 28 28 28 30 30 30 31 31 32 32 34 36 37 37 38 40 42 43 44 44 45 45 45 47 47 46 46 44 42 42 43 45 47 47 48 48 46 45 44 41 40 42 42 40 39 38 38 36 35 33 33 33 32
24 24 24 23 23 23 23 23 23 23 23 23 23 23 22 22 22 23 23 24 23 23 24 24 25 27 27 26 26 24 23 23 23 24 26 26 27 27 27 28 28 29 29 29 28 28 30 30 31 31 31 32 33 34 36 37 38 39 41 42 43 44 44 45 45 45 47 47 46 45 42 40 40 40 42 45 47 49 49 48 46 44 40 40 43 43 40 40 38 38 37 36 34 34 34 33
24 24 24 23 23 23 23 23 24 24 23 23 23 23 22 22 22 23 24 25 24 24 23 23 25 27 27 27 26 24 23 23 24 25 26 27 28 28 28 29 29 29 28 28 29 29 30 31 31 31 32 34 34 35 37 38 39 40 43 43 44 44 44 45 45 45 47 47 46 43 41 38 38 37 39 43 47 49 50 49 46 44 40 40 44 44 42 40 39 38 37 36 35 34 34 34
23 23 23 23 23 23 23 24 24 24 23 23 23 23 22 22 22 23 25 25 24 24 23 23 25 27 27 27 26 24 24 23 24 26 28 28 28 28 28 28 28 29 28 28 29 30 32 32 32 33 33 35 36 36 37 39 41 41 43 43 44 45 45 45 45 46 47 47 46 42 38 37 37 37 37 42 46 48 50 49 46 44 40 40 44 44 42 40 39 39 38 37 36 36 36 35
23 23 23 23 23 23 23 23 24 24 24 24 24 24 24 24 24 25 26 25 25 24 23 23 24 26 26 26 25 24 24 24 26 28 28 28 28 28 28 27 27 29 29 28 29 32 33 33 33 33 33 35 36 37 38 39 41 41 43 43 44 45 45 45 45 47 47 46 45 40 36 37 37 37 37 42 45 48 49 48 45 44 41 40 44 44 43 40 39 39 38 38 37 36 36 36
23 23 23 23 23 23 23 23 24 25 26 26 26 26 26 26 26 27 27 26 25 25 23 23 24 25 25 25 25 25 25 26 27 29 29 29 28 27 27 26 26 29 30 30 31 33 35 35 34 33 33 36 36 37 38 39 41 41 43 43 44 45 45 45 45 48 47 46 43 38 36 37 37 37 37 42 45 47 48 46 44 43 41 41 43 44 43 41 39 39 38 38 38 38 37 37
23 23 23 23 23 23 23 24 25 26 27 27 27 27 28 28 28 28 27 27 26 26 24 23 24 25 25 25 25 25 26 27 29 30 30 30 28 28 27 26 26 29 30 31 32 34 37 37 35 33 34 36 37 37 38 39 41 41 43 43 44 45 45 45 46 48 47 44 40 37 37 37 37 37 38 42 44 46 46 45 43 43 41 41 42 44 44 41 39 39 39 39 39 39 39 38
23 23 23 23 23 23 23 25 26 26 28 29 29 29 30 30 30 29 28 27 27 26 25 25 25 25 25 25 25 25 26 28 30 31 32 31 31 29 28 26 26 29 31 32 33 35 38 38 37 35 35 37 37 38 39 40 42 42 43 43 44 45 45 46 46 47 46 41 37 37 37 37 37 38 38 41 43 43 43 42 41 42 42 42 42 44 44 42 40 40 40 40 41 41 40 40
23 23 23 23 23 24 24 25 26 27 29 29 30 30 31 31 31 29 28 27 28 27 26 25 25 25 25 26 26 26 26 27 30 31 33 33 33 32 30 28 27 30 32 33 34 35 38 39 39 38 38 38 38 38 39 41 42 42 43 43 45 46 46 46 46 47 45 40 37 37 37 37 37 39 39 40 41 40 40 38 38 41 42 42 43 44 44 43 41 41 41 41 42 42 41 41
23 23 23 23 23 24 24 26 27 27 29 29 31 32 32 32 32 29 28 27 29 29 28 27 26 26 27 26 26 26 27 27 30 32 34 35 35 34 32 29 29 31 33 34 35 36 39 40 41 40 40 40 39 39 40 41 43 43 43 43 45 47 47 47 47 45 43 39 37 37 37 37 37 40 40 39 39 38 37 37 37 38 42 44 44 44 44 43 42 42 42 42 43 43 43 43
23 23 23 23 23 24 24 25 26 27 29 29 30 32 31 31 31 29 28 27 29 29 29 28 27 27 27 27 27 28 28 28 30 33 36 36 36 35 32 30 30 32 34 35 36 38 39 40 42 42 42 41 39 39 41 42 43 43 44 44 45 46 46 47 47 45 42 39 37 37 37 37 38 40 40 39 37 37 37 37 37 37 41 43 43 45 45 44 43 43 42 42 42 42 43 43
23 23 23 23 23 23 23 24 26 27 28 28 30 30 30 30 30 29 28 28 29 29 30 30 27 27 27 28 29 30 29 29 31 34 36 36 36 35 34 31 31 33 35 36 37 38 40 41 43 43 43 42 41 40 41 42 44 44 45 45 45 45 45 46 46 45 42 39 37 37 37 38 39 40 40 39 37 37 37 37 37 37 40 42 43 45 45 44 43 43 41 40 40 41 41 41
23 23 22 22 22 22 22 24 25 27 27 28 29 29 29 29 29 28 28 28 28 29 29 29 27 27 27 29 31 33 32 32 33 35 36 36 36 35 34 32 32 34 35 37 38 39 40 41 43 44 44 43 42 42 42 43 44 44 44 44 44 45 45 45 46 45 43 40 38 37 37 37 39 40 41 39 37 37 37 37 37 37 39 41 43 44 44 43 43 43 41 39 39 39 39 40
23 23 22 22 22 22 22 23 25 26 27 27 27 27 28 27 27 27 27 28 28 28 29 29 28 28 28 30 33 34 34 34 34 36 36 36 35 34 34 33 33 35 36 38 39 40 41 42 43 44 44 44 44 43 43 43 44 44 44 44 44 45 45 45 45 45 43 42 38 37 37 37 37 40 41 40 38 37 37 37 37 37 38 40 42 44 43 42 42 42 39 38 37 37 37 38
23 23 22 22 22 22 22 23 24 25 26 26 27 27 27 26 26 27 27 28 28 28 29 30 29 29 30 32 33 34 34 34 35 36 35 35 35 34 34 34 35 36 38 39 40 41 41 43 43 44 44 44 44 43 43 43 44 43 43 43 44 45 45 45 45 45 43 42 38 37 37 37 37 39 41 40 38 37 37 37 37 37 37 39 41 41 41 40 39 39 39 38 37 37 37 38
23 23 23 22 22 22 22 23 23 24 26 26 27 27 27 26 26 26 27 29 29 29 29 31 31 31 31 32 33 34 34 34 36 36 35 35 35 35 35 35 36 38 39 41 42 43 43 44 44 44 44 45 45 43 42 42 43 42 41 42 43 45 45 45 45 45 43 41 38 37 37 37 37 38 40 39 37 37 37 37 37 37 37 37 38 38 38 38 37 37 37 37 38 38 38 39
24 24 23 23 23 23 23 22 22 23 25 26 27 27 27 25 25 26 27 30 30 29 29 33 33 32 32 33 33 34 34 34 35 35 35 35 35 35 35 37 38 40 41 42 44 44 45 45 45 45 45 45 45 42 41 42 42 41 41 41 43 44 44 44 44 44 43 40 37 37 37 37 37 37 39 38 37 37 37 37 37 37 37 37 37 37 37 37 37 37 37 37 38 38 39 40
24 24 24 23 23 23 23 22 22 23 25 25 27 27 27 25 25 26 27 31 30 29 30 33 34 34 33 33 33 34 34 34 35 35 35 35 35 35 36 37 39 41 43 44 45 45 45 45 46 46 46 45 45 41 41 42 41 40 40 41 43 44 44 43 43 43 43 40 37 37 37 37 37 37 38 37 37 37 37 37 37 37 37 37 37 37 37 37 37 37 37 37 38 38 39 40
25 25 25 24 24 23 23 22 22 23 25 26 27 27 27 25 25 26 27 30 30 29 30 33 36 35 35 34 34 34 34 34 35 35 35 35 36 37 38 39 40 42 44 44 45 45 45 45 46 46 46 45 45 41 41 42 40 40 40 41 43 44 43 42 42 42 43 40 37 37 37 37 37 37 37 37 37 36 37 37 37 37 37 37 37 37 37 37 37 37 37 37 38 38 39 40
24 24 25 24 24 24 24 23 23 24 26 27 27 27 27 26 26 27 27 29 29 29 30 33 36 36 36 34 34 34 34 34 35 36 36 37 37 38 39 39 40 42 43 44 44 44 44 44 45 45 45 44 44 42 42 42 40 40 40 42 44 43 42 41 41 42 43 39 37 37 37 37 37 37 37 36 36 35 37 37 37 37 37 37 37 37 37 37 37 37 38 38 38 39 39 40
24 24 25 25 25 25 25 25 25 26 27 27 27 27 27 27 27 27 27 28 29 29 31 32 36 37 37 35 34 34 35 36 37 37 38 39 39 40 41 41 41 42 42 42 44 44 44 44 44 44 44 44 44 43 43 43 39 39 41 43 44 42 42 41 41 42 41 37 37 37 37 37 37 37 37 36 36 35 37 37 37 37 37 37 37 37 37 37 39 39 40 40 40 40 40 40
