geocache-va/1-3/elevation.txt
ncols         865
nrows         925
xllcorner     -77.5
yllcorner     38.75
cellsize      1.0E-5
NODATA_value  -9999
[rows 660 to 703 of 925, columns 192 to 287 of 865]
98 96 92 88 85 84 83 83 84 86 87 86 85 84 84 82 80 76 74 75 78 79 80 81 82 84 86 87 88 89 90 91 92 92 93 94 95 96 97 97 97 96 96 97 98 99 100 102 105 106 107 108 108 109 109 109 110 111 112 111 111 111 110 110 109 109 108 108 106 104 102 100 100 100 101 102 105 109 110 109 106 104 103 101 100 99 98 98 99 100 102 104 106 107 109 112
95 94 91 88 84 83 82 82 83 85 86 85 84 83 83 81 79 76 73 75 78 80 81 82 83 85 86 87 88 89 90 91 91 92 93 94 94 96 97 96 96 96 96 97 99 100 101 102 105 106 107 107 107 107 109 109 110 111 111 111 111 110 110 109 109 108 108 107 106 105 103 100 100 100 101 103 105 108 110 109 106 104 103 101 100 98 98 98 99 100 101 104 106 107 109 111
92 92 90 87 83 81 81 80 82 83 84 83 82 81 80 80 78 74 73 75 78 80 81 83 84 85 86 87 88 89 89 90 90 91 92 93 93 95 95 95 94 95 97 99 101 101 101 103 105 106 106 105 106 107 109 110 110 111 111 111 111 110 109 109 108 107 106 105 106 105 103 100 99 100 101 103 105 109 109 108 105 103 102 101 99 98 98 98 99 100 100 103 105 107 109 111
91 90 88 85 83 80 78 79 80 81 81 81 80 78 78 77 74 72 74 75 77 79 81 83 84 85 86 87 88 88 89 89 90 91 91 92 93 94 94 94 94 96 99 101 102 102 102 102 104 104 103 104 106 107 109 110 111 111 112 111 111 110 109 108 107 106 104 103 104 104 102 100 99 99 101 103 106 109 108 106 104 103 102 100 99 97 97 98 99 100 102 104 106 108 109 110
90 88 86 84 82 79 77 77 78 78 78 77 76 75 75 74 71 72 74 75 77 78 80 81 82 84 85 86 86 87 87 88 88 89 90 91 91 92 92 93 94 97 100 102 103 102 101 101 103 103 102 104 105 107 109 110 111 111 112 112 111 110 109 108 107 105 104 102 101 101 101 99 98 99 101 103 106 107 106 103 102 101 100 99 98 97 97 98 99 101 104 106 107 108 108 109
89 87 84 82 80 78 75 75 76 76 75 73 72 71 71 70 70 73 76 78 78 79 79 80 81 82 83 84 85 85 86 86 87 87 88 89 90 91 91 92 94 97 100 101 101 99 99 100 101 101 102 103 105 107 109 110 111 112 112 112 111 111 109 108 106 105 104 102 100 99 98 98 97 99 101 102 104 105 104 102 101 100 98 97 96 95 96 97 99 101 104 106 107 107 106 107
88 87 84 82 80 77 74 73 74 74 72 70 69 69 68 69 72 75 78 79 79 80 81 81 82 82 83 84 84 85 86 86 87 87 88 88 89 89 90 91 94 97 99 100 99 98 99 99 99 100 102 104 105 107 109 110 112 112 113 112 111 110 109 108 106 104 103 102 101 98 97 97 97 98 100 102 104 103 103 102 101 99 98 96 95 95 95 96 99 101 104 106 106 105 104 106
87 86 84 82 80 77 74 70 70 69 67 66 66 67 68 71 74 77 79 81 81 82 83 84 84 85 85 85 85 87 87 88 88 89 90 90 89 90 91 91 92 93 95 96 96 96 97 97 98 100 102 103 105 107 109 110 112 113 112 111 111 110 109 108 106 103 102 101 99 98 97 96 96 97 99 101 102 102 102 101 101 100 99 97 95 95 94 95 98 100 102 103 102 102 103 107
86 85 84 83 81 77 73 68 66 65 64 65 67 69 71 73 76 78 81 82 82 83 83 84 85 85 85 86 86 87 88 89 89 90 91 91 90 91 92 93 93 93 94 95 96 96 97 97 99 100 101 103 105 107 108 110 112 113 112 111 111 110 109 109 107 104 102 101 99 97 96 96 96 96 97 99 100 101 101 101 100 100 99 97 94 95 94 94 96 97 98 99 99 100 102 106
86 85 85 84 81 77 72 67 64 63 65 67 70 73 75 76 78 79 81 81 81 81 82 83 83 84 84 84 84 86 88 90 90 91 92 93 92 92 93 95 96 97 97 96 96 97 97 99 100 101 101 102 104 106 108 111 112 112 111 110 110 109 109 108 107 105 103 101 99 96 96 95 95 95 96 97 99 100 100 100 99 99 97 95 94 94 94 95 96 97 97 98 99 100 102 105
86 86 85 83 81 77 72 66 64 63 65 69 72 75 77 77 78 79 79 80 80 80 81 81 82 83 83 83 84 85 88 90 91 92 93 93 93 93 94 96 97 99 99 98 98 98 99 100 102 103 102 103 104 107 109 111 112 112 111 110 109 109 109 108 107 105 104 102 99 97 96 95 95 95 95 96 98 99 99 99 98 97 96 94 94 94 94 96 98 99 99 100 101 102 104 106
86 85 84 83 80 76 71 66 63 63 64 69 72 75 75 75 76 76 77 78 78 78 79 79 80 81 81 81 83 85 87 89 91 92 93 94 93 93 94 95 97 98 100 99 99 99 100 101 102 103 103 103 104 107 110 111 112 112 111 110 108 107 108 107 107 106 104 102 100 98 96 95 94 94 94 95 96 98 99 98 97 96 95 94 94 94 94 96 99 100 102 103 103 104 106 109
85 85 85 83 80 75 70 65 62 62 63 67 70 71 71 71 72 72 74 75 76 76 77 78 79 79 79 80 82 84 86 88 90 92 94 94 94 94 94 95 96 97 98 100 100 101 102 102 104 105 105 105 106 108 110 111 112 111 110 109 108 106 106 105 105 105 104 102 101 99 97 96 94 94 94 94 95 96 97 97 96 95 94 94 94 94 94 96 98 100 103 104 105 106 108 110
84 85 85 83 80 75 69 65 62 61 62 64 65 66 67 68 70 71 71 73 74 75 76 77 77 77 78 79 81 83 85 87 89 91 93 94 95 95 96 95 96 97 98 99 101 102 103 104 106 106 107 107 106 109 110 111 111 111 110 109 108 106 105 103 103 104 103 102 101 100 98 96 95 94 94 94 94 95 96 96 95 94 94 94 94 94 94 95 97 100 102 103 105 106 108 110
84 85 85 84 80 76 71 65 62 61 62 63 65 68 70 71 72 72 71 72 73 74 74 75 76 76 77 78 79 81 83 85 88 90 92 94 95 96 96 96 96 97 97 99 100 102 104 105 106 107 108 108 107 109 110 111 111 110 110 109 108 106 104 102 102 103 103 102 101 100 99 98 96 95 94 94 94 94 95 96 95 94 94 93 93 93 94 94 96 98 99 101 102 104 107 109
83 85 85 84 81 77 72 66 62 61 64 65 67 70 72 73 74 74 74 74 74 75 74 75 76 76 77 78 78 79 81 84 86 88 91 93 94 95 97 97 98 98 99 99 100 101 103 104 106 107 109 109 109 109 110 111 111 110 109 108 107 105 104 102 100 100 101 101 102 102 101 99 97 95 94 94 94 94 94 94 94 93 93 93 93 94 95 95 96 97 99 100 101 104 107 109
82 84 85 83 80 77 72 66 61 60 65 69 70 71 73 74 75 76 76 76 77 77 77 77 78 77 78 80 81 81 80 82 84 87 90 92 93 94 96 97 99 100 100 100 100 101 103 104 105 107 108 109 109 110 110 111 111 110 109 109 108 107 105 102 100 99 100 100 102 102 102 100 98 96 95 94 94 94 94 94 93 93 92 92 94 96 97 97 98 99 100 100 101 103 106 108
81 82 83 82 79 76 71 64 60 61 66 71 73 74 74 76 77 78 78 78 78 79 79 80 80 79 80 82 84 84 82 82 83 86 89 91 92 93 95 97 99 101 101 102 102 102 103 104 105 106 107 109 110 110 111 111 111 110 110 109 109 108 106 103 100 99 99 100 101 102 102 101 99 97 96 95 94 94 93 93 93 93 92 92 94 97 98 98 99 101 102 102 102 103 106 106
79 81 81 80 78 76 70 62 59 62 68 72 75 76 77 77 78 79 79 80 80 81 81 82 82 80 82 85 86 87 85 83 83 85 88 89 90 91 94 96 99 101 103 103 103 104 104 105 105 106 107 108 109 110 111 111 110 110 110 110 109 108 106 103 100 98 98 99 100 101 102 101 99 98 97 96 95 94 93 92 92 92 92 93 96 98 99 99 100 101 103 103 104 104 106 105
77 78 79 79 77 75 69 60 59 63 68 73 76 78 78 78 79 80 80 81 81 82 83 83 83 82 84 87 88 88 87 85 83 84 86 88 90 92 94 96 99 101 103 104 104 105 105 106 107 107 108 109 109 110 111 111 110 110 110 110 109 108 106 104 101 99 97 98 99 101 101 101 100 99 98 98 97 95 93 91 91 90 91 94 98 99 99 100 101 102 103 104 105 105 105 104
75 76 76 77 76 74 68 60 59 64 69 74 77 78 79 79 79 80 81 82 83 84 84 85 84 83 86 88 89 90 89 87 85 84 87 89 91 93 96 97 99 101 103 105 105 106 107 108 109 108 109 110 110 110 111 110 110 109 109 109 108 107 106 104 101 98 96 96 98 100 101 101 100 100 100 100 99 95 92 90 89 89 91 95 98 100 100 101 101 102 103 104 105 105 104 103
72 73 74 75 75 73 68 61 59 64 71 76 78 79 79 79 80 81 82 83 84 85 85 85 84 84 86 89 90 91 91 89 86 85 87 90 92 93 95 97 99 101 103 105 106 107 108 109 109 109 109 110 111 111 111 110 110 109 108 107 106 105 105 104 101 98 96 95 95 97 99 99 100 100 101 100 98 95 92 89 88 89 91 95 98 100 101 101 102 102 103 103 104 104 103 102
67 69 71 72 73 72 68 59 59 64 71 76 77 77 76 77 79 81 82 83 85 86 86 86 86 85 87 90 92 93 92 90 89 87 87 89 91 93 96 97 99 101 103 105 106 107 108 109 110 110 110 111 111 111 110 109 109 108 106 105 103 102 103 103 101 99 97 95 94 94 95 96 98 98 99 100 98 95 91 88 88 89 93 97 99 100 100 100 101 101 102 102 103 103 102 101
63 65 67 69 71 70 66 58 59 64 70 74 74 73 74 76 78 81 82 84 86 87 87 87 87 86 88 91 92 93 93 92 90 89 89 89 91 94 97 99 100 102 103 105 106 106 108 109 110 111 111 111 112 111 110 109 108 107 106 105 102 100 99 99 100 99 98 97 97 94 93 93 95 97 98 99 97 94 91 88 88 89 93 97 98 99 99 100 101 101 101 101 102 101 100 100
61 62 64 66 68 67 62 57 58 61 65 67 68 69 71 74 77 79 81 83 85 88 88 88 88 88 89 91 92 93 93 93 92 92 92 91 91 94 97 100 102 104 105 106 106 107 108 109 111 112 112 112 111 110 109 108 107 106 106 106 104 101 98 96 97 98 98 99 99 96 92 91 92 95 96 96 95 92 88 88 89 90 92 95 96 97 97 98 99 100 100 100 99 99 99 99
60 61 63 64 65 63 59 57 58 60 62 65 66 67 69 71 74 77 80 82 84 87 89 89 89 89 89 90 91 91 93 94 94 95 97 96 94 93 97 100 103 105 107 108 108 109 109 110 112 112 113 112 111 109 108 107 105 105 106 106 106 103 99 96 96 96 98 100 99 96 92 90 90 92 94 95 93 89 88 89 90 91 92 93 94 96 97 98 98 98 98 98 98 98 98 99
58 60 62 64 63 61 57 57 59 62 66 69 70 69 69 70 72 74 77 80 83 86 88 88 88 88 89 90 90 90 92 94 95 97 99 99 96 94 97 100 103 106 107 109 109 110 110 111 112 113 113 112 111 108 107 106 104 104 104 105 105 103 100 97 95 95 98 100 100 97 94 91 89 90 93 93 91 88 88 89 92 92 92 93 94 96 97 97 97 97 97 97 97 97 98 99
57 59 61 62 61 59 57 57 61 67 72 74 75 74 73 72 72 73 75 78 81 84 85 85 86 87 88 88 89 90 92 94 95 98 100 100 99 96 97 101 104 106 108 109 110 110 111 111 112 113 113 112 111 108 106 104 103 102 102 103 103 102 101 98 94 94 97 99 99 98 96 94 90 88 89 89 88 87 87 89 91 92 92 94 94 95 96 96 95 95 96 96 96 98 100 100
57 59 61 60 59 57 56 59 66 72 77 79 79 77 76 75 74 75 77 79 80 81 83 84 85 86 88 88 89 91 92 94 95 98 100 101 100 98 98 101 104 107 108 109 110 111 111 112 112 113 113 112 111 108 105 104 103 100 99 99 99 99 98 96 94 94 96 98 99 97 96 94 90 87 87 87 87 87 87 88 89 90 92 94 95 94 94 94 94 95 96 96 97 100 102 103
56 57 59 58 56 56 59 65 72 76 80 82 82 80 79 77 77 78 80 82 82 84 85 84 85 86 87 88 88 91 92 94 95 98 100 101 100 99 99 101 104 106 108 109 110 110 112 112 113 113 113 112 111 109 107 106 104 102 99 97 96 96 95 94 93 93 95 97 98 96 94 92 88 87 87 87 87 88 88 88 88 88 90 92 93 93 93 93 95 96 98 99 100 102 104 105
55 56 57 55 56 59 66 73 76 79 82 83 84 82 81 79 79 80 82 83 85 87 87 87 87 87 87 88 89 91 92 93 95 98 100 101 100 99 99 101 104 106 107 109 109 110 112 112 113 113 113 112 111 110 108 107 105 103 100 98 98 96 94 93 93 93 94 96 96 95 93 89 86 87 87 88 90 91 91 90 89 88 89 90 91 91 91 93 95 97 99 100 101 103 104 107
54 55 55 57 60 66 73 78 80 82 84 85 85 83 82 81 80 81 82 84 86 87 88 88 88 88 88 90 91 92 93 94 96 98 100 101 101 100 100 101 103 104 106 107 108 110 111 112 113 113 113 112 112 110 108 106 104 102 100 100 101 98 96 95 94 93 93 94 95 94 93 88 86 86 87 90 94 95 95 93 90 89 89 89 90 91 92 93 95 97 99 101 103 104 105 107
54 54 56 60 65 70 76 80 82 84 86 86 85 84 82 81 81 82 83 84 85 86 86 85 85 87 89 91 93 94 95 96 98 99 101 101 101 101 101 102 103 103 105 106 107 109 110 111 112 113 113 113 112 111 109 107 105 104 103 104 103 101 100 98 95 93 93 93 94 94 92 88 86 86 88 91 95 98 98 97 93 90 89 89 90 92 93 94 96 97 99 100 102 104 104 105
54 55 58 62 66 71 77 81 84 86 87 86 85 83 82 82 82 82 83 83 83 83 82 81 81 85 89 92 93 94 97 98 100 101 102 102 102 102 103 104 104 104 105 106 107 108 110 111 112 113 113 113 112 112 111 110 108 108 107 106 104 102 100 99 96 93 92 91 93 93 89 87 86 87 90 93 97 100 101 100 95 91 89 90 91 92 95 96 97 98 99 101 102 103 104 105
55 57 58 61 65 70 76 81 84 86 87 85 84 83 82 81 81 80 81 80 80 79 78 77 79 83 87 90 91 92 96 99 101 103 103 103 103 104 105 106 107 106 106 107 108 109 111 111 112 112 113 112 112 112 111 110 110 109 107 104 102 99 97 96 96 93 91 90 90 90 88 85 86 87 90 94 97 99 100 100 97 93 91 90 90 91 94 96 97 99 100 101 102 103 104 105
56 57 58 60 64 69 76 80 83 84 85 84 83 82 80 79 78 77 76 76 76 75 75 76 78 81 84 87 89 92 96 99 101 103 104 104 104 105 106 107 108 107 106 108 109 110 111 112 112 112 112 112 112 112 111 110 110 109 105 101 98 96 95 94 94 92 90 89 89 90 87 85 85 87 90 93 96 98 99 100 98 95 92 91 90 91 93 95 96 98 99 100 102 103 104 105
56 57 58 60 64 69 75 79 81 82 82 81 81 80 78 76 74 73 72 72 73 74 75 76 77 81 85 88 91 95 98 100 102 103 104 105 105 105 106 108 109 109 108 109 110 110 111 112 112 112 112 112 112 111 111 110 109 108 105 102 98 95 94 94 93 91 90 89 88 88 86 85 85 85 87 90 94 97 98 99 98 96 94 92 91 91 91 94 95 96 98 99 101 103 103 104
55 56 58 60 64 69 75 78 80 80 79 78 78 78 75 73 71 69 70 72 74 75 77 78 79 82 86 90 93 97 99 101 103 104 105 105 106 106 107 109 110 109 109 109 110 111 111 111 111 111 111 111 111 111 111 110 109 108 106 104 101 98 96 95 94 93 92 90 88 87 86 85 85 84 84 87 92 94 96 97 98 98 97 95 93 92 91 92 94 95 96 98 100 102 103 103
53 55 56 59 62 67 73 76 77 77 75 75 76 76 74 71 69 69 69 72 74 77 79 81 82 83 86 90 93 97 100 102 104 105 106 106 107 107 108 109 110 110 110 110 110 111 111 111 111 111 111 111 110 110 111 110 110 109 109 106 103 100 98 97 97 96 95 92 90 88 87 86 85 84 84 85 89 93 94 96 98 99 100 98 95 94 93 92 92 94 96 98 99 100 101 101
52 54 56 58 61 66 71 74 74 73 72 73 74 74 72 69 68 68 69 71 73 77 80 83 85 88 89 90 93 97 100 103 104 105 106 107 107 108 108 109 110 110 110 110 110 110 110 110 110 110 110 110 110 110 110 110 111 111 111 108 103 101 99 98 99 98 96 94 92 91 88 86 85 84 83 84 87 90 92 96 98 100 101 100 98 96 94 93 92 93 95 96 97 98 98 99
52 53 57 59 62 67 72 73 72 71 70 73 73 72 70 68 66 67 68 69 71 75 79 83 87 90 91 92 94 97 100 103 104 105 106 107 107 108 109 109 110 110 110 110 110 110 109 109 110 110 110 109 109 109 109 110 110 112 112 110 104 101 101 100 100 99 97 95 94 92 89 86 85 84 83 83 85 88 91 95 98 100 102 102 100 98 96 93 92 93 94 95 96 96 97 98
51 54 60 61 64 68 72 73 71 69 69 73 72 70 68 66 66 67 68 68 69 72 77 83 87 91 93 94 96 99 101 103 104 105 106 107 107 108 109 109 110 110 110 109 109 109 109 109 109 109 109 109 109 109 109 109 110 111 112 110 105 102 101 101 100 99 98 96 94 91 88 86 85 84 83 83 83 86 89 94 97 100 102 103 101 98 96 94 92 93 93 94 95 95 96 97
52 58 65 65 67 70 72 71 69 67 69 70 68 66 65 66 68 69 71 71 71 72 74 79 84 89 92 95 97 98 100 101 102 103 104 105 106 107 108 109 109 110 109 109 109 108 108 108 108 108 108 108 107 107 106 107 108 110 111 109 104 101 100 100 100 99 99 96 93 89 87 86 85 84 84 82 82 84 87 91 96 99 102 104 101 98 96 96 94 93 93 93 94 94 94 95
60 65 68 69 69 70 70 69 66 65 66 65 64 64 66 68 70 72 74 76 75 74 73 75 79 84 89 93 95 96 97 98 100 101 103 105 106 107 108 109 109 109 109 108 108 107 107 107 107 107 107 106 106 105 105 106 107 109 110 108 103 100 99 100 100 99 98 96 92 89 87 86 86 86 85 83 82 82 84 88 93 98 102 104 102 99 98 97 96 94 93 93 94 94 94 94
