geocache-va/1-3/elevation.txt
ncols         865
nrows         925
xllcorner     -77.5
yllcorner     38.75
cellsize      1.0E-5
NODATA_value  -9999
[rows 792 to 835 of 925, columns 672 to 767 of 865]
72 72 71 71 71 70 70 70 70 70 70 70 70 70 69 69 69 69 69 69 69 68 68 68 68 68 68 68 69 69 69 70 72 77 80 84 85 84 82 80 77 73 70 71 74 77 79 81 84 86 88 91 94 95 94 94 93 91 88 85 85 89 95 97 96 96 98 102 105 106 107 107 109 109 109 108 108 108 108 108 108 107 106 105 104 102 101 101 100 98 95 92 91 90 91 91
72 72 71 71 71 71 70 70 70 70 69 69 69 69 69 69 69 69 69 70 70 69 68 67 67 67 68 68 68 68 68 68 71 74 76 79 82 82 81 78 74 70 70 71 76 81 83 83 85 86 88 91 94 95 93 91 90 88 86 83 85 90 95 99 99 98 98 100 103 105 106 107 108 108 107 106 106 107 108 109 108 107 106 106 105 104 102 101 99 96 96 97 94 92 94 95
73 72 72 72 72 71 71 71 71 70 70 69 69 69 69 69 70 72 73 72 74 73 69 67 67 67 67 67 68 68 68 68 69 69 70 74 78 80 79 76 72 69 69 72 77 83 87 87 88 89 90 92 93 94 93 90 87 86 83 82 85 89 93 97 99 100 100 100 102 104 105 107 107 107 107 105 105 106 107 109 109 108 107 106 106 105 103 101 99 97 97 97 95 93 95 97
74 73 72 72 72 72 71 71 72 73 70 70 70 71 71 71 73 77 78 77 78 77 73 69 66 66 67 67 67 67 67 67 67 68 68 71 74 77 76 73 70 69 70 73 78 83 86 88 89 91 92 92 93 94 92 89 85 83 82 83 87 90 93 96 99 101 102 101 102 103 104 105 106 106 106 105 104 105 107 109 110 109 108 107 106 105 104 102 100 98 97 97 95 94 97 99
77 76 75 76 76 74 72 71 74 74 72 72 75 77 75 73 75 82 87 85 84 82 78 74 68 65 65 66 66 67 66 66 67 66 67 68 68 69 69 68 68 68 70 72 76 79 83 88 91 93 93 92 91 91 90 87 83 80 81 85 89 92 96 99 99 101 103 103 103 102 102 102 102 104 104 102 103 104 106 108 109 109 109 108 107 106 105 103 101 99 98 97 95 94 96 99
81 80 78 80 80 78 74 73 73 74 73 74 77 81 80 76 78 85 90 91 89 88 86 81 76 74 74 74 74 71 68 68 67 66 66 66 67 67 67 67 67 68 70 74 76 79 82 86 90 92 92 89 87 86 85 83 80 79 83 87 90 94 97 99 101 102 103 103 101 101 101 101 101 101 101 101 102 103 105 107 109 109 110 109 108 107 105 103 101 99 99 97 95 94 95 98
84 81 80 82 82 78 74 73 73 74 74 74 78 83 83 80 83 87 92 93 92 90 89 86 84 85 84 83 81 79 77 74 71 68 67 67 66 66 66 66 67 68 69 72 75 78 82 86 88 89 89 86 85 83 81 79 78 81 84 87 91 94 97 99 100 101 102 100 100 100 101 101 99 98 98 99 102 103 104 106 107 108 109 108 108 107 106 104 102 100 99 97 95 94 95 97
84 83 82 82 79 76 74 74 74 75 77 77 76 81 84 85 87 90 91 92 90 88 86 85 83 83 83 82 81 79 77 76 72 68 68 67 66 66 66 66 67 67 69 72 76 79 82 85 87 87 85 83 82 80 77 76 78 81 84 87 91 93 95 98 100 101 100 98 98 99 100 100 98 96 97 99 102 103 104 105 106 106 107 107 108 107 105 103 102 100 99 97 96 96 97 97
85 84 82 80 77 74 74 74 75 78 80 80 76 80 84 87 88 90 90 89 87 85 84 82 79 78 78 78 77 75 73 72 70 68 67 66 66 66 66 66 66 67 69 73 77 79 81 84 85 85 83 80 79 77 75 75 79 83 86 88 91 92 94 98 100 101 98 97 97 97 99 99 97 95 96 100 102 103 104 104 105 105 106 106 107 107 105 103 102 101 99 97 97 98 98 98
86 83 78 75 74 74 75 77 79 82 84 83 80 81 83 86 88 89 88 85 83 81 79 76 74 72 72 72 71 70 68 67 66 67 66 66 66 66 66 66 66 68 69 74 77 79 80 82 82 81 80 77 75 74 74 75 80 84 87 89 91 93 95 98 100 100 98 96 96 96 97 96 95 94 97 100 102 103 103 103 104 104 105 105 106 106 105 103 102 101 100 98 99 100 99 99
84 79 75 74 74 75 77 79 84 87 87 86 85 85 84 85 87 87 85 82 79 76 75 74 73 72 71 70 70 69 68 68 69 68 67 66 66 66 66 66 67 68 68 71 75 77 79 78 77 77 75 74 73 74 76 78 80 83 86 88 91 93 96 98 99 100 99 95 94 94 95 95 93 93 96 98 99 100 101 102 102 103 104 104 105 105 104 103 102 101 100 100 100 101 100 98
80 76 75 76 78 79 81 81 85 90 90 89 88 87 86 85 84 83 81 78 75 75 75 77 76 74 73 73 76 76 75 75 76 74 70 66 66 66 66 66 66 67 68 70 72 75 74 73 73 73 73 73 73 77 80 80 80 82 84 87 90 93 95 97 98 99 98 95 93 93 93 92 91 91 93 94 95 96 97 99 101 102 103 103 104 104 104 103 102 101 101 101 101 102 101 98
77 75 76 80 84 86 86 84 85 90 93 92 91 87 84 82 80 79 77 77 78 80 82 81 78 79 78 76 79 80 80 81 80 78 73 67 66 66 66 66 66 67 68 68 70 71 71 71 71 71 72 72 76 80 83 84 83 83 85 87 89 91 93 95 94 95 95 93 91 91 92 90 89 90 91 92 93 94 95 97 99 100 101 102 103 104 104 103 102 102 101 102 102 102 101 99
75 75 78 82 88 91 90 86 86 90 94 93 90 86 83 80 78 78 77 78 82 85 86 83 81 82 81 78 81 83 83 83 82 78 73 67 66 66 66 66 66 67 67 68 68 69 70 70 71 71 72 74 78 83 85 86 85 85 86 87 89 90 92 93 93 93 93 91 89 90 90 89 89 90 92 95 97 97 97 97 98 99 100 102 104 105 105 104 103 103 102 102 103 103 101 100
79 80 82 85 89 93 93 90 89 91 92 91 87 83 81 80 80 82 83 82 86 89 89 85 84 85 83 79 81 85 85 85 82 78 72 67 66 66 66 66 66 66 67 68 68 69 69 71 73 74 76 78 81 85 88 87 87 87 88 88 89 89 90 90 90 90 90 89 87 88 87 87 88 91 95 98 100 100 99 99 99 100 101 103 105 106 106 105 104 103 103 103 103 103 102 101
85 84 84 87 92 95 95 93 92 91 89 87 83 81 81 82 85 87 88 87 88 91 91 88 89 88 83 80 83 87 87 85 82 78 74 68 66 66 66 66 66 66 66 67 67 68 69 73 75 77 80 82 85 87 87 88 88 88 88 88 88 88 88 87 88 88 88 86 85 85 86 88 90 93 97 101 103 103 102 102 102 102 103 105 107 107 106 106 106 105 105 104 104 104 103 103
90 88 86 87 92 96 96 95 92 89 86 84 83 84 84 85 88 91 91 90 90 93 93 92 90 86 81 81 84 88 88 85 83 81 76 70 66 66 66 66 65 65 65 66 67 68 71 75 77 79 82 85 87 87 87 87 86 85 86 86 86 86 86 85 85 85 85 84 84 85 88 90 92 95 98 101 103 104 103 104 104 105 105 107 107 107 107 107 107 106 106 105 105 105 105 105
93 91 88 87 91 95 96 94 89 86 86 86 87 88 87 87 91 93 93 92 92 94 94 92 88 84 83 85 87 88 87 85 83 79 75 70 66 66 66 66 65 65 65 65 66 68 72 76 79 81 83 86 87 88 87 86 83 82 82 82 83 83 81 81 81 82 82 84 85 87 89 92 94 96 99 100 102 103 103 103 104 104 105 106 106 106 106 106 106 106 107 106 106 106 106 106
94 93 90 88 90 94 95 91 87 86 89 90 90 91 89 88 92 95 95 93 94 95 93 90 87 85 86 86 87 87 86 85 82 77 72 68 66 66 66 66 65 65 65 65 66 67 71 77 80 81 83 85 86 87 86 83 79 79 79 79 80 80 78 78 80 81 82 84 86 87 90 93 94 95 97 99 100 101 102 102 103 103 104 104 105 105 105 105 105 106 107 106 106 106 107 107
94 95 93 91 91 94 92 89 87 89 93 94 94 93 90 89 94 98 97 96 96 96 94 91 88 87 89 89 88 85 84 82 79 74 70 67 66 66 66 66 65 65 65 65 65 66 68 73 76 78 81 83 83 83 82 79 76 75 76 76 77 78 79 81 83 84 83 84 85 87 89 91 92 93 95 97 99 100 100 101 101 102 102 103 104 104 104 104 104 105 105 106 106 105 106 106
94 97 96 93 93 93 90 87 87 90 94 96 97 96 92 91 94 99 99 98 98 97 95 91 89 91 92 91 88 83 80 77 75 74 74 72 68 66 66 66 65 65 65 65 65 65 66 68 71 73 77 80 80 79 77 75 72 73 75 76 77 79 82 85 86 86 85 85 85 86 87 88 91 92 94 95 97 97 98 99 100 101 101 102 103 103 103 103 103 104 103 103 104 104 105 105
95 98 98 96 94 91 88 88 89 90 93 97 100 99 94 92 96 100 101 100 100 99 96 93 93 95 94 93 88 83 80 77 78 79 79 77 73 69 67 66 65 65 65 65 65 65 65 66 67 69 71 75 76 74 72 70 71 75 78 80 80 83 86 87 88 88 87 87 87 87 87 88 90 91 92 93 94 95 97 98 99 100 100 101 102 102 101 101 101 101 101 101 101 102 103 103
98 101 99 96 93 90 88 91 93 92 93 97 101 100 95 94 96 100 102 103 102 100 96 95 96 97 96 93 89 86 83 81 82 81 80 76 74 72 70 67 66 65 65 65 65 65 65 65 65 66 67 68 70 70 69 69 71 75 80 83 84 85 86 87 87 87 88 88 89 89 89 89 89 90 92 93 94 95 97 98 99 99 99 100 100 100 100 99 99 99 100 100 100 101 101 101
99 101 98 96 92 90 90 93 95 94 94 98 102 101 96 95 96 100 103 103 103 100 97 96 98 99 98 94 90 87 85 83 83 81 79 75 73 72 70 67 66 66 66 65 65 65 65 65 65 65 66 66 67 69 70 72 73 75 79 82 84 85 85 84 85 86 88 89 90 90 90 89 89 90 92 93 94 96 97 98 99 99 99 100 100 100 99 98 98 98 98 99 99 100 100 100
99 101 98 95 91 91 92 94 97 97 96 97 101 102 100 98 97 100 102 103 102 99 97 97 98 99 98 95 92 90 88 85 81 78 76 74 71 69 67 67 66 66 65 65 65 65 65 65 65 65 66 66 69 72 74 77 78 77 78 81 83 84 82 80 82 84 87 89 91 91 91 90 89 90 92 94 95 96 98 99 100 99 99 99 99 98 97 96 96 96 95 96 98 98 99 99
98 99 97 95 92 93 94 95 99 99 98 97 101 103 103 101 99 99 100 102 100 98 97 97 97 95 96 95 94 91 89 85 81 76 73 70 70 69 70 70 69 67 66 65 65 65 65 65 64 64 65 69 73 76 78 80 81 81 81 82 83 82 79 79 83 86 89 91 92 92 92 91 90 90 91 92 94 96 97 99 100 100 100 99 99 98 97 96 96 95 94 94 95 96 97 98
98 98 97 95 93 94 95 96 100 101 100 99 101 104 105 104 99 97 98 100 98 96 96 96 93 91 92 93 92 90 88 84 79 74 72 70 70 73 75 74 71 68 66 65 65 65 65 65 64 64 67 72 76 79 79 81 82 82 82 82 82 81 78 78 82 86 89 91 93 93 93 92 90 89 89 91 93 94 97 99 100 100 99 99 99 98 98 97 96 96 94 93 93 94 96 97
97 97 96 95 94 95 97 98 101 103 102 100 101 105 106 105 100 96 97 98 95 94 96 94 89 87 88 88 88 86 84 80 76 72 71 71 74 77 78 76 72 68 66 66 65 65 65 65 65 65 68 73 75 77 78 80 82 83 82 82 81 80 76 76 80 83 87 89 91 92 91 89 86 86 88 90 91 93 95 97 98 99 99 99 99 99 99 99 98 97 95 93 91 92 94 95
97 97 96 96 95 97 98 99 102 104 103 101 103 104 105 103 99 95 95 96 94 94 94 92 88 85 85 85 85 83 81 78 74 71 71 73 77 79 79 75 71 67 66 66 65 65 65 65 65 65 67 70 72 73 75 78 81 82 80 80 80 79 75 74 78 82 85 88 90 90 88 85 84 85 88 91 93 94 95 97 98 98 98 99 99 99 99 100 100 99 96 94 92 91 92 94
98 99 98 97 96 98 101 101 104 105 105 103 103 103 102 100 97 94 94 94 92 92 92 90 88 85 84 82 81 79 78 75 73 73 74 76 79 80 77 72 68 67 66 66 65 65 65 64 64 64 65 65 66 66 69 75 79 80 79 78 78 78 73 73 77 80 84 86 88 86 83 82 84 88 91 93 95 96 96 97 98 98 98 99 99 99 99 99 100 99 97 96 94 91 90 92
100 101 100 97 96 100 103 104 105 106 106 105 105 103 100 98 95 92 91 91 90 89 88 88 88 86 84 82 80 78 75 74 76 79 80 81 82 79 74 70 67 66 66 66 66 65 65 64 64 64 64 64 64 64 65 69 75 77 77 77 76 74 70 71 77 80 82 83 82 80 79 82 88 92 95 96 97 97 97 96 96 97 98 98 98 97 98 98 98 98 98 97 95 92 90 91
103 103 100 97 97 99 102 104 105 107 107 107 106 104 101 99 95 92 89 88 87 86 86 86 86 85 84 82 80 77 76 77 81 85 84 84 83 78 73 69 67 66 66 66 66 65 65 64 64 64 63 63 63 63 62 65 72 75 75 74 74 71 68 71 77 79 80 77 76 77 80 85 91 94 96 96 97 96 96 94 94 96 97 98 97 96 96 97 97 96 96 96 94 92 90 88
104 104 100 98 97 99 101 103 104 107 107 107 106 104 101 98 94 91 89 87 85 84 83 83 83 82 82 81 79 77 76 79 85 88 87 86 82 77 73 69 67 66 66 66 66 65 65 64 64 64 63 63 63 63 62 62 66 70 72 71 70 68 67 69 74 77 75 73 75 78 82 87 90 93 95 96 95 93 91 91 93 96 97 98 97 95 94 95 96 96 96 96 94 93 91 88
106 105 101 99 98 100 102 103 105 107 107 107 106 103 99 96 93 91 89 88 85 83 82 82 81 81 81 80 78 77 78 82 86 89 89 85 80 76 72 69 67 66 66 66 66 65 65 64 64 64 63 63 63 63 62 62 63 67 69 69 68 67 66 67 71 74 72 71 75 79 83 87 89 92 94 94 93 91 89 89 93 95 96 97 96 94 93 93 94 95 95 96 95 93 91 88
108 106 103 101 100 102 103 104 106 107 108 107 104 100 96 93 92 92 92 91 87 84 83 82 81 81 81 80 79 78 80 84 89 90 86 82 78 73 71 69 67 66 66 66 66 66 65 65 65 64 64 63 63 62 62 62 62 64 66 66 66 66 65 65 67 68 68 71 77 81 85 88 89 91 91 91 90 88 87 88 91 93 94 95 94 92 90 91 92 94 95 96 95 93 91 88
108 107 105 103 102 104 105 105 107 109 108 105 102 100 96 95 96 95 94 92 88 85 84 85 84 83 82 81 80 81 82 86 90 88 86 83 79 74 72 70 68 67 66 66 66 66 65 65 65 65 64 63 63 62 62 61 61 62 63 64 65 64 64 63 64 66 67 72 78 83 87 90 91 91 90 89 87 85 86 88 90 91 93 93 90 88 87 90 93 94 95 95 95 93 92 90
109 107 106 104 104 106 107 107 108 109 107 105 104 103 100 98 99 97 94 91 88 87 88 88 87 86 85 83 83 83 84 88 89 88 87 85 81 78 75 72 70 68 68 66 66 66 66 66 65 65 64 64 63 62 62 61 61 61 62 63 64 63 63 63 63 64 68 74 80 83 87 90 91 91 90 88 85 84 85 88 91 91 92 91 87 86 86 91 93 94 95 95 95 94 93 91
111 108 106 105 106 109 110 110 110 109 107 106 107 105 102 100 100 98 94 90 90 91 91 90 89 88 87 86 86 86 86 87 87 86 85 85 84 82 77 73 71 70 69 67 66 66 66 66 66 65 65 65 64 64 63 62 61 61 61 62 62 62 62 62 62 62 68 74 79 82 85 87 89 90 90 87 84 83 84 88 90 90 90 89 85 83 85 88 91 92 93 93 93 94 93 92
111 108 106 105 106 110 112 112 111 110 107 106 108 107 104 103 101 98 94 92 92 93 93 92 91 90 89 88 87 86 86 86 84 83 83 84 85 83 79 74 72 72 70 68 67 66 66 66 66 66 66 66 65 65 64 63 62 61 60 60 60 60 61 61 61 61 67 72 77 80 82 84 86 89 90 87 83 82 84 87 89 89 88 86 83 82 83 86 88 90 91 92 92 92 93 93
110 108 106 105 107 110 112 112 111 110 109 108 108 108 104 102 101 98 95 94 94 93 91 90 89 88 87 87 85 84 83 82 82 80 80 81 83 82 80 77 75 73 72 69 67 66 66 66 66 67 67 67 67 67 67 66 63 62 61 60 60 60 60 60 60 60 64 69 73 76 79 82 84 87 88 87 83 81 82 86 87 86 83 81 81 82 84 86 88 90 91 90 90 91 92 93
110 110 108 107 108 110 112 112 112 111 110 110 109 106 103 100 99 98 97 96 93 91 89 88 86 85 85 84 83 81 80 80 79 78 77 78 79 80 79 77 75 73 71 69 67 66 66 67 68 68 69 70 70 71 72 71 66 63 62 63 63 63 62 61 60 60 62 65 69 72 76 79 82 85 87 86 83 80 80 82 84 83 79 78 83 85 85 88 89 91 91 88 87 88 91 92
111 111 110 109 110 111 112 113 112 111 110 110 109 105 101 97 95 94 94 92 91 88 86 85 83 82 82 81 80 79 78 77 77 76 75 75 76 76 75 74 73 71 69 67 67 66 68 69 70 70 70 71 73 76 77 77 73 69 66 69 71 72 71 67 61 60 61 63 65 68 73 76 79 82 84 85 84 81 79 79 81 80 75 77 83 87 88 90 90 91 91 88 85 86 89 91
111 112 112 112 111 112 112 112 111 110 110 109 107 104 99 96 93 92 90 89 87 84 83 82 81 81 80 79 79 78 77 76 76 75 75 74 73 73 72 72 71 70 68 67 67 68 70 72 72 72 72 73 76 78 79 79 77 73 69 72 76 77 76 73 64 60 60 61 63 65 70 73 76 78 80 83 84 83 79 78 78 76 74 77 83 86 89 91 91 91 91 86 83 84 88 90
111 112 113 112 112 112 112 111 110 109 109 108 106 102 98 95 91 90 89 88 87 86 85 84 83 81 80 80 80 79 78 77 76 76 75 74 73 73 72 72 71 70 69 68 68 70 72 73 73 73 73 74 77 78 79 80 78 75 70 72 77 80 79 76 67 62 60 60 62 64 68 70 72 74 77 82 83 83 80 78 77 74 73 76 80 84 88 90 91 90 88 85 82 83 86 88
