geocache-va/1-3/elevation.txt
ncols         865
nrows         925
xllcorner     -77.5
yllcorner     38.75
cellsize      1.0E-5
NODATA_value  -9999
[rows 0 to 43 of 925, columns 480 to 575 of 865]
117 117 117 119 121 123 124 126 127 128 128 127 127 125 123 121 119 118 117 117 116 116 115 114 113 112 112 110 109 109 109 109 109 110 111 112 113 113 112 112 112 113 115 116 114 113 112 112 112 111 111 111 111 111 112 113 114 114 115 114 113 112 111 110 110 111 113 114 113 112 111 110 109 109 109 109 110 108 105 102 102 102 104 106 109 112 113 114 115 114 113 111 108 105 103 102
117 116 117 118 120 122 123 125 127 128 129 128 126 124 123 122 120 119 119 118 118 117 115 115 114 113 112 111 110 110 110 110 110 111 112 113 114 114 113 113 113 113 115 115 115 114 113 113 113 112 111 111 111 111 112 113 114 114 114 113 112 111 110 109 109 110 112 112 112 111 111 110 109 109 108 108 108 107 105 103 101 101 103 106 109 112 113 114 114 114 113 111 108 106 104 102
117 116 116 117 118 120 122 125 127 128 129 128 126 124 124 122 121 120 119 119 119 118 117 116 115 114 113 112 111 111 111 111 111 112 114 115 115 115 114 114 114 115 115 115 115 115 115 114 113 112 112 111 111 112 112 113 114 115 114 113 112 111 110 109 108 108 109 110 110 111 110 110 110 109 107 106 105 105 104 103 101 100 102 104 106 110 112 112 111 111 111 111 109 107 106 104
117 116 115 116 118 120 123 125 127 128 129 128 127 126 124 123 122 121 120 119 118 118 117 116 116 115 114 113 112 112 112 112 112 113 115 116 117 117 115 115 115 115 115 116 115 115 115 115 114 112 112 112 112 112 112 114 115 115 115 113 112 110 109 108 108 107 108 109 110 110 110 110 109 109 107 106 104 103 103 102 100 100 102 104 107 109 109 109 109 110 111 111 109 107 106 105
116 115 115 116 119 122 124 126 128 129 130 129 128 127 125 123 121 120 120 119 118 117 117 116 116 116 116 114 113 113 113 113 113 114 116 117 118 118 116 116 116 115 115 115 116 116 116 116 116 114 112 112 112 112 112 114 115 116 115 113 112 110 109 108 106 106 107 109 109 109 110 109 109 108 107 105 104 103 103 101 99 99 101 104 106 107 107 107 108 109 110 111 110 108 106 104
117 115 115 116 119 122 124 126 129 130 130 129 128 127 125 122 121 120 119 118 118 117 116 115 115 115 115 115 114 113 113 113 113 114 116 118 119 118 117 116 115 115 115 115 116 115 115 115 116 115 113 112 112 112 113 114 115 116 115 113 112 110 109 108 106 106 106 108 108 109 109 109 108 108 107 106 104 104 103 102 100 99 101 104 106 106 106 107 108 109 110 110 110 109 107 105
118 115 114 116 118 121 124 126 129 131 130 128 126 125 124 122 119 118 118 118 117 116 115 115 115 115 115 114 114 113 113 113 113 114 116 118 119 118 116 115 115 115 115 115 116 115 115 115 116 115 113 112 112 112 113 114 115 115 115 114 112 110 109 108 107 106 105 105 107 108 108 108 107 107 107 106 106 106 104 103 100 98 100 103 105 105 105 106 108 109 110 110 110 110 108 106
119 116 114 115 117 120 123 126 129 130 129 128 125 122 121 120 118 118 117 117 116 115 114 114 114 114 114 114 113 112 112 112 113 114 116 118 118 117 115 114 114 114 114 115 115 115 114 115 115 115 114 112 112 112 113 114 115 115 114 113 112 110 109 107 106 105 104 103 105 107 107 107 106 105 106 107 106 106 105 103 101 98 98 101 103 103 104 105 107 109 110 109 109 109 109 108
118 116 114 114 117 120 123 126 129 130 129 128 126 122 120 119 118 118 116 115 115 114 114 114 114 114 113 113 112 112 112 112 112 113 115 117 117 115 114 113 113 113 114 115 115 114 112 113 114 114 114 113 113 113 113 114 115 115 114 112 112 110 109 108 107 105 104 103 102 104 105 105 104 104 106 106 106 105 105 103 101 98 96 98 100 101 103 106 108 109 109 108 107 108 109 108
116 115 114 114 116 119 122 125 128 129 129 128 126 123 121 120 119 118 116 115 115 114 113 113 113 113 113 113 112 112 112 112 112 113 115 116 116 115 114 113 112 112 114 115 115 114 112 112 113 114 114 113 113 113 114 114 115 115 114 113 112 111 110 109 108 106 104 103 102 102 102 102 102 102 104 104 104 104 103 102 100 97 96 96 98 101 104 107 109 109 109 107 106 106 108 108
115 114 113 113 115 118 121 124 127 128 129 128 126 123 123 121 120 118 117 115 114 114 113 112 112 112 113 113 112 112 111 111 111 113 115 116 116 115 113 112 112 112 114 115 115 113 112 111 112 113 113 113 112 113 113 114 115 115 114 113 112 111 110 109 108 106 104 103 102 101 101 100 100 100 101 102 102 102 101 101 99 96 95 96 98 102 105 107 108 109 109 107 105 105 107 107
115 114 113 113 115 117 119 122 126 128 129 128 127 126 125 123 122 120 118 116 114 113 112 112 112 112 112 113 112 111 111 110 111 113 114 115 116 115 113 111 111 111 113 115 114 112 111 110 111 112 113 112 112 112 113 114 115 116 114 113 112 111 110 109 108 106 104 104 103 101 100 100 99 99 99 99 99 99 98 97 97 96 95 95 98 102 105 106 108 109 108 106 104 103 105 106
117 115 113 113 115 117 119 123 126 128 129 128 128 127 127 125 123 121 119 116 114 113 112 111 111 111 112 112 112 111 110 109 111 112 114 115 115 114 112 111 110 111 113 114 113 111 109 109 111 112 112 112 111 111 113 114 115 116 114 112 112 111 110 109 107 106 106 105 104 102 100 100 99 99 98 97 97 96 96 96 96 95 94 94 96 100 103 106 108 108 106 104 103 102 104 106
118 116 114 113 115 119 121 124 127 128 129 128 127 127 127 126 124 122 120 117 115 113 111 110 110 110 111 112 112 111 109 109 110 112 113 114 114 113 111 110 110 111 112 113 112 110 109 109 110 111 111 111 111 111 113 114 115 116 114 112 112 111 109 109 107 107 107 106 105 103 101 100 100 100 98 98 98 96 96 96 96 95 94 94 96 98 101 104 106 106 105 103 101 101 103 105
119 117 114 112 114 119 122 124 127 128 129 128 127 127 127 125 124 122 120 117 116 114 112 110 108 109 111 112 112 112 110 109 109 110 112 114 114 112 110 109 110 111 112 113 112 110 109 108 110 111 111 110 110 111 113 114 115 115 114 112 112 111 110 109 108 108 107 106 105 103 102 102 101 100 99 99 99 99 97 97 97 96 94 94 94 96 99 102 104 104 103 101 100 100 102 104
119 116 113 112 114 119 123 126 127 128 128 128 125 124 124 124 123 122 120 118 116 115 113 110 108 108 109 111 111 111 110 109 109 109 111 112 113 112 110 109 109 110 112 112 112 110 108 107 108 109 109 109 109 111 113 114 115 114 114 113 112 112 112 111 109 108 106 106 105 104 104 104 102 102 102 102 102 102 101 101 99 97 95 94 94 93 95 97 98 99 100 100 99 100 102 104
117 114 112 111 114 118 122 125 127 127 127 126 123 121 120 120 120 120 120 119 117 115 113 110 108 107 108 108 110 110 109 108 108 108 110 112 112 111 109 109 109 110 111 112 113 110 107 106 107 108 108 109 110 111 113 114 114 114 113 113 113 113 112 112 110 108 106 106 106 106 106 106 104 104 104 104 105 105 103 102 100 98 95 94 94 93 93 93 93 95 97 97 97 99 102 103
116 113 111 111 114 119 122 125 127 127 126 125 122 119 118 118 118 118 118 118 117 115 113 111 108 107 106 107 108 108 108 108 107 108 110 111 111 110 109 108 108 108 110 112 113 111 107 105 106 107 108 110 111 112 112 112 112 111 111 112 112 112 112 110 109 108 108 108 109 109 109 108 107 106 106 106 106 105 104 102 100 97 96 95 95 94 94 93 93 92 93 93 95 97 99 102
115 112 110 111 115 120 124 127 128 127 125 123 121 118 117 116 116 116 117 117 117 115 113 110 108 106 106 106 106 107 107 106 106 107 109 109 109 108 107 107 107 108 110 111 112 110 106 105 105 107 109 110 111 111 111 111 110 110 111 112 112 112 112 110 109 109 109 110 111 111 110 109 108 107 106 105 105 105 103 101 99 97 97 96 96 96 96 97 95 92 92 92 93 95 98 100
114 111 110 111 114 119 124 127 127 127 125 123 121 119 117 116 115 115 115 115 115 114 112 110 108 106 106 106 106 106 106 106 105 107 108 109 109 107 106 106 107 108 109 111 112 109 106 105 105 107 109 111 111 111 110 110 109 110 111 112 112 112 112 110 109 109 111 112 112 111 110 109 107 106 105 104 103 102 101 100 98 97 97 98 98 98 101 102 98 95 92 92 92 93 96 97
113 111 110 110 113 118 122 125 126 126 125 123 121 119 116 115 114 113 113 113 113 113 112 110 108 107 106 106 105 105 105 105 105 106 108 108 108 106 106 106 107 108 109 111 112 109 106 104 105 107 108 110 110 110 109 108 108 109 111 112 112 113 113 111 110 110 112 113 112 111 109 107 106 105 104 103 102 102 101 100 99 99 100 101 101 102 103 104 102 97 94 92 92 91 93 94
113 110 109 110 114 119 123 126 126 125 123 122 120 118 116 115 113 112 112 112 111 111 111 111 109 108 106 106 105 104 103 103 104 105 107 107 107 106 105 106 107 108 110 111 112 110 107 104 103 105 107 109 109 109 108 107 108 110 111 112 113 114 113 112 111 111 113 114 112 110 107 106 105 103 103 103 102 102 101 100 99 101 103 104 105 106 106 106 104 100 95 93 92 91 91 92
111 109 109 111 116 121 125 126 125 124 122 121 119 118 117 115 113 112 111 110 109 109 109 109 109 109 107 106 105 104 103 102 103 104 105 105 105 105 105 107 108 109 111 112 112 109 106 103 103 104 106 108 108 107 106 107 109 110 112 114 115 115 114 113 112 113 115 114 112 109 107 106 104 103 103 103 103 103 102 100 100 103 106 108 108 107 106 105 103 100 96 93 93 92 91 90
109 108 109 112 117 122 125 125 125 122 120 119 119 118 118 117 115 113 112 110 109 109 109 108 108 108 108 107 106 105 103 102 102 103 104 104 104 104 105 107 109 110 111 112 111 108 105 103 103 103 105 107 107 106 106 107 109 110 112 114 115 115 115 114 113 113 115 115 113 110 107 106 105 104 104 105 104 104 103 102 102 104 107 109 108 106 103 101 100 98 96 94 94 94 92 91
108 108 109 113 118 122 124 124 124 122 119 118 118 118 119 118 116 115 113 111 110 109 109 108 107 106 106 106 106 106 104 102 101 102 102 102 103 104 105 107 109 110 111 112 112 109 106 103 102 102 104 106 106 106 105 107 109 111 113 114 114 114 114 114 113 114 114 114 112 109 107 106 105 105 106 106 106 105 103 103 103 104 107 108 107 105 103 100 99 97 97 96 96 96 95 93
108 108 109 113 118 122 123 123 123 121 118 116 117 118 118 118 118 118 116 114 112 111 109 109 107 106 106 105 105 105 105 103 101 101 101 102 103 104 105 107 109 110 111 111 111 109 106 103 102 102 103 104 104 104 105 106 108 110 111 112 113 113 113 113 113 113 113 113 111 110 108 106 106 107 108 107 106 105 103 103 103 105 107 107 105 104 102 100 99 99 100 99 99 100 99 97
108 109 111 115 119 122 121 122 122 120 117 116 116 117 117 117 118 118 117 116 115 114 113 111 108 107 106 105 104 105 105 103 101 100 101 102 103 105 107 109 109 109 110 110 110 109 106 103 102 101 102 103 103 104 105 106 108 109 110 110 111 112 113 113 112 112 112 112 112 110 109 108 108 108 108 107 106 105 104 104 105 106 106 105 104 103 102 100 100 100 102 102 102 102 102 101
109 111 113 117 120 121 121 120 120 119 117 114 114 115 115 116 117 117 116 116 116 116 115 113 110 108 106 105 104 103 103 103 102 100 100 102 104 106 108 108 108 108 108 108 108 109 107 104 101 101 101 102 103 104 105 106 107 107 108 108 110 112 113 113 112 111 111 112 112 111 110 109 109 109 108 107 106 105 105 105 105 106 106 105 103 103 102 101 101 102 105 106 105 105 105 103
109 113 114 117 120 121 120 119 119 119 117 114 112 113 114 115 116 116 116 115 115 115 115 113 111 109 107 105 103 103 103 102 102 100 100 101 104 105 106 106 106 105 107 107 108 108 107 103 101 100 101 102 102 103 104 105 106 107 108 108 110 112 113 113 112 111 111 112 112 112 112 111 111 111 109 107 106 106 106 106 106 106 106 106 105 104 103 102 102 104 106 107 106 105 106 106
109 112 114 115 118 120 118 118 119 118 116 113 112 112 113 115 115 116 115 115 115 115 114 113 111 109 107 105 103 103 103 102 101 100 99 100 102 104 104 104 104 105 106 106 107 107 106 103 100 100 100 101 102 103 104 105 106 107 108 109 110 112 113 113 112 110 110 111 112 112 113 113 113 112 110 108 106 106 108 108 107 107 107 107 106 104 104 104 104 105 107 108 105 103 103 102
110 113 115 114 115 118 118 118 118 117 115 113 112 111 112 113 115 115 115 114 114 114 114 113 111 109 107 106 105 104 103 102 101 100 99 99 100 101 102 103 104 105 106 106 107 107 106 103 100 99 99 101 102 103 104 105 107 108 109 110 111 112 113 113 112 110 109 110 111 112 112 112 113 112 110 108 107 108 109 109 108 108 107 107 106 105 104 103 103 104 106 107 103 99 98 98
110 114 116 115 114 115 115 117 117 116 114 113 111 110 110 111 113 113 113 112 112 112 113 113 111 110 109 108 107 106 105 104 102 101 99 99 99 99 101 103 104 105 106 106 107 107 105 103 100 99 99 101 102 103 104 106 108 109 110 111 112 113 113 114 112 110 109 108 109 110 111 112 112 112 110 109 109 110 111 111 109 108 107 107 106 105 104 103 103 101 101 101 100 97 97 96
109 113 116 116 114 114 114 114 115 115 113 112 110 109 109 110 111 112 112 111 111 111 112 112 112 111 110 109 109 108 107 105 104 102 100 99 98 100 102 104 105 106 106 106 106 106 106 104 101 99 98 100 102 103 105 107 109 110 111 112 112 112 114 115 113 111 108 107 108 109 110 111 112 112 110 109 109 111 112 112 110 108 107 107 106 105 104 103 103 101 99 99 98 97 97 97
110 113 116 117 117 114 112 112 114 114 112 111 110 109 108 109 110 110 110 109 109 110 112 112 111 110 110 109 109 109 107 106 105 103 101 98 98 100 102 104 105 105 106 106 106 105 105 104 101 98 98 100 102 103 105 107 108 109 109 109 110 112 114 114 113 111 108 107 106 107 109 110 111 111 111 111 111 112 112 111 109 108 107 107 106 106 105 105 105 103 102 100 100 99 99 99
112 114 116 118 118 115 112 112 112 112 111 110 109 108 107 108 109 109 109 108 108 110 111 111 111 110 109 108 108 108 107 106 104 103 101 98 98 99 101 104 104 104 105 106 106 105 104 103 101 99 97 99 101 103 105 106 107 107 107 107 109 111 113 114 114 112 109 107 106 106 107 108 110 110 111 111 112 112 112 111 109 108 108 107 106 106 106 106 106 105 104 102 101 101 101 101
114 116 117 118 118 116 113 112 112 111 111 110 109 108 106 107 108 109 109 108 108 109 110 111 111 110 109 108 107 106 106 105 103 101 99 98 97 99 101 102 102 103 105 106 106 105 104 102 100 98 97 98 100 101 103 104 104 104 105 107 109 111 113 114 113 111 109 107 106 105 106 107 108 110 110 111 111 112 112 110 109 108 107 107 107 107 107 107 107 107 106 104 102 102 102 101
115 118 119 119 118 116 114 112 112 111 110 110 109 108 106 106 107 107 107 107 107 108 109 110 110 110 109 108 106 106 104 103 102 100 99 97 97 98 100 101 102 103 105 106 105 105 103 101 100 98 96 97 98 99 100 101 102 104 106 108 109 111 112 113 113 111 109 106 105 105 106 108 108 109 110 110 110 111 111 111 109 108 107 106 106 107 107 108 108 107 107 105 104 104 103 101
115 118 118 118 118 117 115 114 112 111 110 109 108 107 106 105 105 106 106 106 106 107 108 109 110 110 110 109 107 106 104 103 102 100 99 97 97 98 101 102 103 104 105 106 105 104 103 102 100 98 96 96 98 101 102 103 104 105 106 108 109 110 111 112 112 111 109 106 104 104 106 107 108 109 109 110 110 109 109 109 109 108 106 105 106 106 106 106 106 106 106 106 105 104 103 101
115 117 118 118 118 118 116 115 113 111 109 108 108 106 106 105 105 105 105 105 105 106 108 108 109 110 110 110 108 106 106 104 103 101 100 98 97 100 103 104 104 105 106 106 104 103 102 101 99 97 96 96 99 102 104 105 106 107 107 107 108 109 110 111 112 111 109 106 103 103 104 106 107 107 109 110 109 109 109 109 109 108 106 105 104 104 104 104 104 104 105 105 104 103 104 102
114 117 117 117 118 118 117 115 113 111 109 107 107 106 106 105 104 104 104 104 105 106 107 108 109 110 110 110 109 107 107 105 104 102 100 98 96 99 103 103 104 105 106 106 104 102 101 99 98 97 96 96 99 102 105 106 106 106 106 106 107 108 109 111 112 111 109 106 104 102 103 105 105 107 109 110 109 108 108 108 108 108 106 105 104 103 102 101 101 102 103 103 102 103 103 101
115 117 117 117 117 117 115 115 113 111 109 106 105 105 106 105 104 103 103 104 106 107 108 109 109 110 110 109 109 108 107 105 104 102 100 98 96 97 100 103 104 105 106 106 104 102 100 99 97 96 95 96 98 101 104 105 105 105 104 104 105 107 108 110 110 110 108 105 103 102 101 103 105 107 109 110 109 108 107 107 107 107 106 105 103 102 102 100 99 99 99 99 98 100 102 101
116 117 116 116 116 115 114 114 113 111 108 106 105 105 105 105 104 103 103 104 106 108 109 110 110 109 109 109 108 107 106 104 103 101 99 97 96 96 100 103 104 105 105 106 104 102 101 100 98 96 95 96 98 101 103 104 104 103 102 103 105 107 108 109 109 108 106 105 103 101 101 102 105 108 109 110 109 108 107 106 107 107 107 106 105 103 103 102 100 98 97 96 96 98 100 100
116 116 115 114 115 114 112 112 112 110 108 106 104 103 103 104 104 104 104 103 104 105 107 110 110 109 108 108 106 105 104 103 102 101 100 98 96 95 98 102 103 104 105 106 105 103 101 100 99 97 95 95 97 99 101 101 101 101 101 103 105 107 109 109 108 107 105 104 102 100 100 102 105 108 109 109 109 107 105 105 106 107 108 108 106 105 105 105 104 102 99 96 96 95 96 97
114 115 113 114 115 114 111 111 111 111 109 107 104 103 103 103 104 104 104 104 104 105 107 109 110 109 108 106 105 105 104 103 103 103 103 101 97 95 96 99 102 104 105 106 106 104 102 101 100 98 95 94 96 98 98 99 100 100 101 103 106 107 109 110 109 107 106 104 102 100 100 102 105 107 107 108 108 106 105 104 106 107 109 109 108 108 108 108 107 105 102 99 96 94 93 93
