geocache-va/1-3/elevation.txt
ncols         865
nrows         925
xllcorner     -77.5
yllcorner     38.75
cellsize      1.0E-5
NODATA_value  -9999
[rows 836 to 879 of 925, columns 288 to 383 of 865]
79 79 76 72 72 76 77 73 68 67 72 76 74 69 63 61 64 70 76 76 72 67 62 62 65 70 76 81 84 87 89 92 93 91 87 83 85 89 84 78 76 75 76 77 78 81 83 84 85 87 89 91 92 93 92 92 94 94 95 97 99 100 100 97 93 88 86 92 98 96 88 85 85 87 91 97 102 103 98 91 88 87 83 78 78 84 91 95 97 96 93 92 92 92 94 98
84 83 80 77 76 79 80 74 69 70 76 79 77 74 68 63 64 71 77 77 74 69 64 62 63 68 75 80 83 85 86 90 93 93 89 86 87 90 85 81 80 78 76 76 77 77 79 80 81 83 87 88 89 89 89 90 91 93 96 97 98 99 100 98 94 90 89 95 100 96 89 86 85 88 91 97 104 104 98 92 92 93 88 80 77 80 85 91 96 95 93 95 97 95 94 95
86 86 83 81 80 81 80 74 70 71 75 81 82 79 74 66 62 67 76 78 75 72 70 67 64 65 68 74 78 80 84 87 90 92 92 90 89 90 85 84 85 82 78 78 79 79 78 78 79 79 81 83 84 84 86 87 89 91 94 95 97 98 98 98 94 91 92 98 102 99 93 88 86 87 91 97 104 103 97 95 96 94 88 82 79 79 81 89 94 95 94 96 100 98 95 95
86 87 85 83 83 82 79 74 74 74 73 79 84 82 77 69 64 68 76 80 80 78 76 72 67 65 65 66 69 74 79 83 87 90 93 93 92 90 86 87 87 84 80 81 84 85 82 82 82 81 80 81 81 81 82 84 85 87 89 92 95 96 97 98 95 92 94 99 103 101 95 89 87 90 94 100 105 104 100 100 98 90 84 81 83 82 80 83 89 92 94 97 100 101 99 97
85 87 87 85 84 83 78 75 77 77 74 79 84 83 77 69 65 67 74 80 83 83 80 74 70 69 71 70 69 70 75 82 86 88 89 92 93 92 89 88 87 84 81 83 87 88 86 86 86 84 85 82 82 85 84 84 85 85 87 89 93 94 96 97 95 94 96 100 103 99 94 89 88 91 96 102 106 106 104 102 96 88 83 83 86 86 82 81 83 86 90 94 98 101 100 99
82 85 87 88 86 84 80 80 83 80 78 80 84 82 75 70 67 66 72 80 85 86 83 76 73 75 79 80 76 71 71 77 80 82 85 90 93 94 92 88 84 83 82 85 90 92 91 91 89 90 90 85 85 89 90 89 88 87 87 87 90 92 95 97 97 98 99 100 100 97 92 88 87 91 96 101 105 109 109 104 95 87 85 89 94 93 88 84 83 85 86 88 92 96 99 100
77 81 84 87 87 86 85 85 86 83 81 84 85 83 77 75 72 68 69 77 84 87 84 77 75 80 86 87 83 76 71 73 78 83 88 92 94 95 92 88 86 85 84 86 90 94 95 94 93 92 90 85 85 89 92 93 92 91 91 90 90 91 94 97 100 102 103 101 97 92 90 90 91 92 95 99 104 109 110 104 95 88 87 93 99 97 92 89 87 90 92 90 90 91 94 98
79 78 81 84 86 87 88 89 89 85 84 88 88 83 80 81 78 72 69 75 83 87 85 79 78 85 90 89 85 78 72 72 78 84 90 94 95 95 93 89 89 87 86 86 88 92 96 97 95 94 91 87 85 88 92 94 94 94 94 93 93 93 95 98 101 104 104 100 95 91 90 93 95 96 98 101 104 107 107 101 92 86 86 93 100 100 97 93 90 93 97 97 95 94 95 100
83 82 81 81 83 85 88 90 91 88 88 91 90 86 85 86 81 74 71 78 83 86 85 80 80 87 90 89 83 78 73 72 77 84 90 93 95 96 94 92 90 89 88 87 87 90 93 96 96 95 92 88 85 87 90 93 95 96 96 96 96 95 94 97 101 103 102 99 94 91 92 97 99 101 102 105 108 107 104 97 90 85 85 90 98 101 100 94 91 95 100 102 102 100 99 101
85 85 84 83 83 84 86 90 91 91 91 92 91 89 88 85 79 73 71 77 85 87 84 80 82 88 90 87 81 77 74 73 76 82 88 92 94 95 95 93 92 91 89 87 88 91 93 95 96 95 92 89 87 87 91 94 97 98 98 98 98 97 96 98 101 103 102 98 93 91 93 98 102 104 105 107 108 106 101 95 89 86 87 91 97 102 101 95 91 95 99 102 103 102 101 100
85 86 86 86 86 86 86 88 91 93 93 94 94 93 91 84 78 76 73 76 84 87 86 84 88 91 90 84 79 78 77 74 75 81 86 89 90 92 94 93 93 93 92 91 91 92 93 95 96 95 93 91 88 87 90 94 98 100 101 101 100 98 96 98 101 104 104 99 96 95 95 99 103 106 109 109 108 105 100 94 89 89 92 95 97 102 101 95 92 93 98 102 104 103 102 100
80 84 88 89 89 88 88 88 88 90 92 94 95 95 92 86 84 80 74 76 84 90 89 88 92 94 91 84 81 85 83 78 76 79 82 84 86 88 91 94 94 94 94 93 93 94 94 95 96 95 94 91 89 87 88 92 96 99 103 104 103 99 97 98 101 105 106 103 99 99 99 99 102 106 111 111 110 106 101 95 90 89 93 97 98 101 101 98 96 95 97 101 104 104 103 101
77 83 88 92 93 91 90 89 89 90 90 92 94 95 93 89 86 82 78 76 81 89 92 91 94 95 92 85 84 89 87 82 78 77 80 84 88 90 91 92 94 95 96 95 95 95 95 95 96 95 94 92 90 89 89 90 93 97 100 103 104 101 100 99 101 104 106 105 101 102 103 101 101 105 109 112 110 106 100 95 93 94 94 97 102 104 103 100 99 99 100 101 104 105 104 103
78 83 88 92 93 93 92 91 90 91 92 93 94 95 94 92 89 85 83 78 77 84 92 94 95 96 93 87 86 90 89 85 82 79 81 86 90 93 94 93 94 95 96 96 97 97 96 97 97 96 94 93 91 90 91 91 93 96 99 103 104 102 100 101 102 104 106 107 105 104 105 104 103 104 107 109 108 103 98 95 96 99 97 97 102 106 105 103 102 103 105 104 105 106 105 103
78 82 87 92 94 94 93 93 91 92 94 94 95 95 94 93 90 88 86 81 77 82 90 94 96 96 94 89 87 90 89 86 83 81 82 86 90 93 94 94 95 95 96 97 98 99 98 99 99 96 94 93 92 92 93 94 95 97 100 103 104 102 101 102 103 104 106 108 107 104 106 106 105 105 106 108 107 102 97 94 97 102 101 98 102 107 107 105 104 105 106 106 106 106 106 103
78 80 85 90 93 94 94 94 93 94 95 95 95 95 95 94 92 90 89 84 78 82 90 95 97 97 94 91 90 90 90 89 86 84 82 84 88 92 94 95 95 95 96 96 97 99 100 101 100 97 95 94 93 92 94 96 97 98 100 102 102 100 99 101 103 103 104 107 108 107 107 108 109 109 109 109 105 100 97 95 97 103 104 102 103 107 109 107 105 105 105 105 105 107 106 103
80 79 82 87 92 94 95 95 95 95 96 97 97 97 96 96 94 94 92 86 81 83 90 96 98 97 95 93 91 91 91 90 88 86 84 83 86 89 92 94 94 95 95 95 96 96 98 100 98 96 95 94 93 93 94 95 97 99 101 101 100 97 96 99 99 98 101 106 109 109 109 110 111 112 112 111 106 102 100 97 98 103 106 107 107 109 110 107 104 103 103 103 103 104 104 102
85 82 82 86 91 94 95 96 96 96 97 98 98 97 97 96 96 96 94 88 83 86 93 96 96 95 93 93 92 92 91 90 88 87 85 84 84 86 89 92 94 94 94 95 96 96 97 97 97 96 95 94 94 94 94 95 98 102 102 99 96 94 94 96 96 98 104 107 110 111 111 111 112 113 114 112 107 104 102 99 100 105 108 109 110 111 110 107 104 102 102 102 102 102 103 100
88 84 82 86 91 93 95 96 97 97 97 97 97 96 96 96 97 97 95 89 85 88 94 96 95 94 93 93 93 93 92 90 88 87 87 87 86 86 87 89 91 92 94 95 96 96 96 96 96 95 95 94 94 94 94 94 97 101 101 98 94 93 92 93 94 97 102 105 110 112 112 112 113 113 114 112 108 104 101 99 102 106 108 111 113 114 111 106 103 101 100 100 100 101 102 99
88 85 84 86 91 94 95 96 97 98 97 96 96 95 94 94 96 96 94 91 88 89 94 95 94 92 91 92 94 94 92 90 89 88 88 88 87 87 87 88 90 92 94 95 96 96 96 95 95 95 95 95 94 93 93 93 96 100 102 98 94 91 90 90 91 93 96 99 104 110 113 113 113 113 113 112 109 105 102 101 103 105 108 112 114 115 111 107 103 101 99 99 99 100 100 99
91 88 86 87 91 94 95 96 96 97 96 95 94 93 93 93 95 96 95 93 91 91 94 93 91 89 90 90 92 93 91 88 88 90 91 90 90 91 91 90 91 93 94 95 96 96 95 94 92 92 93 95 94 92 91 94 96 98 100 98 94 89 87 88 91 94 95 96 99 104 109 110 110 110 111 110 109 107 104 103 105 107 108 110 112 113 111 108 103 100 98 97 97 97 98 97
92 89 87 87 91 93 94 95 95 95 96 95 94 93 91 92 94 95 95 94 93 94 94 93 88 87 90 88 88 88 86 84 87 92 94 92 93 94 94 92 93 94 95 95 96 96 95 93 90 90 92 94 93 90 90 93 94 95 96 96 93 87 87 90 94 99 100 97 96 100 103 105 107 108 110 110 108 107 105 104 104 106 107 109 110 111 110 107 103 100 98 96 96 96 96 94
92 90 88 89 91 93 94 95 94 94 94 94 93 92 90 90 92 94 95 94 94 95 95 92 88 86 89 86 83 83 83 84 87 91 94 95 96 96 94 93 94 94 95 96 96 95 94 91 89 89 92 94 93 89 88 90 93 95 93 91 89 86 89 94 98 101 104 103 100 100 103 106 107 108 110 109 107 106 105 104 103 103 105 107 109 110 109 106 103 101 99 97 96 95 94 92
92 90 89 90 92 93 94 94 93 93 94 94 93 90 87 87 90 92 94 95 95 95 94 90 84 84 86 83 80 80 81 83 86 89 92 97 98 96 94 94 95 95 96 96 96 95 93 90 87 90 93 93 90 87 89 92 94 94 91 86 84 85 90 96 102 107 108 107 105 105 108 109 109 109 108 107 106 105 104 103 102 101 102 105 108 110 109 106 103 101 100 98 96 95 94 92
92 90 90 90 93 93 92 91 91 92 94 93 92 90 86 85 87 90 93 95 95 95 93 89 83 81 83 81 78 78 80 83 85 89 94 98 98 95 94 94 95 96 96 97 96 95 93 90 87 89 94 93 88 87 89 93 94 95 91 85 83 86 91 96 101 107 109 108 106 108 111 111 109 109 108 107 105 104 102 101 100 100 101 104 107 109 108 106 104 102 100 99 98 96 95 93
93 93 93 93 93 93 90 88 88 91 92 90 90 90 88 85 84 86 90 92 92 93 92 87 81 78 79 77 77 79 82 84 87 92 96 97 95 92 92 94 95 97 98 98 96 95 93 90 86 86 91 92 88 89 92 94 94 92 87 82 83 89 94 97 100 104 108 109 109 110 111 111 110 110 109 107 105 103 101 99 99 99 100 102 104 105 106 105 104 102 100 98 97 96 95 92
93 94 94 94 94 93 90 87 89 91 91 89 87 89 90 87 84 83 83 85 88 91 91 87 81 76 75 75 78 81 85 87 89 92 95 94 91 90 92 94 95 97 99 98 97 95 93 91 86 83 86 87 87 91 95 96 93 90 84 81 84 88 91 95 101 106 109 110 111 110 109 108 108 108 107 106 105 103 101 99 98 98 99 100 101 103 105 105 105 103 100 97 96 95 93 92
95 95 95 94 93 90 87 85 86 88 89 86 85 89 91 90 88 87 83 79 82 88 89 86 81 75 74 77 81 84 86 88 89 89 91 89 87 89 93 94 95 97 96 96 96 95 92 89 85 82 81 83 88 94 96 96 93 87 82 81 87 92 94 98 103 108 110 111 111 108 106 104 104 104 105 105 104 102 101 99 97 97 97 99 100 102 104 105 105 103 100 98 96 95 94 94
96 95 94 93 90 87 85 84 82 83 83 82 84 89 92 92 91 91 87 80 76 81 85 83 79 74 75 80 85 86 86 86 86 87 89 86 85 89 93 94 95 96 95 94 94 94 92 90 89 85 79 82 90 94 94 92 86 80 78 83 90 95 98 102 105 106 108 108 109 106 104 103 102 101 101 102 102 101 100 98 97 96 97 99 101 102 102 103 104 103 101 99 98 97 96 95
96 95 93 91 88 85 84 82 80 80 80 81 84 88 89 89 90 91 88 81 75 78 83 81 77 73 75 81 83 83 85 84 84 87 87 84 83 87 91 94 95 95 95 93 92 94 93 92 90 84 78 80 88 91 91 90 83 78 79 85 91 96 100 103 104 104 106 108 110 107 105 103 102 102 101 101 101 100 98 97 96 95 97 99 101 101 100 101 103 103 101 99 98 97 97 96
97 95 93 89 86 84 84 84 83 80 76 78 83 86 85 84 87 91 90 85 77 74 78 79 74 72 76 80 80 81 82 81 82 84 83 81 84 86 88 91 93 94 94 91 90 93 94 92 89 83 77 78 82 87 89 85 78 77 83 88 94 98 100 100 99 99 101 106 109 108 107 105 104 103 101 99 98 98 97 96 95 94 96 99 100 98 98 100 102 103 102 101 100 99 98 97
97 95 93 91 90 87 86 88 87 83 78 76 79 82 81 81 86 89 90 87 79 73 73 75 72 71 76 78 76 77 77 77 78 78 80 84 87 89 91 92 93 94 93 90 87 90 94 93 89 84 80 77 78 84 86 80 76 81 88 92 96 97 96 94 93 95 98 100 103 105 107 106 105 103 101 99 97 96 96 95 94 93 95 97 97 96 97 100 103 104 103 102 100 98 98 97
95 94 92 91 91 89 86 84 83 80 76 74 76 79 78 79 84 87 90 88 83 75 70 70 70 70 74 74 72 71 72 73 76 79 83 88 91 93 94 94 94 94 93 89 85 86 92 93 90 87 83 77 77 82 82 77 76 82 87 90 91 90 89 91 94 96 97 98 102 106 107 106 105 103 100 98 96 94 92 92 91 91 93 94 93 94 96 100 102 103 104 102 99 97 96 96
93 92 89 89 92 92 89 86 83 80 77 74 73 74 75 80 83 85 87 87 85 79 70 67 66 66 68 68 69 72 75 77 80 83 87 91 94 94 94 94 94 95 94 91 85 83 88 92 91 90 86 78 75 76 74 73 75 78 81 83 85 87 90 93 98 102 103 103 105 107 107 106 106 103 100 98 96 95 93 92 90 89 90 90 90 91 94 97 100 103 104 103 100 97 95 93
91 88 86 88 92 92 91 90 85 82 78 74 72 72 75 81 83 85 85 84 85 82 73 66 65 65 66 68 72 76 79 82 84 86 90 92 93 93 93 93 93 95 94 91 84 80 84 89 89 89 86 78 73 72 72 74 78 81 83 84 86 89 93 96 100 104 105 104 105 107 107 106 105 102 100 99 98 97 95 93 90 88 88 88 90 93 95 98 101 103 104 103 101 98 95 92
86 85 84 85 88 87 88 90 86 81 78 75 73 72 73 77 80 82 81 80 82 82 76 69 65 66 68 71 73 78 83 87 89 91 93 93 92 91 90 91 93 95 93 90 83 78 80 85 86 85 83 76 71 71 73 77 85 91 92 92 92 92 97 100 104 106 106 105 105 105 105 104 103 102 101 100 100 97 95 93 90 87 87 89 93 95 96 99 102 104 104 103 101 98 95 93
85 84 82 83 87 85 85 86 84 81 78 78 75 72 70 71 73 75 76 77 79 79 75 68 63 65 70 73 74 78 84 89 93 95 95 92 89 87 87 88 92 95 93 90 86 80 76 79 81 80 78 73 71 76 80 82 88 94 97 96 96 96 100 104 107 108 107 104 103 103 103 103 103 102 102 102 100 97 95 93 91 88 87 89 92 93 94 96 99 101 101 102 100 98 96 94
85 80 78 79 83 82 81 84 83 82 81 79 77 77 73 68 66 66 68 72 75 75 69 63 62 66 72 76 78 80 86 91 95 96 95 92 90 87 85 87 90 93 94 93 89 83 78 75 76 76 71 69 72 79 85 88 92 97 100 100 99 100 103 105 108 108 106 104 102 101 100 100 101 101 103 102 100 99 98 95 92 88 86 87 89 90 91 93 96 97 98 99 100 99 98 96
85 79 75 76 79 79 81 85 85 84 82 81 81 81 78 75 71 66 63 67 72 71 64 61 65 70 76 79 81 82 86 91 94 96 96 94 91 87 84 86 88 90 92 93 91 86 80 75 73 73 69 68 72 78 85 89 94 96 98 99 99 99 101 104 107 107 105 104 102 99 97 97 99 99 100 101 101 101 99 96 92 88 85 86 88 89 90 92 94 96 97 99 100 99 98 95
85 80 74 73 75 77 82 87 87 86 84 83 85 83 82 81 77 72 65 63 67 66 61 62 68 74 78 80 81 81 84 86 89 92 95 94 91 86 82 83 85 86 90 92 91 88 84 78 73 69 68 70 74 78 82 87 91 93 92 90 91 94 98 102 106 107 104 102 100 98 97 96 96 96 97 98 100 99 98 95 92 88 85 85 87 89 91 93 94 95 95 98 100 99 98 95
86 83 77 72 73 78 83 86 87 87 86 86 86 86 85 84 81 77 70 63 61 62 60 63 71 76 78 78 77 78 80 82 85 89 93 93 90 86 81 79 81 82 86 89 91 90 85 79 73 68 67 72 79 82 82 86 90 90 88 90 94 98 101 103 106 107 104 101 98 96 94 94 94 94 95 98 100 98 96 93 90 87 85 84 87 90 92 93 93 93 95 97 99 99 99 97
87 84 79 73 71 74 79 82 82 82 82 84 87 86 84 82 81 79 73 65 59 59 60 65 72 76 75 74 75 80 83 86 89 91 94 95 92 88 83 79 77 79 84 87 89 89 86 81 74 67 67 74 82 85 85 88 88 86 85 90 95 99 101 102 104 106 105 102 98 95 93 93 93 93 95 97 98 97 96 93 89 86 84 84 87 89 91 90 90 92 94 95 98 100 100 100
88 87 83 77 70 70 75 76 75 75 76 81 85 84 81 78 78 77 73 65 59 58 60 67 74 74 72 72 75 79 84 89 91 94 94 94 92 89 85 82 79 76 78 81 84 87 87 81 72 66 68 74 80 85 85 84 82 81 82 86 89 93 94 95 99 103 104 101 97 95 93 91 91 92 94 95 96 96 96 93 89 86 84 83 85 87 88 88 90 92 94 95 97 99 101 100
89 89 85 79 71 67 71 73 70 71 76 81 83 82 80 77 73 72 69 61 57 58 64 72 75 72 70 71 76 81 85 88 90 91 92 94 92 89 86 84 83 77 73 76 81 85 85 79 71 66 70 74 76 77 76 76 76 79 85 87 87 88 90 92 96 101 101 98 96 94 93 91 90 90 91 92 92 93 94 93 89 85 83 82 83 84 86 89 92 94 94 95 97 99 101 101
