geo_cache/2-0/elevation.txt
ncols         949
nrows         918
xllcorner     -72.41111111111111
yllcorner     41.76
cellsize      1.0E-5
NODATA_value  -9999
[rows 420 to 461 of 918, columns 376 to 469 of 949]
204 203 202 201 202 201 200 199 199 199 199 199 201 204 206 208 211 215 218 222 224 227 229 231 233 234 238 244 249 254 259 263 267 271 274 276 276 277 276 275 274 275 274 271 269 267 265 262 258 254 250 247 243 240 238 235 233 233 232 234 234 232 232 232 230 228 227 226 226 223 219 216 215 215 216 220 225 230 236 238 241 242 241 239 236 234 233 230 226 226 225 225 222 218
204 203 201 201 201 201 199 198 199 199 199 199 201 205 207 209 211 216 219 222 226 228 230 232 235 236 239 245 249 255 260 263 268 271 275 277 278 278 278 277 276 276 275 272 270 268 266 263 259 254 251 248 244 241 238 235 233 233 233 234 233 231 231 231 229 227 226 225 224 222 219 215 214 213 214 218 223 228 234 238 240 242 242 239 237 234 233 230 227 226 226 226 223 220
203 202 201 201 201 200 199 198 199 199 199 200 203 206 208 210 212 216 220 224 227 230 231 233 235 237 240 245 249 255 260 264 268 273 276 279 280 281 281 280 279 279 276 274 271 269 266 264 260 256 252 248 244 241 238 236 234 234 233 233 232 231 231 230 228 226 223 222 221 220 217 215 213 211 212 215 219 224 230 234 237 240 240 239 237 235 234 230 227 226 225 226 224 222
200 200 200 200 200 200 199 199 200 201 201 202 204 207 208 210 214 218 222 227 230 232 233 234 235 237 240 245 249 256 261 264 269 273 277 280 283 284 284 283 282 281 279 276 273 270 268 265 261 257 253 248 245 241 238 236 234 234 233 232 231 231 231 229 227 224 222 220 218 217 216 214 211 208 208 211 215 221 226 231 235 238 239 238 236 234 232 230 226 223 222 223 224 224
197 197 197 196 197 199 200 201 201 201 200 202 205 208 210 213 217 221 225 229 232 234 235 235 236 237 240 245 249 255 259 264 268 273 278 281 284 286 286 285 285 284 281 278 275 272 269 267 262 258 254 249 245 242 239 236 234 233 232 231 231 230 230 228 226 224 222 220 218 217 216 213 211 208 208 208 211 217 222 228 232 236 237 237 235 232 231 228 224 221 220 221 224 224
195 195 195 195 196 199 200 201 200 200 200 201 205 209 213 217 220 223 227 231 234 236 236 237 238 238 240 245 249 254 258 263 267 272 277 281 284 287 287 287 286 286 284 281 278 274 272 268 263 258 254 249 246 242 239 236 233 233 231 231 231 230 230 228 227 227 225 222 221 219 218 216 213 209 208 208 210 215 220 224 229 233 235 236 234 231 230 227 223 220 219 219 222 224
191 191 192 193 195 198 199 199 199 199 201 204 207 211 215 219 222 226 230 233 235 238 239 240 240 240 240 244 248 253 257 261 266 271 276 280 282 285 287 288 288 289 287 284 280 277 274 269 264 259 254 249 245 241 238 236 233 233 232 231 231 232 231 230 230 228 226 225 224 222 220 218 215 212 210 209 210 212 217 221 226 230 233 233 233 231 230 227 222 219 218 218 221 222
189 189 190 191 193 195 196 197 199 202 205 208 211 214 217 220 224 228 231 233 236 239 242 244 243 242 241 244 247 252 256 260 266 270 275 278 281 285 287 289 289 290 289 286 282 279 275 271 265 259 254 249 244 240 237 235 233 233 233 234 234 234 233 232 231 230 228 227 226 224 221 219 216 214 213 211 210 211 214 218 221 225 229 231 232 231 230 227 222 219 217 217 218 219
189 189 189 190 191 192 194 196 199 203 207 210 213 216 218 222 226 229 231 234 238 241 244 246 246 244 243 244 247 252 256 260 264 268 273 276 279 283 286 289 290 291 290 287 283 280 275 271 264 257 251 247 244 240 238 235 235 235 235 236 237 237 236 234 233 231 229 229 228 226 223 220 218 215 214 211 210 210 212 215 218 222 226 229 231 231 230 227 223 220 217 216 216 215
189 189 189 190 190 192 193 196 199 204 208 210 214 217 219 223 226 230 231 235 239 241 245 246 248 247 244 245 248 252 256 259 263 267 271 274 278 281 284 288 290 292 291 288 283 280 275 269 263 256 250 247 244 242 239 237 236 236 237 239 240 240 239 237 235 233 232 231 230 229 226 223 220 218 216 213 209 209 209 211 214 219 223 227 230 230 230 227 223 220 216 215 213 212
189 189 189 190 191 193 195 198 201 205 208 210 215 218 220 223 226 229 231 234 238 241 244 247 248 247 247 247 250 253 256 258 263 266 271 273 277 280 283 286 289 292 291 288 283 278 274 268 262 255 250 247 246 243 241 239 238 238 239 240 242 242 241 239 237 235 234 233 232 230 227 224 221 219 217 213 210 208 207 209 212 216 221 224 228 229 229 228 223 220 216 213 211 208
189 189 191 192 194 196 198 200 203 206 209 210 215 218 220 224 227 229 230 233 236 240 244 247 248 247 249 250 252 254 257 259 263 266 271 273 276 279 282 284 287 290 289 285 281 277 273 267 261 254 251 248 247 245 242 241 240 241 241 243 244 244 243 241 239 238 237 235 234 231 228 224 222 220 217 214 211 208 207 207 209 213 218 221 225 227 228 227 223 220 215 212 208 205
189 192 193 195 197 199 200 202 205 207 209 212 215 219 221 225 228 230 231 232 234 238 242 246 249 248 249 251 253 255 258 259 262 266 270 273 275 278 280 282 284 286 286 282 278 274 271 265 260 254 251 249 247 246 244 243 243 243 244 245 246 246 244 243 241 240 239 237 235 232 228 225 224 222 219 216 213 210 207 207 208 210 214 218 221 223 225 225 223 219 215 210 206 202
192 194 196 198 200 201 202 204 207 209 211 213 217 220 223 226 229 231 231 232 234 237 241 245 249 248 248 251 253 255 257 259 262 265 268 271 273 276 277 278 280 282 282 279 275 272 269 264 259 254 252 250 249 248 247 247 246 246 247 248 249 249 247 245 243 242 240 238 235 233 229 227 226 224 221 218 214 211 209 207 208 209 212 215 217 219 221 222 220 217 214 209 204 200
194 196 198 200 202 203 204 206 209 211 213 215 218 221 225 227 229 231 232 233 234 236 241 244 248 249 249 251 253 255 256 258 261 264 266 268 271 273 274 275 277 278 278 276 273 271 267 263 258 254 253 251 251 251 251 250 248 249 250 251 252 251 250 248 245 243 240 237 235 233 230 229 228 226 223 219 216 212 210 208 207 206 208 211 213 214 216 217 217 214 211 207 202 197
197 199 201 203 204 205 206 208 210 212 214 216 219 222 225 228 229 232 233 235 235 237 241 244 247 249 250 252 254 255 256 258 261 263 265 266 268 270 271 272 272 273 274 274 272 269 265 261 258 254 254 253 253 254 254 253 251 251 252 254 255 254 252 250 246 243 239 237 234 233 231 231 230 226 224 219 216 213 210 208 205 203 205 206 207 209 210 211 211 211 208 205 201 196
200 202 204 205 206 208 209 209 211 212 213 215 217 219 223 226 229 232 234 237 238 239 241 244 247 249 250 253 255 257 256 256 259 262 262 262 264 266 267 267 268 269 270 270 270 267 263 260 257 255 255 255 255 256 257 256 254 254 255 256 257 256 254 252 247 243 239 237 235 234 234 232 231 226 223 219 215 212 209 206 203 200 201 202 202 203 204 204 205 205 205 202 199 194
201 203 204 206 207 209 210 211 211 211 213 213 214 218 222 226 229 232 235 239 240 242 244 247 249 250 251 252 254 257 257 256 258 260 259 259 260 262 264 264 265 265 266 267 267 265 262 259 257 256 256 256 256 258 260 259 258 258 258 258 258 257 255 252 247 244 240 238 237 235 234 232 230 226 223 218 214 210 208 204 200 198 197 196 196 196 196 196 197 198 198 197 195 192
201 202 203 205 207 209 211 213 213 213 212 212 214 218 222 226 229 233 237 240 243 244 247 249 251 251 252 252 253 255 257 256 257 257 256 256 257 259 261 261 261 261 262 263 263 262 260 258 258 258 258 258 258 260 262 262 261 261 261 259 259 257 255 251 247 244 241 239 238 236 233 231 229 225 220 216 212 209 206 203 199 195 193 191 190 189 189 188 189 190 191 191 190 188
200 202 202 204 205 208 211 213 213 213 213 213 214 218 221 226 229 234 237 241 244 247 249 250 251 252 253 254 253 254 255 255 255 254 253 254 255 257 259 259 259 259 259 260 261 260 259 258 258 259 259 259 260 261 263 263 263 262 261 259 257 255 252 249 246 244 241 239 236 234 232 229 226 222 218 213 209 206 204 201 197 194 191 189 186 184 184 182 182 183 184 184 184 184
199 201 202 203 204 207 209 212 213 214 215 216 216 218 222 226 229 233 237 241 244 247 249 250 251 254 256 256 255 254 254 253 252 251 250 251 253 255 256 257 257 257 256 257 257 258 258 257 257 260 260 260 260 261 263 264 265 263 261 258 255 253 250 248 245 243 240 237 234 232 230 227 224 220 216 211 207 204 203 200 196 194 192 189 186 183 183 180 179 178 178 179 180 180
198 199 200 202 203 205 208 211 214 214 216 216 217 219 222 226 229 232 236 240 243 246 248 249 252 256 258 258 257 256 255 253 251 250 249 249 250 252 254 255 255 254 253 254 254 256 256 256 257 258 260 260 260 261 264 264 265 264 261 257 255 252 249 247 244 243 239 236 233 231 229 226 222 219 214 210 206 203 202 200 197 196 194 191 188 186 184 181 178 177 176 175 176 176
198 199 200 202 203 205 207 210 214 215 217 217 217 220 222 225 228 232 235 238 241 244 247 249 253 257 259 259 258 257 255 254 251 250 249 249 249 252 253 254 252 251 250 250 250 253 254 253 254 256 257 258 260 261 263 264 265 264 260 256 254 251 249 247 244 243 238 235 231 229 227 224 220 217 213 209 205 203 203 203 201 199 197 194 191 189 187 183 180 177 175 174 173 173
199 201 203 205 206 207 209 212 215 218 220 220 220 221 223 225 227 231 234 237 241 243 246 249 254 257 259 259 258 257 255 253 251 249 247 247 247 250 251 250 248 246 246 246 248 250 251 250 250 252 254 256 257 258 261 263 264 263 260 255 253 250 248 247 244 243 238 234 230 228 226 223 219 216 213 209 206 205 205 206 204 202 200 198 195 193 190 186 182 179 175 173 170 170
202 204 206 208 208 209 211 213 216 220 222 223 223 223 225 226 228 231 234 237 241 243 246 249 254 257 258 257 256 254 252 250 248 247 245 245 245 247 248 247 245 243 243 245 247 249 248 248 248 250 252 253 254 255 258 260 262 260 257 252 250 248 246 245 244 243 239 234 230 228 226 223 219 215 213 210 208 207 208 208 207 205 203 201 198 196 193 188 183 180 175 172 169 168
204 205 208 210 211 211 212 215 218 221 224 225 225 225 226 227 228 232 234 237 240 243 247 250 253 255 255 254 253 251 249 247 245 245 244 243 244 245 245 244 241 241 243 244 246 246 245 245 246 248 250 251 251 253 255 258 259 256 252 249 247 245 245 245 245 244 240 237 233 231 228 225 221 217 214 210 209 209 210 210 209 206 204 202 199 197 194 189 184 180 175 172 169 168
205 207 209 212 213 213 215 217 219 222 225 225 226 226 226 228 229 231 233 236 240 243 247 250 252 253 251 251 250 249 246 244 243 244 243 243 243 243 243 242 240 240 242 244 245 244 242 242 243 246 248 248 249 250 253 255 255 253 249 246 245 245 245 246 247 245 242 239 236 234 230 227 222 218 215 212 210 210 211 211 209 207 205 202 199 197 194 189 184 181 176 173 171 170
204 207 210 213 214 216 218 219 221 224 225 226 227 228 228 229 229 231 232 236 240 243 247 248 249 249 247 247 246 245 243 242 241 241 241 241 241 241 241 240 240 240 242 242 242 241 239 239 241 244 245 246 247 248 250 252 252 249 246 245 245 245 245 248 248 247 245 242 239 236 233 228 224 220 216 213 211 211 210 210 209 208 206 203 199 196 194 189 184 181 177 174 172 172
204 207 210 213 215 218 219 221 222 225 226 227 229 230 231 231 231 232 234 237 241 243 244 245 245 244 243 243 242 241 240 240 240 240 240 240 239 238 238 239 239 240 241 240 239 238 237 237 239 242 243 245 246 246 248 249 249 246 245 245 245 245 245 249 249 247 246 244 241 238 234 229 225 221 217 214 212 211 210 210 210 209 207 203 200 197 194 189 184 181 177 175 173 173
204 207 210 213 215 219 220 222 223 226 227 228 230 232 233 234 234 234 235 237 240 241 241 240 240 238 238 238 238 238 237 238 239 240 239 238 237 237 234 237 238 239 239 238 237 236 236 236 238 241 241 242 244 245 246 247 246 245 245 245 245 245 248 250 248 246 246 244 241 239 235 231 227 223 219 215 212 211 211 211 211 210 208 204 200 197 194 189 184 181 178 176 174 174
204 206 209 212 215 218 220 222 224 226 227 228 231 233 235 236 237 236 236 237 238 238 237 235 234 233 234 234 234 234 235 236 238 239 237 237 236 236 233 236 238 238 238 237 236 236 236 236 237 239 240 241 242 244 244 245 245 245 245 245 246 246 248 250 248 246 246 244 242 240 237 233 229 225 220 216 214 213 213 213 212 211 209 205 201 198 195 190 185 182 179 177 176 177
204 206 208 212 214 218 220 221 224 225 227 229 232 234 236 237 237 236 236 236 236 235 234 231 230 230 230 231 232 232 233 235 237 237 236 234 234 234 233 235 236 236 236 235 233 235 236 237 238 239 239 241 241 242 242 243 244 244 244 245 246 246 248 249 248 247 246 245 242 240 237 233 230 225 222 219 216 216 216 214 213 212 209 206 203 200 196 192 187 184 180 178 178 179
205 207 210 212 215 218 219 221 224 226 228 230 232 235 236 238 238 236 235 235 234 232 230 229 228 228 229 229 230 230 232 234 235 235 233 232 232 233 233 233 234 235 234 231 231 232 237 239 239 239 240 241 241 242 241 241 242 243 244 244 245 246 247 248 248 248 246 244 242 240 236 232 228 225 222 219 217 217 217 215 213 212 210 206 204 200 197 193 189 185 181 179 179 180
206 208 211 214 216 219 221 222 224 227 229 230 233 235 236 237 236 234 233 232 232 231 229 229 227 227 227 227 227 228 231 233 233 233 232 230 230 230 230 230 232 231 231 231 231 232 237 239 240 241 242 242 242 241 240 240 241 242 242 243 244 245 246 247 247 247 246 243 240 238 234 230 226 223 221 219 218 218 217 215 213 212 209 206 203 200 198 193 189 185 182 180 180 181
206 209 211 214 216 220 221 223 225 227 229 230 234 235 236 235 233 232 232 232 231 231 229 229 228 226 225 225 225 226 228 230 232 232 230 230 230 229 229 229 230 230 230 230 231 233 236 238 240 242 242 242 242 240 239 239 240 241 241 241 243 244 245 245 246 245 244 241 238 236 233 229 225 222 221 220 219 219 217 216 213 211 209 205 202 200 197 193 188 185 183 182 183 185
206 209 211 214 216 220 221 223 226 226 228 230 233 235 235 234 233 231 231 231 231 231 229 229 229 226 225 225 225 226 227 229 232 232 230 230 229 228 228 228 229 229 230 231 232 233 236 238 239 242 242 242 242 240 239 239 240 241 241 241 242 243 244 244 245 245 243 241 237 236 233 228 225 221 221 220 220 219 217 216 213 211 209 205 202 200 197 193 189 186 183 183 184 186
204 206 210 213 216 218 220 223 225 226 227 228 231 233 233 231 230 230 230 231 232 231 230 230 229 226 225 225 225 225 226 228 230 231 230 230 229 228 228 228 228 228 229 231 233 234 236 238 239 241 242 241 239 239 239 239 240 240 239 238 239 240 241 242 242 242 240 238 236 234 232 228 225 221 221 221 220 219 216 215 213 210 209 205 202 200 198 194 189 186 185 186 187 188
203 205 208 211 215 217 218 221 223 224 226 227 229 230 230 228 227 228 229 231 232 232 230 230 229 227 226 225 225 225 226 227 229 230 230 230 228 227 226 226 227 227 228 230 233 236 238 238 239 239 240 239 239 239 239 239 239 238 236 236 237 237 238 239 240 240 238 236 233 232 230 227 224 221 221 221 220 219 216 214 212 210 208 205 201 199 196 192 188 187 187 189 190 190
203 204 207 210 214 216 217 220 222 223 225 226 227 228 227 227 227 227 228 231 232 232 231 231 231 229 227 225 225 225 224 225 226 228 229 228 227 226 223 223 225 226 228 230 234 236 238 238 238 238 239 239 239 238 238 238 237 236 234 234 234 234 235 236 237 237 235 233 231 229 227 224 222 220 220 221 220 219 214 212 212 210 208 204 201 198 196 192 189 188 190 192 193 192
201 203 205 208 211 214 216 218 220 222 222 223 224 226 226 227 227 228 229 229 229 229 229 230 231 229 228 226 226 225 224 223 224 225 224 223 223 223 222 222 223 225 228 230 234 235 236 236 236 236 237 239 239 238 237 237 236 235 233 231 231 231 231 233 233 233 232 229 227 225 223 220 218 217 218 219 218 217 213 212 211 210 208 204 202 200 198 194 191 192 194 195 197 195
198 200 204 208 211 214 216 218 218 220 221 221 223 225 226 227 229 230 230 229 227 227 228 228 230 229 228 227 227 225 224 222 221 221 221 220 221 221 221 223 224 226 229 231 234 235 236 236 235 235 236 238 239 238 237 237 235 235 233 232 231 230 230 230 230 230 228 225 224 222 219 217 216 216 217 217 216 216 213 212 212 210 208 205 203 201 198 196 195 195 197 198 198 196
197 200 203 207 210 214 216 218 217 217 220 220 223 225 227 228 229 230 229 229 227 226 227 227 228 228 227 227 226 225 224 222 221 221 220 219 219 220 221 222 224 226 229 231 234 235 236 236 235 235 235 236 237 238 236 236 235 235 233 232 231 229 228 227 227 226 225 222 220 219 216 214 214 214 214 214 214 214 214 214 212 211 209 206 204 201 200 198 198 199 199 200 200 198
