geo_cache/2-0/elevation.txt
ncols         949
nrows         918
xllcorner     -72.41111111111111
yllcorner     41.76
cellsize      1.0E-5
NODATA_value  -9999
[rows 672 to 713 of 918, columns 846 to 939 of 949]
114 114 113 113 113 114 116 118 121 122 122 118 114 111 111 111 108 108 108 110 111 111 113 116 119 121 124 129 135 141 146 151 155 158 161 166 171 174 178 181 182 185 188 191 192 193 195 196 198 202 205 206 208 208 207 208 212 212 212 209 207 208 211 214 217 217 219 220 221 224 224 223 223 226 228 230 231 229 226 226 227 229 230 231 232 232 232 232 230 230 231 232 230 229
115 114 113 112 113 114 116 118 120 120 118 114 111 109 111 111 109 108 108 111 112 112 115 118 121 123 126 132 138 145 150 154 158 161 164 169 174 177 179 181 182 184 187 189 190 191 194 196 198 202 205 206 207 207 208 208 210 211 212 209 207 209 211 214 216 217 218 219 221 223 223 222 223 225 228 231 232 228 227 227 228 228 228 228 229 230 232 233 231 231 231 230 229 227
115 114 112 112 112 112 114 115 117 117 116 114 113 114 116 115 113 109 109 111 112 111 114 118 122 124 128 136 143 149 154 158 161 164 168 172 177 180 181 182 183 185 187 188 189 192 195 197 198 201 203 205 205 205 206 208 209 209 210 207 206 209 211 213 214 214 215 217 219 221 221 221 223 225 228 229 229 227 227 228 228 227 227 227 227 229 232 235 235 234 234 232 229 228
114 112 111 111 111 111 112 113 115 116 118 119 120 122 123 121 116 111 110 111 112 110 113 117 120 124 130 139 147 153 158 162 165 167 171 174 178 182 183 184 185 187 190 190 191 195 198 199 199 201 201 203 205 205 207 210 212 211 210 207 206 209 211 213 214 213 213 215 217 219 220 221 224 226 228 228 227 227 228 229 228 227 227 228 229 232 234 236 237 236 235 233 231 229
112 110 110 110 110 111 113 115 117 121 124 127 128 129 128 125 119 113 110 110 111 111 114 118 123 127 135 143 152 157 162 166 169 171 172 175 179 182 185 186 187 190 193 193 194 197 199 200 201 201 201 204 207 207 208 210 212 212 210 208 208 209 211 213 214 214 214 215 216 219 220 222 224 227 228 227 226 226 228 230 229 227 229 231 233 234 235 235 236 235 234 232 231 229
112 111 111 111 111 113 115 117 122 126 129 132 132 132 129 126 120 115 111 111 112 114 118 122 127 133 140 149 157 163 167 171 175 176 175 178 180 184 187 188 188 190 194 194 194 196 199 201 202 200 201 204 207 208 208 208 209 209 209 209 209 209 210 212 215 215 216 217 219 220 220 220 221 223 225 226 225 225 228 230 230 229 231 233 234 234 233 234 235 234 233 232 231 230
114 113 113 113 113 113 114 117 122 125 127 129 131 130 126 125 119 115 112 112 114 117 122 126 131 138 145 153 160 166 170 175 178 180 179 181 182 186 188 188 189 190 192 192 193 196 199 201 201 199 199 202 205 208 207 207 206 206 207 209 209 209 210 213 215 215 217 219 221 221 219 219 219 220 222 223 223 224 227 230 230 230 231 232 232 232 233 235 236 234 234 234 233 231
116 115 115 113 112 111 111 114 117 120 122 124 127 127 125 123 119 115 114 115 117 120 125 130 135 142 150 156 162 168 172 176 180 181 181 183 184 187 188 189 189 190 191 192 194 198 201 201 201 199 199 200 203 206 206 205 204 204 206 209 209 209 210 213 215 215 216 219 221 221 219 219 219 219 221 221 221 222 225 227 228 230 230 229 230 231 234 235 236 236 235 236 235 231
117 115 115 112 110 109 108 111 113 115 117 120 123 125 125 123 120 116 116 117 119 122 126 132 139 146 153 159 164 169 173 177 180 180 180 182 185 187 187 188 189 190 191 193 196 200 202 202 201 200 200 201 203 204 205 204 203 203 205 208 208 208 210 213 215 215 216 218 219 219 218 219 220 221 222 222 221 222 225 225 227 229 228 228 229 231 233 235 236 236 237 236 235 231
116 115 114 112 110 107 106 108 110 112 116 119 121 124 125 124 122 119 119 120 122 124 128 134 142 149 155 161 166 169 173 177 180 179 180 182 185 187 187 188 188 189 191 193 197 201 202 202 200 199 200 201 203 204 204 203 203 203 203 207 207 208 209 211 214 214 217 218 218 216 215 217 221 223 224 223 223 224 225 225 226 228 228 228 229 230 231 232 234 235 236 236 233 230
115 114 112 111 109 106 105 107 109 111 115 119 122 124 126 126 124 122 122 124 125 127 131 138 145 151 156 161 165 169 173 177 179 179 181 184 185 187 187 188 188 188 191 194 198 200 200 199 198 198 199 201 203 203 202 202 203 203 204 207 209 210 210 211 213 214 217 217 216 214 213 214 218 222 224 224 225 225 225 225 226 228 228 228 228 228 229 229 232 233 233 233 231 228
115 112 110 109 108 106 106 107 110 112 116 119 123 125 127 127 126 125 125 128 129 131 135 140 146 152 157 161 165 168 172 175 177 179 181 183 184 186 187 188 189 190 192 194 198 199 199 197 197 197 199 201 202 201 201 201 203 204 206 208 211 213 212 211 212 214 215 214 213 212 211 213 216 221 223 224 224 224 224 224 226 228 228 228 228 228 228 228 230 230 230 229 228 226
115 112 110 108 108 108 109 110 112 115 119 122 125 127 128 128 129 129 129 130 132 134 138 141 146 152 157 162 165 168 171 173 176 178 181 181 181 184 187 190 191 192 194 194 197 199 199 198 198 198 200 202 203 201 199 199 202 204 207 209 212 212 211 210 211 212 212 212 211 211 211 213 216 220 222 222 223 223 222 223 226 228 229 228 228 228 228 228 227 226 226 226 225 223
114 112 110 109 110 111 112 112 114 117 121 124 126 128 130 131 132 132 132 133 134 136 140 142 146 152 157 162 166 169 173 174 176 179 180 181 180 183 186 189 190 191 191 192 194 197 198 199 200 200 202 203 204 203 200 198 201 202 204 206 209 209 207 208 210 211 209 211 212 213 214 215 218 220 220 220 222 222 222 222 224 226 228 228 227 227 227 226 224 222 222 222 222 220
112 109 109 109 111 114 114 114 116 118 121 123 126 129 133 135 136 136 135 136 137 139 142 144 148 153 156 161 166 169 173 175 177 179 181 182 182 183 184 186 188 188 187 189 192 195 197 200 201 201 202 203 205 204 202 200 201 201 202 204 206 207 206 206 209 210 209 212 215 216 216 216 218 218 218 219 220 221 221 221 222 223 225 225 223 223 224 223 222 220 220 220 219 217
109 106 107 109 113 117 116 115 117 119 121 123 127 132 137 139 140 139 139 141 141 141 143 145 148 152 155 160 165 169 172 175 178 179 182 184 184 184 184 185 187 187 186 189 192 195 197 199 200 201 203 204 204 204 202 202 203 201 201 204 205 206 206 206 208 208 211 213 216 218 218 215 216 215 214 216 218 218 217 217 220 220 222 221 219 219 220 220 219 217 217 217 217 215
105 104 105 110 114 118 118 118 120 121 124 127 131 137 141 143 143 142 143 146 146 144 145 146 148 151 154 160 164 167 170 174 178 181 183 185 186 185 186 187 188 189 190 193 195 197 198 199 199 201 203 205 203 202 203 205 205 203 202 203 205 207 207 207 208 209 210 211 213 216 216 214 214 213 213 214 216 215 215 216 218 219 219 219 218 216 217 216 215 213 213 213 214 213
105 105 107 110 114 116 118 119 120 122 125 129 134 139 143 145 144 144 146 149 149 147 147 147 148 150 154 160 164 167 171 175 179 183 185 187 187 188 189 190 190 191 193 196 198 200 201 201 201 203 204 204 202 202 205 206 205 203 202 201 203 205 206 208 209 210 210 210 211 213 214 214 216 216 214 215 216 216 217 219 219 219 219 220 219 216 215 213 212 210 209 210 211 209
107 107 107 110 113 115 118 118 119 122 126 130 135 140 144 145 145 146 148 150 151 151 150 149 149 150 154 160 164 168 173 177 182 186 188 189 188 190 191 191 192 192 195 198 201 203 204 205 205 207 206 204 203 205 206 206 206 205 202 201 201 203 205 208 209 210 210 210 210 211 211 213 216 218 217 216 217 217 219 221 220 220 220 220 219 217 214 213 210 208 208 208 207 205
109 109 109 111 113 117 118 119 120 123 127 132 137 142 146 147 147 148 150 152 154 155 154 153 152 152 155 160 165 170 176 181 185 189 192 192 191 191 192 193 193 194 197 200 203 206 207 209 210 211 208 206 206 207 208 208 208 207 204 201 201 202 205 207 209 209 211 211 211 211 212 213 215 219 219 217 216 216 218 220 219 218 219 220 219 217 214 213 209 207 207 206 204 202
109 111 112 113 115 119 121 122 124 126 131 136 141 145 148 149 151 152 154 156 158 159 158 157 156 156 157 161 167 173 178 184 188 192 195 195 194 192 194 195 195 196 198 200 204 207 209 211 212 213 210 208 208 208 207 207 208 207 205 201 201 202 205 208 209 209 210 211 211 211 213 214 215 217 218 216 214 214 215 216 216 216 218 218 218 217 214 212 209 206 205 203 201 201
110 113 115 117 119 123 125 127 129 131 135 140 143 147 150 152 154 155 156 158 160 162 162 160 159 157 158 161 167 172 178 184 188 191 195 196 195 194 196 197 197 197 198 200 202 205 208 210 211 212 209 208 207 206 205 205 206 206 204 202 202 203 206 208 210 210 209 209 210 211 212 213 214 214 215 214 211 211 212 213 214 216 216 216 216 215 212 210 207 204 203 201 199 199
110 114 117 120 123 126 128 130 132 134 137 141 143 146 150 153 154 155 156 157 161 164 165 162 160 157 157 160 165 171 177 182 186 190 193 195 195 196 197 198 198 198 198 199 200 203 205 208 210 210 208 207 206 204 203 203 205 205 204 202 202 204 206 208 209 209 209 209 209 211 211 212 212 212 213 213 210 210 210 211 213 216 216 215 214 213 211 208 205 203 202 200 198 198
111 115 119 123 125 128 130 131 133 135 138 141 142 145 149 151 153 154 156 157 161 165 167 164 161 158 158 160 165 170 177 181 185 188 191 194 194 197 198 199 199 198 198 198 200 202 204 207 208 208 207 205 204 203 203 203 205 205 204 203 204 206 207 208 208 208 209 209 209 210 210 211 211 210 211 211 210 209 209 210 213 215 214 213 212 211 209 206 203 202 201 199 198 198
112 117 122 126 128 130 132 133 135 137 139 141 143 145 148 150 152 154 157 159 162 166 169 168 164 161 160 162 166 170 177 180 184 186 189 193 196 198 199 200 199 199 199 200 201 202 203 205 206 206 206 204 203 202 202 203 205 205 205 204 205 207 207 208 208 208 210 210 210 210 210 211 211 210 210 209 209 208 208 210 212 213 212 211 209 208 207 206 202 201 200 198 198 198
114 118 123 127 130 131 133 134 137 138 140 142 144 146 149 151 153 156 159 160 163 166 170 170 168 164 162 163 166 170 175 179 182 185 188 192 196 199 200 200 199 199 200 201 201 201 201 202 204 205 205 204 202 202 202 202 204 205 205 205 205 206 207 208 209 210 212 212 212 212 211 210 210 211 209 208 208 207 208 209 210 210 209 208 206 205 205 204 202 201 199 198 198 197
115 119 123 128 130 132 133 135 138 140 142 143 146 148 151 153 156 159 161 162 164 166 169 171 170 167 166 165 167 170 174 178 181 184 187 191 195 199 200 200 200 201 200 201 200 199 199 200 201 204 204 202 203 203 202 202 203 203 205 205 205 205 207 209 210 211 213 213 214 213 211 211 211 211 210 208 207 207 207 208 208 208 206 206 205 204 202 202 202 201 200 198 196 195
116 120 124 128 130 132 133 136 139 142 144 146 148 150 154 156 158 161 163 165 165 167 170 173 173 171 169 168 169 170 174 177 181 185 187 191 194 198 200 200 200 200 200 200 199 198 198 198 200 202 203 202 203 205 204 203 203 203 203 203 203 204 206 209 210 211 212 213 214 212 211 211 211 211 210 209 208 207 206 206 205 207 207 207 206 204 201 201 201 201 200 197 194 193
118 122 126 129 130 131 133 136 140 144 147 149 150 153 157 158 161 164 166 167 167 169 172 175 177 176 173 170 171 171 174 177 182 185 188 192 195 198 200 201 201 200 200 200 199 199 199 199 199 200 202 202 204 206 206 205 203 202 202 202 202 204 205 208 210 210 212 215 216 214 213 212 211 210 209 208 207 206 205 204 204 207 208 209 208 206 203 201 200 199 198 195 192 190
121 124 128 130 131 132 134 138 142 146 149 151 153 156 160 161 163 165 167 169 170 172 175 178 180 180 176 173 173 173 174 176 180 184 188 192 196 199 201 202 202 201 201 202 201 201 201 201 200 200 200 202 205 206 206 206 204 203 202 202 202 203 205 207 210 210 213 215 216 215 214 212 210 209 208 207 205 205 205 205 205 207 208 209 209 207 204 202 200 198 197 194 192 189
122 126 130 132 133 134 136 140 144 148 151 153 156 159 162 163 164 166 169 171 173 175 177 180 183 183 179 176 175 175 174 175 178 182 186 191 196 200 201 203 203 204 204 204 203 202 203 202 201 200 200 201 204 205 206 206 204 203 203 203 203 203 205 208 210 211 212 214 215 214 212 211 210 209 208 206 205 205 206 207 207 208 208 209 209 207 205 203 200 198 196 193 191 189
122 127 130 133 135 137 138 142 147 152 154 156 159 162 164 165 165 168 170 172 174 176 178 180 183 184 181 178 177 177 175 175 176 179 184 190 196 201 201 203 203 206 207 206 204 203 203 203 202 201 201 201 202 203 204 205 204 204 204 205 203 203 204 208 210 210 211 212 212 211 210 210 210 209 209 207 205 205 208 209 210 210 209 209 209 207 205 204 200 198 196 192 190 188
122 127 130 133 135 137 140 145 151 156 158 160 163 165 166 167 167 170 171 173 175 176 177 179 182 183 181 178 178 178 176 175 176 178 183 190 196 199 201 204 205 208 209 208 206 205 205 204 204 202 202 202 201 201 202 204 204 204 204 205 204 204 204 206 208 209 209 210 209 208 207 208 210 209 209 208 206 207 210 212 212 211 210 211 210 208 205 204 200 198 195 192 190 187
123 128 130 132 134 138 142 148 154 160 162 164 166 168 169 169 170 171 173 174 175 175 177 179 181 182 181 178 178 178 177 177 177 178 182 188 194 198 201 205 206 209 211 209 208 207 207 206 205 204 203 202 200 200 201 203 204 204 204 205 205 205 205 204 206 207 208 208 208 207 207 208 209 210 211 210 207 209 211 213 213 211 211 211 211 209 207 205 202 199 197 194 191 188
124 127 128 131 134 139 145 151 157 162 165 167 169 170 170 171 172 174 175 176 176 177 178 180 182 183 182 179 178 178 178 178 178 178 180 185 191 197 201 205 207 209 211 210 210 209 208 207 206 204 204 202 200 200 202 204 204 204 204 205 205 205 205 204 206 206 208 208 208 208 209 210 211 212 212 212 210 210 212 213 213 211 211 210 211 210 209 207 204 201 200 197 193 189
124 126 127 131 136 141 148 154 160 164 167 168 171 172 172 173 175 177 178 179 178 179 181 183 184 185 184 181 179 179 179 179 178 178 180 185 190 196 201 205 207 209 211 211 211 210 209 207 205 204 204 203 202 202 203 204 204 203 204 205 205 207 206 206 207 207 208 208 208 210 211 211 211 212 212 212 210 210 211 212 212 211 210 209 210 211 209 208 205 202 200 197 194 190
124 126 128 132 138 144 150 157 162 166 169 170 173 174 174 174 175 179 181 182 181 181 183 184 185 185 185 183 181 182 181 180 180 181 182 186 190 195 199 203 205 208 210 211 211 210 209 206 205 204 204 204 203 203 203 203 202 202 203 206 207 208 208 207 208 208 207 207 208 210 211 211 211 212 212 211 209 208 209 209 210 210 209 209 209 211 209 207 205 202 201 198 195 190
124 127 130 134 140 147 153 160 165 169 171 173 174 175 175 175 176 179 182 181 181 182 184 185 186 186 185 183 183 183 184 183 184 185 186 188 190 193 197 201 202 206 208 209 209 208 208 206 205 203 203 203 202 202 202 202 202 202 205 208 209 210 209 208 209 209 207 206 206 209 210 210 210 212 211 211 209 208 208 209 210 210 208 209 209 210 208 206 204 203 201 199 196 190
126 130 133 137 143 150 156 163 169 172 174 175 174 174 175 176 176 177 180 180 182 184 185 185 185 185 184 185 185 185 186 185 187 188 189 189 191 193 196 199 201 204 206 207 208 208 208 206 205 203 203 202 201 200 201 202 202 204 207 210 211 211 210 209 208 208 206 206 206 207 209 210 210 212 212 212 210 208 208 209 210 209 208 209 209 209 207 205 203 202 201 199 196 190
129 132 136 140 145 152 159 166 172 175 176 175 174 174 174 175 174 175 177 180 183 185 185 184 184 184 185 188 189 189 188 185 185 187 188 189 191 194 196 199 200 203 205 206 207 208 208 207 206 205 203 202 200 198 201 202 204 205 207 210 211 211 209 207 206 206 206 205 205 207 208 210 210 211 211 211 211 209 208 208 209 209 209 209 209 209 206 205 202 201 200 198 196 191
129 134 138 143 149 156 163 170 176 179 179 177 175 174 174 175 175 174 176 179 183 185 186 184 184 185 188 191 192 192 190 186 184 184 187 189 191 193 195 197 199 201 203 205 207 208 208 209 208 206 205 203 201 199 201 202 205 205 206 208 209 209 209 207 206 206 204 203 205 207 209 211 211 211 211 211 211 210 208 208 208 210 210 210 210 209 207 205 202 201 200 198 197 193
129 135 141 146 152 160 167 175 180 183 182 179 177 175 175 175 177 176 177 179 182 184 187 187 186 188 191 193 194 193 191 189 186 186 187 189 191 193 194 197 198 200 203 204 207 208 209 209 208 208 206 205 204 201 200 201 203 203 203 204 206 207 209 208 206 206 204 203 205 208 209 211 211 211 212 212 211 210 208 208 209 210 210 210 210 208 207 205 203 202 200 199 198 195
