geo_cache/2-0/elevation.txt
ncols         949
nrows         918
xllcorner     -72.41111111111111
yllcorner     41.76
cellsize      1.0E-5
NODATA_value  -9999
[rows 756 to 797 of 918, columns 564 to 657 of 949]
142 146 149 150 150 149 147 145 142 138 135 134 135 134 133 131 131 131 129 127 127 130 132 133 136 137 138 139 139 140 141 142 142 143 143 144 145 145 145 144 142 139 136 132 129 127 124 123 124 124 126 130 131 132 133 134 135 136 137 138 139 140 139 137 134 131 130 129 129 130 132 133 135 135 134 133 132 128 126 123 122 120 117 114 112 110 108 108 107 105 104 103 104 104
142 146 150 152 152 152 152 150 149 147 144 143 141 139 137 135 133 132 129 127 127 130 130 131 133 134 135 135 136 137 137 138 140 140 142 142 142 140 140 139 137 135 132 129 126 126 126 126 127 127 128 130 132 132 133 135 136 137 137 138 140 140 139 138 136 134 132 131 131 132 133 133 135 135 134 132 130 128 126 122 119 117 113 111 109 107 106 106 106 105 105 104 104 102
143 147 151 154 155 155 155 156 156 155 153 150 147 144 141 139 136 134 132 129 129 129 129 129 130 130 130 131 131 132 132 133 136 138 140 139 137 136 136 134 132 130 127 126 125 127 128 128 129 129 129 131 133 134 134 136 136 137 137 138 139 140 139 139 138 137 136 135 134 133 133 133 133 133 132 130 128 126 125 122 117 114 110 108 106 106 105 105 105 106 106 106 104 101
144 148 152 155 157 158 158 160 161 160 158 155 153 149 146 143 140 137 135 133 131 129 129 128 127 127 127 128 128 127 128 130 132 135 136 136 134 133 132 131 128 126 124 123 124 128 131 131 131 131 131 133 135 135 135 136 137 138 138 139 139 140 140 140 140 140 139 138 136 135 133 133 133 133 132 130 128 125 123 120 115 111 108 106 106 106 105 105 105 106 106 106 104 100
144 148 152 156 159 160 161 163 164 163 161 159 157 153 150 147 144 141 139 136 133 131 129 128 126 125 125 125 125 124 125 127 129 131 132 133 132 130 129 127 124 122 121 123 124 129 131 133 133 133 135 136 137 137 135 136 137 137 137 139 139 140 141 142 142 142 141 140 138 137 135 135 135 135 134 132 129 126 123 118 114 110 107 106 106 106 106 106 106 107 106 104 102 99
144 148 152 157 161 163 164 165 165 165 164 162 160 157 154 151 149 146 143 140 137 134 132 130 127 125 124 123 123 122 122 124 125 127 129 129 130 128 126 123 121 119 120 123 126 130 132 133 134 136 138 138 139 138 137 137 137 137 137 138 139 140 142 144 144 143 142 140 139 137 137 137 137 137 135 133 130 126 123 117 114 110 107 106 105 105 106 106 107 107 105 103 100 97
146 149 153 158 162 165 166 166 166 166 166 165 163 161 158 155 152 150 147 144 141 139 136 134 131 128 125 124 122 121 121 121 122 124 125 126 127 126 124 120 119 119 122 125 128 131 133 134 136 138 140 140 140 140 139 139 139 139 140 140 140 140 143 144 145 144 142 139 138 138 139 139 139 138 135 133 130 126 122 117 114 110 107 106 104 104 106 106 107 105 103 101 98 95
146 150 154 158 163 165 167 167 166 166 167 166 165 163 160 157 154 152 150 146 143 141 138 137 134 130 127 125 122 121 121 120 120 122 123 124 125 125 122 119 118 119 122 127 129 132 134 135 137 138 140 140 140 141 140 140 140 141 141 141 140 140 143 144 145 144 142 138 138 138 140 140 140 139 135 133 130 126 122 117 114 111 108 106 104 104 105 106 107 104 102 99 96 94
148 151 155 158 163 166 168 168 168 168 168 168 166 165 162 159 156 154 152 149 147 144 142 140 137 134 130 127 124 122 121 119 119 120 121 122 123 123 120 117 118 120 124 128 131 133 135 136 137 138 139 139 141 142 142 142 141 143 143 143 142 142 143 145 145 144 141 138 138 138 140 140 140 137 134 131 128 124 120 116 113 111 110 107 106 105 105 106 106 104 101 98 94 92
149 152 155 158 163 166 168 169 170 170 171 170 168 167 164 162 160 158 156 154 151 148 146 144 141 138 134 131 127 124 121 118 117 117 117 118 119 119 117 117 118 120 125 128 131 134 136 136 137 137 139 140 142 143 143 144 145 146 146 145 143 143 144 145 145 143 142 139 138 139 139 140 138 136 133 130 126 123 119 114 113 112 111 109 108 107 105 105 104 101 98 95 92 91
149 153 155 158 163 166 168 170 171 172 172 172 171 168 166 164 162 161 159 157 155 152 149 147 144 141 137 134 129 125 121 118 117 115 115 115 115 115 115 116 118 121 125 129 131 135 137 137 137 138 140 141 143 143 143 145 147 147 147 145 144 144 145 145 145 145 143 141 141 139 138 138 137 135 132 130 126 122 119 113 112 112 111 110 110 110 107 105 102 99 96 93 91 90
149 153 156 159 163 166 169 171 172 174 173 174 173 170 168 166 164 163 161 159 157 155 152 150 147 143 140 136 131 126 122 119 117 114 113 112 111 112 114 115 119 122 126 129 131 135 137 138 138 138 141 141 143 143 143 145 147 146 146 147 147 146 145 145 145 145 143 142 142 140 138 137 136 134 131 130 126 122 118 113 112 112 112 112 112 111 108 105 102 98 95 92 90 90
150 154 157 159 163 165 169 171 173 174 174 174 174 172 170 169 167 166 164 162 160 157 154 153 150 146 142 138 134 129 123 120 117 113 111 109 109 109 112 115 120 122 126 129 131 134 136 138 138 139 141 142 143 143 143 143 144 146 146 148 148 147 146 146 145 144 144 143 143 140 138 137 135 134 132 130 127 123 118 113 112 112 112 113 113 111 108 106 102 97 94 91 90 91
151 155 156 158 162 165 169 172 174 174 174 174 174 173 172 172 170 168 166 164 162 159 157 155 153 149 145 140 136 131 125 121 117 113 111 109 108 108 111 114 118 122 125 128 130 133 135 138 138 140 141 143 143 143 143 143 143 144 146 148 148 148 147 147 145 144 144 144 144 142 139 137 136 135 132 131 128 124 120 116 113 113 113 113 112 110 108 105 101 97 94 91 91 93
151 155 156 158 162 166 170 172 174 174 174 174 174 174 174 174 172 170 169 166 164 162 160 158 156 152 148 143 139 133 127 121 118 113 111 109 108 108 111 113 118 121 124 128 130 133 135 138 139 140 141 143 144 143 143 143 143 144 145 147 148 148 147 147 146 144 144 145 145 142 140 137 136 135 132 132 129 125 121 117 114 113 112 110 109 109 107 104 100 96 95 94 93 93
152 156 157 161 164 167 170 172 174 174 174 175 175 175 176 175 173 172 170 168 166 165 163 161 159 156 152 147 141 134 128 122 118 113 112 109 109 110 112 115 119 122 125 128 130 133 135 136 138 138 140 141 143 144 144 145 144 144 144 146 149 149 148 148 146 144 144 144 144 142 140 138 136 135 133 131 128 124 121 117 115 114 111 110 108 107 105 101 97 93 95 96 95 93
152 156 159 162 165 167 170 171 172 172 173 175 175 176 176 175 174 173 171 169 168 166 165 163 160 156 152 147 141 135 129 122 117 113 111 110 110 111 113 116 120 122 125 128 130 131 134 136 137 137 139 140 142 145 145 145 145 145 145 146 148 149 148 148 148 146 144 143 142 140 138 136 135 135 133 130 126 123 121 118 117 116 113 110 107 105 102 98 95 91 92 94 95 94
152 156 159 162 164 166 168 169 170 171 173 173 175 175 175 175 175 174 172 170 169 166 165 162 157 153 149 144 138 132 127 122 116 111 111 111 111 111 112 115 118 121 125 127 129 131 133 135 136 137 139 140 142 145 145 145 145 145 145 146 147 147 147 148 148 147 145 143 140 138 135 134 133 132 131 128 125 122 121 121 120 118 115 111 107 103 99 96 93 90 90 92 94 94
150 155 158 161 163 165 167 168 170 171 172 173 174 173 175 175 174 174 173 171 170 166 164 161 156 151 146 141 135 130 125 120 116 111 111 111 111 111 111 113 116 120 123 125 127 130 132 134 136 136 139 142 143 145 145 145 145 145 145 146 145 145 146 148 148 147 145 142 139 136 134 131 131 131 129 127 125 123 123 123 121 118 115 111 107 102 98 94 92 90 90 92 94 94
149 154 157 160 163 164 167 169 171 173 173 173 173 173 174 173 173 173 173 171 169 165 161 158 154 148 143 138 133 128 124 119 115 111 111 111 111 111 111 112 115 118 121 123 126 128 131 133 135 137 140 143 144 145 147 146 145 145 145 145 144 143 145 147 148 146 145 141 139 135 133 131 131 131 128 127 125 125 124 123 120 117 113 109 106 102 97 94 91 90 90 92 94 93
149 154 157 159 163 164 168 170 172 174 174 173 174 173 173 173 172 172 172 170 167 163 159 156 151 145 140 135 130 125 121 117 114 111 111 112 113 113 111 111 114 117 120 123 125 127 130 133 134 137 141 143 145 146 147 147 146 146 145 144 142 142 143 146 147 146 144 141 138 135 134 133 132 131 128 127 126 125 124 121 117 114 110 107 104 101 96 93 90 90 90 93 94 93
149 153 157 159 162 164 168 170 172 173 173 174 175 174 173 173 172 172 171 168 164 160 156 153 147 142 137 132 126 121 117 114 113 112 112 114 115 115 113 112 114 116 119 122 124 127 130 133 134 137 142 143 146 147 147 147 147 146 145 143 140 141 143 145 145 144 142 140 138 135 134 133 132 131 128 127 126 125 123 118 115 110 107 105 103 99 95 92 90 89 90 94 94 93
146 151 155 158 161 164 167 169 171 173 173 175 175 175 174 173 171 171 169 166 161 156 152 148 143 137 132 127 122 117 114 113 113 113 113 115 116 116 114 113 112 115 118 122 124 128 130 133 135 137 141 143 145 147 147 148 148 146 145 143 140 140 143 144 143 142 141 139 137 135 133 131 130 129 128 126 125 123 120 116 112 108 105 102 100 98 94 91 89 89 90 94 95 94
144 149 153 156 159 163 166 169 170 173 174 176 177 176 175 174 171 171 167 163 158 152 147 144 139 133 127 122 118 115 114 114 114 116 115 115 115 114 114 113 112 114 118 121 124 128 130 133 135 137 139 142 144 146 147 148 148 146 146 143 141 139 140 141 141 140 140 138 137 134 132 129 127 127 126 125 123 121 117 113 109 106 103 101 99 96 93 91 89 89 90 93 95 95
142 148 152 155 158 162 165 168 170 173 174 177 177 177 175 174 171 169 165 160 154 148 143 139 134 129 123 118 115 113 113 115 115 116 116 115 114 114 114 114 114 115 117 121 124 127 130 132 134 136 138 141 144 145 147 147 147 146 145 144 142 139 140 140 139 139 139 138 136 133 131 128 126 125 124 122 120 118 115 111 108 105 102 99 97 94 92 91 90 89 90 93 95 95
140 146 150 154 157 160 164 167 170 173 174 176 177 177 176 174 170 166 162 156 150 144 138 134 129 124 120 115 113 113 113 115 115 117 117 114 114 114 115 116 116 116 117 120 122 125 128 131 133 135 137 140 143 144 146 146 146 145 143 142 142 141 139 139 138 137 137 136 136 133 130 128 125 123 121 119 117 115 112 108 106 104 101 99 96 94 93 93 92 91 91 93 94 95
137 143 149 153 157 159 162 165 169 171 173 175 176 177 176 173 168 163 158 152 145 139 134 129 124 119 116 113 113 114 114 116 116 116 116 114 114 114 116 117 117 115 117 120 121 125 127 130 131 134 135 138 141 143 145 146 146 144 142 141 141 140 138 138 136 135 135 136 136 133 130 128 124 121 118 115 114 112 108 106 104 103 101 99 96 95 94 94 93 93 92 94 94 95
135 141 146 151 156 159 162 164 168 170 172 175 176 177 175 171 165 160 153 147 140 133 128 124 118 114 112 112 113 115 116 117 117 116 115 114 114 115 117 118 117 115 116 119 121 125 127 130 131 132 134 136 139 142 144 145 145 143 141 140 139 138 137 137 135 135 135 136 136 133 130 127 124 121 116 113 111 109 105 104 103 102 100 98 96 96 96 96 94 94 93 94 95 95
132 138 143 148 153 157 161 164 167 169 171 173 174 174 172 167 161 154 148 141 134 127 122 118 113 110 111 112 115 117 119 119 118 117 115 115 115 117 118 118 116 116 116 118 121 124 127 130 131 131 133 135 137 140 141 142 142 141 141 139 138 137 136 136 135 134 134 135 135 133 130 126 122 119 114 110 107 105 102 101 101 101 99 97 96 96 97 97 94 94 94 95 96 95
129 135 140 145 149 154 158 161 164 166 169 170 171 170 168 163 157 150 143 136 128 121 117 113 109 108 111 113 116 119 121 122 121 119 118 116 117 118 118 116 115 115 116 116 119 123 126 129 130 131 132 133 136 138 139 139 139 139 140 139 137 135 135 135 135 134 134 134 133 131 128 125 121 117 112 108 104 101 100 99 100 99 97 95 95 94 96 96 96 96 95 95 96 96
126 132 137 141 145 150 155 158 162 164 166 167 166 164 161 156 152 145 139 131 123 117 112 109 107 107 111 114 118 121 122 123 122 120 119 118 118 118 116 115 115 115 115 116 118 122 124 127 129 130 131 132 135 136 137 136 137 138 138 137 135 133 132 132 133 134 134 133 131 129 125 122 119 115 111 107 103 100 99 98 98 97 95 94 93 93 93 94 95 96 94 96 96 96
122 128 133 137 141 146 151 155 159 162 163 164 161 157 154 150 145 139 133 126 119 113 109 107 107 107 111 114 119 121 122 123 123 122 121 119 118 117 115 115 115 115 115 116 119 122 123 126 127 129 131 131 133 134 135 135 135 137 137 135 133 131 130 130 131 132 133 131 129 127 124 120 118 115 110 106 103 100 99 98 98 95 93 91 90 90 91 93 94 95 94 95 95 95
119 125 129 133 138 143 147 151 155 158 160 158 154 150 147 143 138 132 126 120 114 109 106 105 106 107 111 115 118 119 120 121 122 122 122 119 118 117 116 116 116 116 116 117 119 122 123 126 127 129 130 130 131 131 132 133 134 135 135 134 132 129 129 129 129 129 130 128 126 124 121 118 116 112 108 104 102 100 99 98 97 94 91 89 87 87 88 91 93 94 93 93 92 93
115 121 126 130 135 139 142 145 149 152 153 151 147 143 139 135 130 125 119 113 109 105 104 104 105 107 112 115 117 118 118 119 121 122 122 121 120 119 119 119 118 117 118 118 120 122 123 126 128 129 129 129 128 128 129 132 131 132 132 133 131 127 127 127 127 126 125 124 123 120 117 114 112 109 105 102 100 98 98 97 96 93 90 88 86 85 85 88 91 93 92 91 91 91
112 118 123 128 132 135 138 140 143 145 146 144 140 135 131 127 123 118 113 108 104 101 101 102 104 107 112 114 117 117 118 119 120 122 122 121 120 120 120 121 120 120 119 119 120 122 123 125 127 128 128 127 126 127 128 129 128 129 128 131 130 128 127 127 126 124 123 121 119 116 113 111 108 106 104 101 99 96 96 95 94 91 89 86 85 84 84 87 89 91 90 90 90 90
110 116 120 125 128 131 133 136 138 139 138 136 132 128 124 121 118 113 108 104 100 98 99 101 104 107 112 114 117 117 118 120 120 122 122 121 120 120 121 121 121 121 120 120 120 122 122 125 125 126 126 125 125 125 127 128 128 128 128 130 129 129 127 127 126 124 121 119 117 114 111 109 107 106 103 101 98 95 93 93 91 89 87 85 84 83 84 86 88 89 89 90 90 90
108 113 117 122 125 128 130 132 133 133 131 128 125 121 119 116 112 108 103 100 96 96 98 99 103 107 110 113 115 117 118 121 121 121 121 120 120 120 122 122 122 122 121 120 121 122 123 125 125 125 125 125 124 124 126 128 128 128 128 128 127 126 126 125 123 121 118 116 114 112 109 107 106 104 102 100 97 94 92 91 89 86 84 83 83 83 84 85 87 89 89 90 90 90
105 110 114 119 122 125 127 129 129 128 125 122 119 116 114 111 107 103 99 96 95 96 97 100 103 106 110 113 115 116 118 121 121 121 119 118 119 119 122 122 122 122 121 121 121 123 124 125 125 125 125 125 124 124 125 126 128 128 128 127 125 125 125 123 120 118 116 114 112 110 107 104 103 101 100 97 94 92 91 89 87 84 82 82 83 83 84 85 86 89 89 90 90 90
102 106 110 114 118 122 124 126 125 123 121 118 115 112 108 106 102 98 95 92 94 96 99 102 105 109 112 114 116 118 119 121 121 118 117 116 118 119 121 122 121 121 121 121 121 123 124 124 123 123 123 124 123 123 123 123 125 126 126 125 123 123 123 121 119 117 115 112 109 107 104 102 100 99 97 94 92 90 88 87 85 83 82 83 84 84 84 84 86 89 89 90 91 91
98 102 106 110 114 117 120 121 121 119 117 114 111 108 104 102 98 95 93 92 94 97 99 103 105 109 113 116 118 119 121 121 121 117 115 115 116 118 120 121 120 120 120 121 121 122 122 122 122 122 123 123 123 121 120 121 123 124 124 122 122 122 121 121 118 115 113 110 106 103 101 99 98 97 95 92 90 88 86 85 84 84 84 84 85 85 84 84 85 87 89 90 91 92
94 98 102 106 110 113 115 117 117 115 112 110 107 103 100 97 95 93 93 93 93 94 98 101 105 109 113 116 119 120 121 122 121 117 115 115 115 117 119 120 120 120 120 120 120 120 121 121 121 121 122 122 122 120 118 118 120 121 121 120 120 120 120 119 116 113 110 107 103 101 100 98 96 95 93 91 89 87 84 83 83 83 84 84 85 85 84 84 84 86 87 88 90 91
92 96 99 103 106 110 112 114 114 112 110 107 104 100 97 95 93 92 92 93 93 93 97 100 104 108 113 116 119 120 121 122 121 117 115 115 115 116 118 120 120 120 120 120 119 119 120 121 121 121 122 122 121 119 117 117 119 120 120 120 119 119 119 118 115 112 109 106 102 100 99 98 95 94 92 90 88 86 83 83 83 82 84 85 85 85 84 84 84 86 86 87 89 91
