geo_cache/2-0/elevation.txt
ncols         949
nrows         918
xllcorner     -72.41111111111111
yllcorner     41.76
cellsize      1.0E-5
NODATA_value  -9999
[rows 756 to 797 of 918, columns 376 to 469 of 949]
162 164 164 165 165 165 165 165 165 165 164 163 161 160 160 160 160 160 160 160 159 158 157 157 157 159 159 161 164 169 177 180 183 185 188 190 192 195 197 199 201 203 203 203 204 206 208 209 210 209 207 204 202 202 205 208 211 211 211 210 208 205 203 200 199 200 201 201 199 198 197 195 194 190 189 187 185 189 191 192 194 194 194 193 193 192 192 192 192 192 192 192 191 189
161 163 164 166 166 166 166 166 165 163 162 162 160 160 160 160 160 159 159 158 157 157 157 157 157 159 160 163 166 170 177 180 183 185 188 190 192 196 198 201 203 204 204 204 204 205 206 207 208 208 207 205 203 203 206 209 212 214 214 213 210 208 205 202 201 202 203 202 200 200 198 195 194 190 189 188 186 188 190 192 195 195 195 194 193 192 192 192 192 192 192 192 191 189
161 163 164 164 165 166 166 166 164 162 161 161 161 160 160 161 160 159 159 158 156 156 156 156 157 159 161 164 166 171 176 180 182 184 187 189 191 196 198 202 205 205 205 205 204 204 205 206 206 207 205 204 204 204 207 210 213 214 215 214 212 210 207 204 203 203 204 203 200 200 198 195 194 192 191 190 189 189 191 193 195 195 195 194 194 193 193 192 193 193 193 193 191 189
159 161 162 162 163 164 164 165 163 162 161 161 162 162 162 161 161 159 159 158 156 155 155 156 158 160 161 164 166 170 175 178 180 183 187 189 192 196 200 203 206 206 206 205 204 204 204 204 205 206 204 205 205 204 206 209 212 214 215 215 214 212 209 207 205 204 204 203 200 199 198 197 196 194 193 192 192 191 192 193 193 194 194 195 196 195 194 193 193 193 193 192 190 189
157 159 159 159 160 163 163 164 164 162 161 163 163 163 163 161 160 159 158 157 156 155 155 157 159 161 161 164 165 169 173 176 180 183 187 189 192 197 200 204 206 207 206 206 204 204 203 201 203 205 205 206 205 204 205 207 210 213 215 215 215 214 212 210 208 205 204 204 201 200 199 199 198 197 196 195 194 193 192 192 192 193 194 196 196 196 195 194 193 193 192 191 188 187
155 156 157 157 159 161 162 164 164 163 163 165 163 162 162 160 160 160 158 156 155 155 155 158 159 160 161 164 165 168 172 175 179 183 187 189 192 196 200 203 206 207 208 208 206 204 203 202 201 205 206 206 205 204 204 205 207 211 213 214 215 215 214 212 209 207 205 204 202 201 201 201 200 199 198 196 194 193 192 192 193 193 193 195 196 196 195 194 193 193 192 191 187 186
153 156 156 156 157 160 162 164 163 162 162 162 161 162 162 160 160 159 157 155 154 154 157 159 159 160 161 163 164 168 172 174 178 182 186 189 191 196 199 202 205 207 209 209 208 206 205 203 201 204 206 206 205 204 204 204 205 208 211 212 214 215 215 213 211 208 206 205 204 203 203 203 202 201 199 196 194 193 192 192 193 192 192 193 195 196 196 194 194 194 193 192 189 188
153 155 155 156 156 160 161 163 162 161 160 160 161 161 161 160 160 158 157 155 154 154 158 159 160 160 160 163 164 168 172 174 178 181 186 188 191 195 198 201 204 206 210 210 208 207 205 203 202 204 205 206 205 204 204 204 205 207 209 212 213 214 215 214 211 209 207 206 204 204 204 203 203 201 199 196 194 193 191 192 193 192 192 193 194 196 196 195 194 194 193 193 190 189
151 153 154 155 156 158 160 161 160 159 160 160 160 160 160 159 158 158 156 155 154 155 158 159 160 160 161 163 165 168 172 174 178 182 186 188 190 195 197 200 203 206 209 210 209 207 205 203 202 202 204 206 206 205 204 203 204 205 207 210 211 212 214 214 213 210 208 206 205 204 204 204 203 201 199 196 194 193 191 192 192 192 192 193 193 195 195 195 194 194 193 193 192 191
151 152 154 154 154 156 158 159 159 158 158 158 158 158 158 158 156 155 155 154 155 157 159 159 160 161 163 164 165 168 172 175 179 184 187 189 191 195 197 200 202 206 209 210 209 206 203 200 200 201 203 205 206 206 204 203 202 204 206 208 209 211 214 214 213 211 209 207 206 205 205 204 203 200 198 196 194 193 192 192 193 193 193 193 193 194 194 195 194 194 193 193 192 192
149 151 153 153 153 154 156 157 157 156 156 156 156 156 155 155 154 154 154 154 156 158 160 160 160 162 165 165 166 168 172 176 180 184 187 189 191 194 196 198 200 203 206 208 207 205 201 197 197 199 202 204 205 206 205 203 202 203 205 207 208 210 213 214 213 212 209 208 206 206 205 203 201 199 198 196 195 194 192 192 192 193 193 193 194 194 195 195 194 192 192 192 193 193
147 149 151 152 152 153 154 154 154 153 153 153 153 153 153 153 153 153 153 154 156 158 160 160 160 164 166 167 168 170 174 178 181 183 186 188 190 192 194 196 198 201 204 206 205 203 200 198 199 201 202 204 205 206 206 205 204 203 205 206 208 210 212 213 212 211 209 207 206 205 205 202 201 198 198 197 196 195 192 192 192 194 194 195 195 195 195 194 193 192 192 192 193 193
145 147 148 149 150 150 151 151 151 150 150 150 152 152 152 153 153 154 156 157 158 159 160 160 163 165 166 168 168 171 175 178 181 183 186 187 188 190 192 194 196 198 201 203 202 201 200 200 201 202 203 204 205 206 206 205 204 204 205 206 207 209 210 211 211 211 209 207 205 204 204 202 201 199 199 198 196 195 193 192 193 194 195 195 194 194 194 194 192 192 192 192 192 193
144 145 145 146 147 147 148 148 147 147 148 149 152 153 153 153 156 157 158 160 160 160 160 162 163 166 166 167 168 170 174 178 181 183 185 186 187 190 191 194 195 196 198 199 200 200 201 201 202 203 204 205 205 205 205 204 203 204 205 207 207 208 209 209 211 211 209 207 204 204 203 202 201 200 199 198 196 195 193 193 194 195 195 194 194 194 194 194 194 194 193 192 192 192
141 142 142 143 144 143 143 143 143 145 147 149 152 154 154 154 156 158 158 160 160 160 160 162 163 165 165 165 166 170 173 176 180 182 184 186 187 189 191 193 194 193 195 196 198 199 201 202 203 204 204 204 203 202 202 201 202 203 204 206 206 206 206 207 209 209 208 206 204 204 202 201 200 200 200 198 197 196 195 195 195 195 195 194 194 194 194 194 195 195 193 192 192 192
138 139 140 140 141 140 141 141 143 145 147 149 152 154 154 155 156 157 158 159 160 160 160 161 162 164 163 163 165 169 172 175 177 180 182 183 185 186 189 191 192 192 193 195 198 199 201 202 203 203 203 201 200 199 198 199 200 201 202 204 205 205 204 205 206 206 205 204 203 202 202 200 200 199 199 199 199 199 198 198 198 195 194 193 192 192 193 194 194 193 192 192 192 191
137 138 139 140 140 140 142 144 145 147 149 151 154 155 156 158 158 157 158 159 161 161 162 162 163 164 163 163 165 169 172 174 177 179 182 182 182 183 186 188 190 191 193 195 198 200 203 204 204 203 202 200 198 198 198 198 200 201 201 202 204 203 203 202 203 203 202 201 201 200 201 200 200 199 199 200 201 201 200 200 198 195 193 192 192 191 191 191 191 190 191 191 192 191
137 138 140 140 141 143 145 147 148 149 152 153 154 155 156 158 158 158 158 160 162 163 164 164 164 164 164 165 166 169 172 175 179 180 182 182 182 182 184 186 189 191 193 195 198 200 203 205 205 203 202 199 198 198 199 200 201 201 201 201 201 200 200 200 200 200 199 200 200 200 200 200 200 199 200 201 202 202 200 199 198 195 193 192 192 190 190 189 189 190 191 192 194 192
137 138 140 141 142 144 145 148 150 151 153 153 154 154 155 156 157 159 159 160 162 164 165 165 165 165 165 166 166 168 171 175 179 180 182 182 182 182 183 186 188 190 191 193 196 198 200 203 203 201 201 199 199 199 200 201 201 200 199 198 198 197 198 198 197 197 198 199 200 200 200 200 200 200 200 201 201 200 199 198 197 194 194 192 192 190 190 189 189 190 192 193 194 193
137 137 139 142 142 144 146 148 151 152 153 153 153 153 153 155 157 159 159 161 163 164 165 164 164 165 165 166 166 167 170 173 177 180 182 182 182 182 183 186 188 189 191 191 193 195 197 200 200 199 198 198 197 198 199 200 199 198 196 195 194 195 195 195 195 195 195 197 199 199 200 200 200 200 200 200 199 198 197 196 196 194 193 192 192 191 190 189 189 190 193 193 194 193
136 137 139 142 143 145 147 150 152 154 155 155 155 155 155 155 156 159 160 161 163 164 165 164 164 165 165 166 166 167 169 172 176 179 181 182 183 184 186 187 188 189 190 190 190 191 194 196 197 197 197 197 197 197 198 198 197 196 193 192 191 192 193 193 194 194 194 196 199 199 200 200 200 201 200 199 198 196 195 195 195 194 193 193 193 191 190 190 190 190 192 193 194 193
135 137 140 143 145 147 149 152 154 156 157 157 157 157 155 154 156 158 160 161 163 163 164 164 164 165 165 166 166 167 167 170 173 177 181 182 184 185 186 187 187 188 189 188 188 189 191 193 194 194 194 196 196 197 197 196 195 193 191 189 188 189 190 190 193 195 194 195 198 199 199 200 201 201 201 198 197 194 193 193 194 193 193 193 193 192 190 190 190 191 192 193 194 193
134 138 141 144 145 148 149 152 154 155 155 155 155 155 154 153 155 157 159 162 164 164 164 164 164 165 165 167 167 167 167 169 172 176 180 182 183 185 185 185 186 186 186 186 186 186 188 190 191 191 192 193 195 196 196 194 193 191 190 188 188 188 188 190 192 195 195 196 198 198 199 200 201 201 201 198 197 194 193 193 194 194 194 194 193 192 191 190 192 193 192 192 193 192
132 136 141 143 145 147 149 151 152 152 153 153 152 153 154 153 154 157 159 162 164 164 164 164 164 165 165 167 167 167 167 167 170 174 178 180 182 182 183 183 183 183 183 183 184 184 185 187 188 188 189 190 193 193 193 192 190 190 188 187 187 188 188 190 192 194 196 197 198 198 199 198 198 199 198 198 197 195 194 194 195 196 197 197 195 194 192 193 194 194 192 192 191 189
132 135 139 141 143 145 146 148 150 151 152 152 153 153 154 154 156 159 160 162 164 164 166 165 165 165 165 167 167 166 166 166 168 172 176 178 180 180 180 181 180 180 181 181 182 182 183 184 186 185 186 188 190 192 191 190 189 187 185 186 187 189 190 192 193 194 196 197 198 198 198 197 197 197 197 196 196 195 195 196 198 199 200 199 197 196 195 195 195 195 192 191 189 187
131 133 136 139 141 143 144 146 149 150 151 152 154 154 154 156 158 160 161 163 164 164 166 166 165 165 165 167 167 166 165 165 167 169 173 175 177 177 178 178 177 178 178 179 180 181 182 182 183 183 184 186 189 190 190 188 187 185 185 187 189 190 191 193 194 194 195 196 196 196 196 196 196 197 197 196 196 197 198 199 200 202 203 202 200 199 198 198 197 195 192 190 187 185
130 131 133 136 139 141 143 145 148 149 151 153 154 155 156 158 160 161 162 163 164 164 166 166 165 166 167 167 166 165 164 164 164 166 170 172 174 174 175 175 174 175 177 177 178 180 181 181 181 183 183 186 188 188 187 187 186 185 185 188 189 190 191 194 194 194 194 195 195 195 194 195 196 198 198 197 198 199 200 201 202 204 204 204 202 201 200 199 197 196 192 190 186 184
128 129 132 134 136 139 142 144 148 150 152 153 155 156 156 159 160 162 162 163 164 164 166 166 166 167 167 167 166 165 164 164 163 164 166 169 170 173 174 174 174 174 175 175 177 179 181 181 181 183 183 185 187 187 187 187 185 185 186 187 188 188 190 192 193 193 194 194 194 194 193 195 196 197 196 197 199 199 201 202 203 205 205 205 204 202 201 200 198 196 193 190 186 183
125 127 130 131 134 137 142 145 149 151 153 154 155 156 157 159 160 163 164 165 165 167 167 167 167 166 166 164 164 164 163 163 162 162 163 166 168 170 173 173 173 173 173 173 174 178 181 182 183 184 183 184 185 186 187 187 186 186 186 186 186 187 188 190 191 192 193 193 194 194 193 194 195 195 195 197 199 200 202 203 204 205 207 207 205 203 203 201 199 196 193 190 186 184
123 124 127 130 132 136 141 146 150 153 154 156 157 158 159 160 162 164 166 166 166 168 167 167 166 164 163 162 162 162 163 163 161 161 161 164 165 167 170 171 173 172 171 170 172 176 178 180 182 183 183 183 183 183 184 186 184 183 184 185 185 186 187 187 188 190 192 193 194 194 193 194 194 195 195 197 199 202 204 205 206 207 209 209 206 204 204 202 199 197 193 190 186 185
121 123 126 129 131 136 140 145 150 153 156 158 160 161 162 163 164 166 167 167 167 167 166 165 164 163 161 160 160 160 161 161 159 158 158 161 162 164 165 167 168 168 168 167 169 172 174 176 178 180 181 181 181 181 181 183 181 181 183 184 184 186 186 185 185 187 189 190 192 192 193 194 194 195 196 198 200 203 205 207 208 208 209 208 207 205 205 202 199 197 193 191 187 187
121 123 126 129 132 136 140 144 150 153 157 159 161 162 163 164 165 166 166 166 165 165 164 163 162 161 160 159 159 160 160 159 156 156 157 158 159 161 162 163 164 164 165 165 167 170 172 173 174 176 178 180 180 181 181 181 181 182 183 184 185 186 186 185 185 186 187 188 190 191 191 192 192 194 196 198 201 203 206 207 208 208 207 207 206 205 204 203 199 197 193 192 190 188
121 124 128 131 134 137 141 145 149 153 155 158 161 162 163 164 164 164 164 164 162 162 161 160 159 158 158 159 159 159 158 157 154 155 157 158 160 161 162 163 163 164 165 168 169 171 172 174 175 176 178 180 181 181 183 183 183 185 186 187 187 188 188 188 187 186 187 187 188 189 190 192 192 194 196 198 201 204 206 207 207 206 206 205 205 204 204 202 199 197 194 193 192 191
122 125 129 132 135 138 142 145 149 152 155 157 160 162 163 163 162 163 163 161 160 159 158 158 157 157 157 158 157 156 155 156 155 157 160 161 163 163 164 164 164 165 167 170 172 173 174 176 177 179 181 183 184 184 186 187 187 188 189 189 189 191 191 190 189 188 187 187 188 188 189 192 193 195 197 199 202 204 207 207 206 205 205 205 205 204 204 202 199 197 195 194 193 194
123 126 129 133 136 139 142 145 148 151 155 157 160 161 161 160 160 161 160 159 157 155 155 155 155 155 156 156 155 155 155 155 156 158 161 163 164 165 165 165 166 166 168 170 173 174 176 177 179 181 182 184 185 186 187 189 190 191 192 192 192 193 193 192 191 190 189 188 188 189 190 193 195 196 197 200 203 204 205 205 205 204 205 205 205 204 203 202 199 198 196 196 196 197
124 127 131 134 136 139 141 144 148 151 153 155 158 160 160 158 159 159 158 157 155 153 153 154 155 155 155 155 155 155 156 157 159 160 162 164 165 166 166 166 166 167 168 170 173 174 177 179 180 182 182 185 185 186 188 189 191 193 194 194 194 194 194 193 192 191 190 190 190 191 191 193 195 197 198 201 202 203 204 204 204 204 204 205 205 204 203 201 199 198 197 198 199 200
124 128 131 135 136 138 140 143 147 149 152 154 157 158 157 156 156 156 156 155 154 153 153 154 155 155 155 156 156 157 157 159 161 162 163 164 165 166 166 167 167 167 167 169 173 175 177 180 182 182 184 185 185 186 188 189 192 194 195 196 196 196 196 195 193 192 192 192 192 193 193 193 195 198 199 201 202 202 203 203 203 204 204 206 206 205 204 201 199 198 198 199 201 202
124 128 131 134 135 138 139 142 145 147 150 152 154 155 155 155 155 155 155 154 154 154 154 155 155 156 156 157 157 158 159 161 163 163 164 165 166 167 167 167 167 167 166 168 171 175 177 180 182 183 184 186 186 187 189 190 193 195 197 198 197 197 197 195 194 193 193 193 193 194 194 195 195 198 199 201 202 202 203 203 203 204 205 206 206 205 204 202 199 199 198 199 202 204
122 126 130 134 136 138 138 141 143 145 147 150 152 153 154 155 155 155 155 154 155 157 157 157 157 157 156 157 158 159 160 162 164 165 165 166 166 167 167 166 165 165 165 167 170 173 175 178 181 183 184 187 188 190 191 192 193 196 199 199 198 197 197 197 196 195 195 194 195 196 196 196 196 198 199 202 203 203 203 203 203 203 205 206 206 205 204 202 200 199 198 200 203 205
121 126 130 134 137 139 140 140 143 144 147 149 151 153 154 155 155 156 156 155 157 159 160 160 160 160 158 157 158 160 161 162 165 165 166 166 166 166 165 164 163 163 164 166 169 171 173 176 179 182 184 187 189 191 193 193 194 196 199 198 198 197 197 198 198 197 196 195 196 197 197 197 197 198 200 202 203 203 203 203 203 203 204 205 206 205 203 201 200 199 199 201 203 204
120 125 130 134 137 140 142 141 143 145 148 149 151 153 155 156 156 156 156 156 158 160 161 162 162 161 160 160 160 160 161 162 165 165 165 165 165 164 163 162 161 162 163 165 168 170 172 174 178 181 184 187 189 192 194 195 196 197 198 198 198 197 198 200 200 200 198 197 198 199 199 199 199 200 201 202 203 203 203 203 203 204 204 203 203 203 202 201 200 201 201 202 204 204
119 125 129 134 137 141 142 142 144 145 149 149 152 154 155 156 156 156 156 156 159 161 162 163 163 162 161 161 161 161 162 163 165 165 165 165 165 163 162 161 161 161 163 164 168 169 171 174 177 181 183 187 189 192 195 196 197 198 199 198 198 198 199 201 202 201 199 199 199 200 200 200 200 201 201 202 203 203 203 203 204 204 204 203 203 202 201 201 201 202 202 202 204 204
