geo_cache/6-4/elevation.txt
ncols         934
nrows         918
xllcorner     -71.03333333333333
yllcorner     42.752
cellsize      1.0E-5
NODATA_value  -9999
[rows 65 to 129 of 918, columns 96 to 191 of 934]
27 27 27 27 27 28 29 30 30 30 30 28 27 26 26 26 26 26 26 25 25 24 24 24 24 24 24 24 24 24 24 23 23 23 23 23 23 23 22 22 22 22 24 25 26 26 27 28 29 29 29 28 26 26 27 27 26 25 25 25 26 27 27 24 21 20 20 20 20 19 16 15 14 13 11 11 11 12 14 16 18 19 19 19 19 19 19 19 19 19 20 20 20 20 20 20
27 28 28 28 29 30 30 29 29 29 29 28 27 26 26 26 26 26 26 26 25 24 24 24 24 24 24 24 24 24 24 24 24 24 24 23 23 23 23 22 22 22 25 27 27 27 26 26 27 29 29 29 28 28 28 28 27 26 26 25 25 26 26 24 21 20 20 20 20 19 16 15 13 11 11 11 11 12 13 15 18 18 18 19 19 19 19 19 19 19 20 20 20 20 20 20
28 29 28 28 29 29 29 28 28 28 28 27 26 26 25 26 26 27 27 27 26 25 24 24 24 24 24 24 25 25 25 24 24 24 24 23 23 23 23 23 23 23 24 26 26 27 26 26 26 28 28 29 29 28 28 28 27 27 26 25 24 24 23 22 21 20 19 19 19 18 16 15 13 11 11 11 11 11 13 15 17 17 18 18 18 18 18 19 19 19 19 20 20 20 20 20
29 29 29 29 28 29 29 28 27 27 27 26 26 26 25 26 27 28 28 27 26 26 24 24 24 24 25 25 25 25 25 25 25 25 24 23 23 23 23 23 23 23 24 26 26 27 26 26 26 27 27 28 28 29 29 29 29 27 26 23 22 21 21 20 20 20 19 19 19 18 16 15 13 12 11 11 11 11 13 14 15 16 17 17 17 17 18 19 19 19 19 19 19 19 19 19
28 28 28 28 28 29 29 28 28 27 27 26 26 26 26 27 27 28 28 27 26 26 25 25 25 25 25 25 25 26 26 26 26 26 25 23 23 23 23 23 23 23 24 26 26 28 27 26 26 27 27 27 28 29 29 29 29 27 26 22 21 20 20 20 20 20 20 20 20 19 18 16 14 14 12 11 11 11 11 13 14 15 16 16 17 17 17 19 19 19 19 19 19 19 19 19
28 27 27 27 28 28 28 29 28 28 28 27 26 26 26 26 27 28 27 26 26 26 25 25 25 25 25 25 26 26 26 26 27 27 26 24 23 23 23 23 23 23 23 25 26 28 28 27 27 27 27 27 28 29 29 29 28 27 26 23 21 20 20 20 20 20 20 21 21 21 20 18 16 14 12 11 11 11 11 12 14 14 14 15 17 17 17 19 19 19 19 19 19 19 19 19
27 27 27 27 28 28 28 28 29 29 29 28 26 26 26 26 26 27 27 27 27 26 26 26 25 25 25 25 26 26 27 27 28 28 27 24 23 23 23 23 23 23 23 25 26 28 28 28 27 27 27 27 28 28 28 28 28 27 26 24 22 21 20 19 19 19 20 21 21 21 20 18 17 14 12 11 11 11 11 12 13 14 14 15 17 17 18 18 18 18 18 19 19 19 19 19
27 27 28 28 28 28 28 28 29 29 29 28 26 26 26 26 26 27 28 28 27 27 26 26 26 25 25 25 26 27 28 28 29 28 26 24 23 23 23 23 23 23 23 24 26 27 28 29 28 28 28 28 28 28 28 28 28 27 27 24 23 22 20 19 19 19 21 21 20 20 18 17 16 14 12 12 11 11 11 12 13 13 14 15 16 17 18 18 18 18 18 18 18 19 19 19
27 27 27 27 27 27 27 28 29 29 29 28 26 26 26 26 26 27 28 28 27 27 26 26 26 25 25 25 26 26 27 28 28 28 26 24 23 23 23 23 23 23 23 24 25 27 28 29 29 29 29 29 29 28 28 28 27 27 27 25 23 22 20 18 18 18 20 20 19 19 18 17 15 15 13 12 11 11 11 11 12 13 13 14 16 17 17 18 18 18 18 18 18 18 19 19
26 27 27 27 27 27 27 27 29 29 29 28 27 27 27 27 27 27 27 27 27 26 26 26 26 26 26 26 26 25 25 26 26 26 25 24 23 23 23 23 23 23 23 24 24 25 27 28 29 29 29 29 29 28 28 28 27 27 27 25 23 22 20 18 18 18 18 18 18 18 18 18 17 16 15 14 12 11 11 11 12 13 13 13 15 16 17 17 17 17 18 18 18 18 19 19
26 26 26 26 27 27 27 27 28 29 29 28 27 27 28 28 28 28 27 26 26 26 26 26 26 26 26 26 25 25 25 25 25 25 25 24 23 23 23 23 23 23 23 24 25 26 27 28 29 29 29 29 29 29 29 28 27 26 26 25 24 23 21 18 17 17 17 17 17 17 18 19 19 18 17 15 13 11 11 11 11 12 12 12 14 15 16 16 16 16 17 17 17 18 18 18
26 26 26 26 27 27 27 27 28 29 29 28 28 28 28 28 28 28 27 27 26 26 26 26 26 26 26 26 25 25 25 25 25 25 25 24 24 24 23 23 24 24 24 25 26 27 28 29 29 28 28 28 28 29 29 28 27 26 26 25 24 23 21 18 17 17 17 17 17 17 16 18 19 18 17 14 12 11 11 11 11 11 11 11 13 14 14 15 16 16 17 17 17 18 18 18
26 26 26 26 27 27 27 28 28 28 28 28 29 29 29 29 29 29 28 28 27 27 26 26 26 25 26 26 26 25 25 25 25 25 25 24 24 24 24 24 25 25 25 26 28 28 30 30 30 28 27 27 28 29 29 29 26 26 26 24 24 23 21 18 17 17 17 17 17 17 15 15 16 16 15 14 12 11 11 11 11 11 11 11 11 12 13 14 15 15 16 17 17 17 17 18
26 26 26 26 27 27 27 28 29 28 28 28 29 29 29 28 28 28 28 28 28 27 26 26 26 25 26 26 26 26 26 26 26 26 26 25 24 24 25 26 26 26 27 27 29 29 30 30 30 28 27 27 27 28 28 28 26 25 25 24 23 23 21 18 17 17 17 17 17 17 16 15 15 14 14 13 11 11 11 11 11 11 11 11 11 11 12 13 14 15 16 16 16 16 17 17
26 26 26 26 27 27 27 28 29 29 29 29 29 29 29 28 28 28 28 29 29 28 26 26 26 26 26 26 26 26 27 27 27 27 26 26 26 26 27 28 29 29 29 29 29 30 30 30 29 28 27 27 27 27 27 28 26 25 24 23 23 22 20 18 17 17 17 18 18 18 17 15 15 13 11 11 11 11 11 11 11 11 11 11 11 11 11 12 13 14 16 16 16 16 17 17
26 26 26 26 27 27 27 28 29 29 29 29 29 29 29 28 28 28 28 28 28 27 26 26 26 26 26 26 26 27 28 29 29 28 26 26 26 26 28 29 30 30 30 29 30 30 30 29 28 27 27 27 27 27 27 27 26 24 23 22 21 21 19 18 17 17 17 17 17 18 18 17 16 14 11 11 11 10 10 10 11 11 11 11 11 11 11 11 13 14 15 16 16 16 16 16
27 26 26 26 27 27 27 28 29 29 29 29 29 29 29 28 28 28 28 27 27 27 26 26 26 26 26 26 27 29 30 31 30 29 27 27 27 27 28 31 31 32 31 31 31 31 29 28 27 26 26 26 26 27 27 27 25 24 23 21 20 19 18 17 17 17 17 17 17 18 18 18 17 14 12 11 11 10 10 10 12 11 11 11 11 11 11 11 12 13 14 15 15 16 16 16
27 26 26 26 26 27 27 27 28 28 28 29 29 29 29 28 28 28 28 27 27 27 27 27 27 27 27 27 27 29 30 31 31 29 28 27 27 27 28 31 31 32 31 30 30 30 28 28 27 26 26 26 26 27 27 26 24 23 22 21 19 19 18 17 17 17 17 17 17 17 17 18 16 15 13 12 11 10 10 10 12 12 11 11 11 11 11 11 11 12 13 14 15 15 16 16
27 27 26 26 26 27 27 27 28 28 28 29 29 29 29 29 29 29 28 27 27 27 27 27 27 27 27 27 27 29 30 31 31 29 28 27 27 27 28 31 31 31 30 29 29 28 28 27 26 25 25 25 26 27 27 25 24 22 22 20 19 18 17 17 17 17 17 17 17 17 16 16 16 15 14 13 12 10 10 10 11 12 12 11 11 11 11 11 11 11 12 14 14 15 15 15
27 26 26 26 26 27 27 27 28 28 28 29 29 29 29 29 29 29 28 28 28 28 28 28 27 27 27 27 28 29 30 30 30 28 28 27 27 27 28 31 31 30 29 28 27 27 27 25 24 24 24 25 26 26 26 25 23 22 21 19 18 17 16 16 16 16 17 16 16 16 16 15 15 15 14 12 11 9 9 9 11 11 11 12 11 11 11 11 11 11 12 14 14 14 15 15
27 26 26 26 26 27 27 27 29 29 29 29 29 29 29 29 29 29 29 29 29 29 29 29 29 28 28 29 29 30 30 30 29 28 28 28 28 28 29 30 30 29 28 27 26 25 24 24 23 23 24 24 25 26 25 24 22 21 21 19 18 17 16 15 15 15 15 15 15 15 15 15 15 13 13 12 11 9 9 9 10 11 11 12 11 11 11 11 11 11 12 13 13 14 14 15
26 26 26 26 26 27 27 27 28 29 29 29 29 29 29 29 29 30 30 30 30 30 30 30 29 29 30 30 30 30 30 29 29 28 28 28 29 29 30 30 30 29 28 26 25 24 23 22 22 22 23 23 25 25 25 23 22 21 20 19 17 17 16 14 14 14 14 15 14 14 14 14 14 13 12 12 11 9 9 9 9 10 11 11 12 12 11 11 11 11 11 12 13 13 14 15
26 26 26 26 27 27 27 27 28 28 28 29 29 29 29 29 29 30 30 30 30 30 30 30 30 30 31 31 31 30 30 29 29 29 29 29 30 30 31 30 30 28 27 26 24 23 22 21 21 22 22 23 23 24 24 23 21 20 20 18 17 16 15 14 14 14 14 14 14 14 13 13 13 12 12 12 11 9 9 8 8 9 10 11 12 12 11 11 11 11 11 12 12 12 14 15
26 26 26 26 26 27 27 27 28 28 28 29 29 29 29 29 29 30 29 29 29 29 29 29 29 30 31 31 31 30 29 29 29 29 29 30 30 30 30 30 30 28 26 24 23 22 21 20 20 21 21 22 23 23 23 22 21 20 19 17 17 16 15 14 13 13 13 13 13 13 13 13 12 12 11 11 10 9 9 8 8 8 9 10 12 12 12 11 11 11 11 12 12 12 13 14
27 26 26 26 26 27 27 27 28 28 28 29 29 29 29 29 29 30 29 29 29 29 29 29 29 31 30 30 30 30 29 29 30 30 30 29 29 29 29 29 29 27 25 23 22 21 20 19 19 20 21 21 22 22 22 21 20 19 19 17 16 16 15 14 13 13 12 12 12 12 11 11 11 11 11 11 10 9 9 8 8 8 8 9 11 11 12 11 11 11 11 11 11 11 13 14
27 27 27 27 27 27 27 27 28 28 28 29 29 29 29 29 29 30 29 28 28 28 29 29 29 31 30 30 30 30 30 29 30 30 30 29 29 29 29 29 29 27 24 23 22 21 19 19 19 20 21 21 22 22 22 21 20 19 19 17 16 16 15 14 13 13 12 12 12 12 11 11 11 11 11 11 10 9 9 9 8 8 8 9 11 11 12 11 11 11 11 11 11 11 12 13
27 27 27 27 27 27 27 27 28 28 28 29 29 29 29 30 30 30 29 28 28 28 29 29 29 30 30 29 29 29 29 29 29 29 29 29 28 28 28 28 28 26 24 23 21 20 19 18 18 19 20 21 21 21 21 20 20 19 18 17 16 16 16 14 13 13 12 11 11 11 11 11 11 11 10 10 10 9 9 9 8 8 8 9 10 11 11 11 11 11 11 10 10 10 11 12
28 27 27 27 28 28 28 28 29 29 29 29 29 29 29 30 30 30 29 29 29 29 29 29 28 28 28 28 28 28 28 28 29 29 29 28 27 26 25 26 25 24 23 22 21 20 18 17 17 18 20 20 21 21 20 19 18 18 18 17 17 17 16 15 14 13 12 11 11 11 11 11 11 11 10 10 10 9 9 9 8 8 8 8 9 9 10 10 11 11 10 9 9 9 10 11
28 28 28 28 28 28 28 29 29 29 29 30 30 30 29 30 30 30 29 29 29 29 29 28 27 27 27 27 27 27 27 28 29 29 29 28 27 26 25 23 23 23 22 21 20 19 17 17 17 18 20 20 21 20 19 18 17 17 17 17 17 17 17 16 14 13 11 11 11 11 11 11 11 11 10 10 10 9 9 9 8 8 8 8 8 9 9 10 10 10 9 9 9 8 9 10
29 28 28 28 28 29 29 29 29 30 30 30 30 30 30 30 30 30 31 31 31 31 29 28 27 26 26 26 26 26 26 27 29 29 29 28 27 26 25 23 23 22 21 20 20 19 17 17 17 19 20 20 21 19 19 18 17 17 17 17 17 17 17 17 15 13 11 11 11 11 11 11 11 11 10 10 10 9 9 9 8 8 8 8 8 8 9 9 9 9 8 8 8 8 9 9
29 28 28 28 29 29 29 29 29 29 29 29 29 29 29 29 29 30 30 30 30 30 29 29 27 26 26 26 26 26 26 27 28 28 28 28 28 27 25 23 23 22 20 20 20 19 17 17 17 18 20 20 20 19 19 18 17 17 17 16 16 16 16 17 15 12 11 11 11 10 11 11 11 11 11 11 10 9 9 9 8 8 8 8 8 8 8 9 9 9 8 8 8 8 8 9
29 28 28 28 29 29 29 29 29 29 29 28 28 28 29 29 29 29 30 29 29 29 28 28 27 26 26 26 26 26 26 27 28 28 28 28 28 27 25 24 23 22 21 20 20 19 17 17 17 18 19 19 19 19 19 18 17 17 17 16 15 15 14 14 13 12 11 11 11 10 10 10 11 12 11 11 10 9 9 8 8 8 8 8 8 8 8 8 8 8 8 8 8 8 8 8
29 29 29 29 29 29 29 28 28 28 28 27 27 28 28 28 28 28 29 29 28 28 28 27 26 26 26 26 26 27 27 28 28 27 27 27 27 27 27 26 24 23 22 21 20 19 17 17 17 17 18 18 19 19 19 19 18 18 18 17 16 15 14 13 12 12 11 11 11 10 10 10 11 12 11 10 9 8 8 8 8 8 8 8 8 8 8 8 8 8 8 8 8 8 8 8
30 29 29 29 29 29 29 28 28 27 27 27 27 27 27 27 27 27 28 28 28 28 26 26 26 26 26 26 27 27 28 28 28 27 27 27 27 27 28 28 27 25 24 22 20 19 17 17 17 17 18 18 18 18 18 19 19 19 19 17 16 15 14 13 12 12 11 11 11 10 9 9 10 10 10 9 8 8 8 8 8 8 8 8 8 8 8 8 8 8 8 8 8 8 8 8
30 29 29 29 29 29 29 29 28 27 27 26 26 26 26 26 27 26 27 27 27 27 26 26 25 25 25 26 27 28 28 29 28 27 27 26 26 27 28 28 28 27 25 23 21 19 17 17 17 17 17 17 17 18 18 19 19 18 18 17 16 16 15 14 13 12 12 11 11 10 9 9 9 8 8 8 8 8 8 8 8 8 8 8 8 8 8 8 8 9 9 9 9 8 8 8
30 30 29 29 29 29 29 29 29 28 27 26 26 26 26 26 26 26 26 26 26 27 26 26 25 25 25 25 27 28 28 28 28 27 27 25 25 25 27 28 27 26 25 23 21 19 17 17 17 17 17 17 17 18 18 19 19 18 18 17 16 16 16 15 15 14 13 11 11 10 9 9 9 8 8 8 8 8 8 8 8 8 8 9 10 10 10 10 11 12 12 11 11 10 8 8
30 30 29 29 29 29 29 29 29 28 28 26 26 26 26 26 26 26 25 25 26 26 26 25 24 24 24 25 26 27 27 27 27 26 26 24 23 23 24 25 25 24 23 22 20 18 17 17 17 17 17 17 17 18 18 18 18 18 18 16 16 15 15 15 16 16 14 12 11 10 9 9 9 8 8 8 8 8 8 8 8 8 8 10 12 13 14 14 14 14 14 13 11 9 8 8
29 30 30 30 30 29 29 29 29 28 28 26 26 26 26 26 26 26 25 25 25 26 25 25 23 23 23 24 26 26 26 25 25 25 25 24 22 21 21 23 23 22 21 20 19 18 17 17 17 17 17 17 17 18 18 18 17 17 17 16 15 14 14 14 15 15 14 12 11 10 9 9 9 8 8 8 8 8 8 8 8 8 8 10 12 13 14 15 15 15 14 13 11 9 8 8
28 30 30 30 30 29 29 29 28 28 28 26 26 26 26 26 26 26 26 26 26 26 25 25 23 23 23 23 25 26 26 25 24 24 24 22 21 20 20 20 21 21 20 19 19 18 17 17 17 17 17 17 17 18 18 17 17 16 16 15 14 13 13 13 14 14 13 11 11 10 9 9 9 8 8 8 8 8 8 8 8 8 8 9 11 12 13 14 14 14 13 12 11 9 8 8
27 29 31 31 30 29 29 29 28 28 28 27 27 26 26 27 27 27 27 27 27 27 26 25 23 23 23 23 25 25 25 24 23 23 22 21 19 19 19 19 19 20 20 19 19 18 17 17 17 16 16 16 16 17 17 16 16 16 15 15 14 12 12 12 12 12 12 11 10 10 9 8 8 8 8 8 8 8 8 8 8 8 8 9 11 12 13 13 13 13 13 12 11 9 8 8
26 29 31 31 30 30 30 30 28 28 28 27 28 28 28 29 29 29 29 29 29 29 28 27 25 22 22 22 24 24 23 23 21 21 20 19 18 18 18 18 19 20 20 20 20 20 18 17 17 16 16 16 16 16 16 15 14 14 14 13 13 12 11 11 11 11 10 10 10 9 8 8 8 8 8 8 8 8 8 8 8 8 8 9 11 11 12 13 12 12 12 11 10 10 9 8
26 29 31 31 30 30 30 30 29 28 28 28 28 29 29 29 29 29 29 29 29 29 28 27 25 22 21 22 23 23 22 22 21 19 19 18 18 18 18 18 19 20 20 20 20 19 17 17 16 15 15 15 15 15 15 14 13 13 13 12 12 11 11 10 10 10 10 9 9 9 8 8 8 8 8 9 9 8 8 8 9 9 9 9 11 11 12 12 12 11 11 10 10 10 9 9
26 29 31 31 31 31 31 30 29 28 28 28 29 29 29 27 27 27 27 27 27 27 26 25 24 21 20 20 21 21 21 21 21 20 19 18 18 18 18 18 18 18 19 19 18 17 16 16 16 15 14 14 14 14 14 13 12 12 12 11 11 11 11 10 10 10 9 9 9 9 8 8 8 8 9 9 10 9 9 9 9 9 10 10 11 11 12 11 11 11 11 10 10 10 9 9
26 29 30 30 30 30 30 29 28 28 27 27 28 29 28 26 25 25 25 25 25 25 25 24 22 20 19 19 20 21 21 21 22 21 21 21 20 20 19 18 18 17 17 17 17 16 15 15 15 14 14 13 13 13 13 12 11 12 12 11 11 11 10 9 9 9 9 9 9 9 8 8 8 9 10 10 10 9 9 9 9 10 11 11 12 12 12 11 11 11 11 10 10 10 10 9
25 27 28 28 28 28 28 28 27 26 25 26 27 27 27 25 24 23 23 23 23 23 22 21 20 18 18 18 19 20 20 21 22 22 23 23 23 22 20 18 18 17 16 16 15 15 15 14 14 13 12 12 11 11 11 11 11 12 12 11 11 11 10 9 9 9 8 9 9 9 9 9 10 11 12 12 11 9 9 9 10 11 11 12 12 12 12 11 11 11 11 11 11 10 10 10
22 23 24 25 26 26 26 26 24 23 23 24 25 26 26 25 24 22 20 20 20 20 19 18 18 17 17 17 18 19 20 20 22 23 23 23 23 22 20 18 18 17 16 15 15 15 14 13 13 12 12 11 11 11 11 11 11 12 12 12 12 11 10 9 8 8 8 8 8 9 9 10 11 12 12 12 11 9 9 9 10 11 11 12 12 12 12 11 11 11 11 11 11 11 10 10
19 20 21 22 22 23 24 23 22 21 21 22 23 24 24 23 23 21 19 18 18 18 17 17 17 17 17 17 18 19 19 20 22 23 23 23 22 22 20 19 19 18 16 15 15 15 13 13 13 12 11 11 11 11 11 11 11 12 13 14 13 12 11 9 8 8 8 8 8 9 9 10 11 11 11 11 11 10 10 10 10 11 11 12 12 12 12 12 11 11 11 11 11 11 11 11
16 18 20 20 20 21 22 21 20 20 20 20 21 22 23 22 22 21 20 19 18 18 17 17 16 16 16 16 18 19 20 21 22 23 23 22 22 22 20 20 20 19 18 16 15 15 14 13 13 12 12 11 11 11 11 11 12 13 13 14 14 12 11 10 9 9 8 9 9 9 9 9 10 10 11 11 11 10 10 10 10 11 11 12 12 12 12 12 12 11 11 11 11 11 11 11
14 15 17 18 19 20 20 20 18 18 18 20 21 21 22 22 22 21 21 21 20 20 18 17 16 16 16 16 18 19 21 22 23 22 22 22 22 22 22 21 21 21 19 19 17 17 16 16 14 13 13 12 12 12 12 13 14 14 14 15 14 14 14 13 12 11 10 10 10 10 10 10 10 10 11 11 11 10 10 10 11 11 11 12 12 12 13 13 12 12 12 11 11 11 12 12
14 14 14 16 18 19 19 18 17 17 17 19 21 21 23 22 21 21 21 22 22 22 19 18 16 16 16 17 19 21 22 22 22 22 21 21 21 21 21 21 20 20 19 19 19 18 18 17 16 15 14 13 13 13 14 14 14 15 15 15 15 14 15 15 14 14 13 12 11 10 10 10 10 10 11 11 11 10 10 10 11 11 12 12 13 13 13 13 13 13 12 12 12 12 12 12
16 15 14 15 16 17 17 17 16 16 16 19 20 21 23 22 21 21 21 22 22 21 19 17 16 15 16 17 19 20 20 20 21 21 21 20 19 19 19 19 19 19 19 18 18 19 19 19 19 17 16 15 15 15 16 16 17 17 17 17 17 17 17 17 16 16 15 14 13 12 11 11 11 11 11 11 11 11 11 11 11 11 12 13 14 14 14 14 14 14 14 14 14 13 12 13
18 16 14 14 15 15 16 15 15 16 16 18 20 21 22 22 21 21 21 21 21 19 17 16 15 15 15 17 18 18 18 19 21 21 20 19 18 18 18 18 18 17 17 17 18 18 19 19 20 18 17 17 16 16 17 17 17 17 17 17 18 18 18 17 17 17 16 15 14 13 11 11 11 11 11 11 11 11 11 11 11 12 12 13 14 14 15 15 15 15 15 14 14 14 13 13
21 17 14 14 14 14 14 14 14 15 16 17 19 20 22 21 20 20 20 20 20 19 16 16 15 15 15 15 17 17 17 18 20 20 18 17 17 17 16 16 16 15 15 16 16 17 18 19 19 19 18 18 18 18 18 18 18 19 19 19 19 19 18 18 17 17 16 15 15 13 12 11 11 11 11 11 11 11 11 11 11 12 12 13 15 15 15 15 15 15 15 15 15 15 14 14
23 20 17 14 14 14 14 14 14 14 15 16 17 18 19 19 19 18 18 20 20 20 17 16 15 15 15 15 17 17 17 18 19 18 15 14 14 14 14 14 14 14 14 15 15 16 17 17 18 18 18 18 18 18 18 19 19 20 20 21 20 20 20 18 17 17 16 15 15 14 12 12 11 11 11 11 11 11 11 12 12 13 13 13 15 15 16 16 15 15 15 16 16 15 15 15
26 24 21 18 16 15 15 14 13 13 13 15 15 16 16 17 17 17 18 19 19 19 17 15 15 15 16 16 17 17 17 18 18 16 14 14 14 14 14 14 14 14 14 15 15 16 17 17 17 18 18 18 18 18 19 19 19 19 20 20 20 20 19 18 17 16 15 14 14 14 12 12 11 11 11 11 11 11 11 12 12 13 13 13 15 15 16 16 16 16 16 16 16 16 16 15
29 27 24 22 19 18 17 15 13 13 13 13 13 13 14 14 15 15 17 18 18 17 16 15 15 16 18 18 18 18 18 17 15 14 14 14 14 14 14 14 14 14 14 15 15 16 17 17 17 18 18 18 18 19 20 20 19 18 18 18 18 18 17 16 15 14 14 14 14 13 12 12 12 11 11 11 11 12 12 12 13 14 14 14 15 15 16 16 16 16 16 16 16 16 16 16
32 30 27 25 23 21 19 16 14 13 13 13 13 13 13 13 13 14 16 16 16 16 15 14 15 17 18 18 18 18 18 16 14 14 14 14 14 14 14 14 14 14 15 15 15 16 17 17 17 18 18 18 18 19 20 20 19 18 17 16 15 15 14 13 13 13 13 13 13 13 12 12 11 11 10 10 10 12 12 13 14 14 15 15 15 15 16 16 16 16 16 16 16 16 16 16
33 31 30 28 26 24 21 17 16 15 14 13 13 13 13 13 13 13 13 13 13 13 13 13 16 18 19 19 18 17 17 16 14 14 14 14 14 14 14 14 14 15 15 16 16 16 18 18 18 18 18 18 18 18 18 18 17 16 16 14 13 12 11 11 12 12 13 13 13 12 11 11 11 11 10 10 10 12 13 13 15 16 16 16 16 16 16 16 16 16 16 16 16 16 16 16
34 32 31 31 29 26 23 20 19 18 17 16 15 14 13 13 13 13 12 12 12 12 12 13 16 18 19 19 18 17 16 15 14 14 14 14 14 14 14 15 15 15 16 16 16 17 17 17 17 17 17 17 17 17 17 17 16 16 15 14 12 11 11 11 12 12 12 12 12 12 11 11 11 11 11 11 11 12 13 14 15 16 16 16 16 16 16 16 16 16 16 16 16 16 16 16
34 33 33 32 31 29 26 24 22 21 20 19 18 16 15 15 15 14 13 12 12 12 12 13 16 18 18 18 17 16 15 13 13 14 14 14 14 14 15 15 15 16 16 16 16 17 17 17 17 16 15 15 15 14 14 14 14 14 13 13 11 11 11 11 12 12 12 11 11 11 11 11 11 11 11 11 11 13 14 15 16 17 17 17 16 16 16 16 16 16 16 16 16 16 16 16
35 35 35 34 33 31 29 27 25 24 23 21 19 18 17 17 17 16 14 13 12 12 12 13 16 17 17 17 17 15 13 12 12 13 13 14 15 15 15 16 16 16 17 17 17 17 17 17 17 16 15 15 15 14 14 14 12 12 12 11 11 11 11 11 11 11 11 11 11 11 11 11 11 11 11 12 12 13 15 16 16 17 17 17 16 16 16 16 16 16 16 16 16 16 16 16
37 37 37 36 35 33 32 30 28 26 25 23 21 21 20 20 20 19 17 15 13 12 12 13 15 15 16 15 15 14 12 12 12 13 13 15 16 16 16 17 17 17 17 17 17 17 17 17 17 17 16 16 15 15 15 14 13 12 12 11 11 11 11 11 11 11 11 11 11 11 11 11 11 12 13 14 14 15 15 16 17 17 17 17 16 16 16 16 16 16 16 16 16 16 16 16
39 38 38 37 36 35 33 32 30 28 26 24 23 23 23 23 22 21 19 17 15 13 12 12 13 14 15 13 12 12 11 11 12 13 13 15 15 15 15 17 17 18 18 18 18 17 17 17 18 18 17 17 16 16 16 16 15 14 13 13 12 11 11 11 11 11 11 11 11 11 11 11 11 13 14 15 15 16 16 16 17 17 17 16 16 16 16 16 16 16 16 16 16 16 15 15
41 39 39 39 37 36 35 34 32 30 29 27 26 26 26 26 25 24 22 20 18 15 13 12 12 12 12 12 12 11 11 11 12 13 13 14 14 14 15 17 17 18 18 18 18 18 18 19 19 19 19 19 19 19 19 19 18 17 16 15 14 13 12 12 12 12 12 12 12 12 12 12 13 14 16 16 16 16 16 17 17 17 17 16 16 16 16 16 16 16 16 16 16 16 15 14
41 40 39 39 37 37 36 35 33 31 29 29 28 28 29 29 28 26 24 23 21 18 16 14 12 12 12 12 12 11 11 11 11 12 13 13 13 13 14 16 17 17 18 17 17 17 18 19 19 18 18 18 19 19 19 19 18 18 17 16 15 14 13 13 13 14 14 14 14 14 14 14 14 15 16 16 17 17 17 17 17 17 17 16 16 16 16 16 16 16 16 16 16 15 14 14
