geo_cache/6-4/elevation.txt
ncols         934
nrows         918
xllcorner     -71.03333333333333
yllcorner     42.752
cellsize      1.0E-5
NODATA_value  -9999
[rows 130 to 194 of 918, columns 384 to 479 of 934]
33 34 35 35 36 36 37 37 37 38 37 37 36 36 35 35 33 33 33 32 32 32 31 30 29 27 26 25 25 23 21 19 18 17 17 17 18 18 18 18 18 18 18 18 18 18 19 19 20 21 21 21 20 19 18 18 18 18 17 17 17 17 17 17 17 17 17 17 17 17 17 17 17 17 17 17 17 17 17 17 17 17 17 17 17 18 18 18 18 17 17 17 18 18 18 18
32 33 34 34 34 35 36 36 37 37 37 37 36 36 36 35 34 34 34 33 33 33 32 30 30 29 27 27 27 25 23 20 18 17 17 17 18 18 18 18 18 18 18 18 18 19 20 21 22 24 24 24 23 23 21 20 20 18 18 18 18 17 17 17 17 17 17 17 17 17 17 17 17 17 17 17 17 17 17 17 17 17 17 17 18 18 18 18 17 17 17 17 18 18 18 18
31 32 34 34 34 35 35 36 36 36 37 37 36 36 36 35 34 34 34 33 33 33 32 30 30 29 28 28 28 27 24 23 21 19 17 18 18 18 18 18 18 18 18 18 19 19 20 21 23 24 26 27 26 26 24 23 22 21 19 18 18 17 17 17 17 17 17 17 17 17 17 17 17 17 17 17 17 17 17 17 17 17 18 18 18 17 17 17 17 17 17 17 18 18 18 18
31 32 33 34 34 34 35 35 35 36 36 36 36 36 36 35 34 34 34 34 33 33 32 30 30 29 28 28 27 27 25 24 24 22 20 19 18 18 18 18 18 18 18 18 18 19 19 20 22 24 26 28 28 28 26 25 24 22 21 20 19 18 18 17 17 17 17 17 17 17 17 17 17 17 17 17 17 17 17 18 18 17 17 17 17 17 17 17 17 17 17 17 18 18 18 18
31 32 33 34 34 34 35 35 35 35 35 35 35 35 35 35 34 34 34 34 33 33 32 30 30 29 28 27 27 27 26 25 25 24 23 21 20 18 18 18 18 18 18 18 17 17 18 19 21 22 24 27 28 28 27 27 25 23 22 21 20 19 18 18 17 17 17 17 16 16 16 17 17 17 17 17 17 17 18 18 18 17 17 17 17 17 17 17 17 17 17 17 18 18 18 19
32 33 33 34 34 34 35 35 35 35 35 35 35 35 35 35 34 34 34 33 33 33 32 30 30 30 28 28 28 27 26 26 25 24 23 22 21 19 18 18 18 18 18 18 17 17 17 18 19 20 23 26 27 28 27 27 26 24 24 23 22 21 20 19 18 17 17 17 16 16 16 17 17 17 18 17 19 20 20 18 17 17 17 17 17 17 17 17 17 17 17 17 18 18 18 19
34 34 34 34 34 34 35 35 35 35 35 35 35 35 35 35 34 33 33 33 32 32 32 30 30 30 29 28 28 27 26 26 25 24 23 22 21 19 18 18 18 18 18 18 18 18 17 18 19 20 23 26 27 28 28 27 26 25 25 24 23 22 21 20 19 18 18 17 17 16 16 17 17 17 19 20 21 21 20 18 17 17 17 17 17 17 17 17 17 17 17 17 18 18 18 19
36 35 35 35 35 35 35 35 35 35 35 35 35 35 35 35 34 33 33 32 32 32 32 31 31 30 29 28 28 27 26 25 24 23 22 22 21 19 19 18 18 18 18 18 18 18 18 18 19 20 23 25 27 28 28 28 27 26 26 25 24 23 22 21 21 20 20 19 18 17 17 17 17 19 20 21 23 21 18 17 17 17 17 17 17 17 17 17 17 17 17 17 18 18 18 19
37 36 35 35 35 35 35 35 35 35 35 35 35 35 35 35 34 33 33 32 32 32 32 31 31 30 29 28 28 27 25 25 24 23 22 22 21 20 19 18 18 18 18 18 18 18 18 18 19 19 22 24 26 28 29 29 28 27 27 26 25 25 24 23 23 22 21 20 19 18 17 17 18 19 19 22 23 20 18 17 17 17 17 17 17 17 17 17 17 17 17 17 18 18 19 20
38 37 36 35 35 35 35 35 35 35 35 35 35 35 35 35 34 34 33 32 32 32 32 30 30 30 29 28 28 27 25 25 24 23 23 22 22 21 21 19 19 19 19 19 18 18 18 19 19 19 21 23 25 27 29 29 29 29 29 28 27 26 24 24 23 23 22 21 21 20 19 17 17 17 18 21 21 18 18 17 17 17 17 17 17 17 17 17 17 17 17 17 18 18 19 19
38 38 37 36 36 36 36 36 36 36 36 36 36 36 36 36 35 34 34 33 32 32 32 31 30 29 29 28 28 27 25 25 25 24 23 23 22 21 21 20 20 20 19 19 19 19 19 19 19 19 21 23 25 26 28 28 29 30 29 29 28 27 26 25 24 24 23 23 22 21 20 18 17 17 18 21 20 18 18 18 18 17 17 17 17 17 17 17 17 17 17 17 18 18 19 18
39 38 37 37 37 36 36 36 36 36 36 36 36 36 36 36 35 35 34 33 33 32 32 31 30 29 29 28 28 27 26 26 25 24 24 24 23 22 22 22 21 21 21 19 19 19 19 19 19 20 21 23 23 24 26 27 28 29 30 30 30 30 29 28 27 26 25 25 24 23 21 19 19 19 19 19 19 18 18 19 19 18 17 17 17 17 17 17 17 17 17 17 18 18 19 18
38 39 38 38 37 37 37 37 37 37 37 37 37 37 37 37 36 35 35 34 33 33 32 31 30 30 29 28 28 27 26 26 25 24 24 24 23 22 22 22 21 20 20 19 19 19 19 19 20 20 22 22 22 23 24 26 27 28 29 30 30 30 30 29 28 28 27 26 25 24 23 21 20 19 20 20 19 18 18 19 20 20 19 18 17 17 17 17 17 17 17 17 18 18 19 17
38 39 39 39 38 38 38 38 38 37 37 37 37 38 38 38 36 35 35 34 33 33 33 31 31 30 29 28 28 28 26 26 26 25 24 24 23 21 21 21 20 20 20 19 19 19 19 19 20 21 22 22 22 23 23 24 25 27 28 29 30 30 30 30 29 28 27 26 25 25 24 23 22 21 21 21 19 18 18 19 20 20 20 20 19 17 17 17 17 17 17 17 18 18 19 17
37 38 39 40 40 38 38 38 38 38 38 38 38 37 37 37 36 35 35 34 34 34 33 32 31 31 29 28 28 28 27 27 26 25 23 23 22 21 21 20 19 19 19 18 19 19 19 20 21 21 22 22 22 23 23 23 24 26 27 28 28 28 28 29 28 27 27 26 25 25 25 23 23 23 23 21 19 18 18 19 19 19 19 19 19 19 19 19 18 17 17 17 18 18 19 17
34 36 38 39 40 40 39 39 38 38 37 37 37 37 36 36 35 35 35 34 34 34 33 32 31 30 29 28 28 27 27 27 27 25 24 23 22 20 20 19 19 18 18 18 18 18 18 19 20 20 22 22 22 23 23 23 24 26 26 27 27 27 27 28 28 27 27 26 25 25 25 24 23 23 23 21 19 18 18 18 18 17 17 17 19 19 20 20 20 19 17 18 18 18 18 17
32 34 36 38 39 39 39 39 38 37 37 37 36 36 35 35 34 34 34 34 34 34 33 31 31 30 28 27 27 27 27 27 26 25 24 23 22 20 19 18 18 18 17 17 17 17 17 18 19 19 21 22 22 23 23 23 24 26 25 25 25 25 25 26 26 27 27 26 25 25 25 24 23 22 21 20 19 18 18 18 18 17 17 17 18 19 20 21 22 21 19 19 19 19 18 17
28 31 33 35 37 38 38 37 37 37 36 36 35 35 34 34 33 33 33 33 33 33 32 31 30 29 27 27 26 26 26 26 25 24 23 22 21 20 18 17 17 17 16 16 16 16 16 17 18 19 20 22 22 23 24 24 24 25 25 24 24 24 25 25 25 26 26 25 25 24 24 24 23 22 20 20 19 18 18 18 18 17 17 18 18 19 19 21 22 22 22 21 19 19 18 16
24 27 30 32 34 35 35 35 36 36 35 34 34 33 33 32 32 32 32 32 31 31 31 29 29 28 26 26 25 24 24 24 24 23 22 21 20 19 17 16 16 16 15 14 14 14 15 15 17 18 20 21 22 24 24 24 25 24 23 22 22 22 23 23 23 24 24 24 24 24 24 23 22 21 20 20 19 18 18 18 18 18 18 18 17 17 17 19 20 21 22 21 19 19 18 16
20 23 26 28 30 31 32 33 34 34 34 33 33 32 32 31 31 31 31 31 31 30 30 29 28 27 26 25 24 23 22 22 22 22 21 20 19 18 16 15 15 15 14 13 13 13 13 14 16 17 19 21 22 24 25 25 25 23 22 21 21 21 21 22 22 23 23 23 23 23 23 22 21 21 20 19 19 18 18 18 18 17 17 17 17 17 17 18 20 21 21 20 19 19 18 16
16 18 21 23 25 27 28 29 30 30 30 30 30 30 30 29 29 29 29 29 29 28 27 27 26 26 24 23 22 21 19 19 19 19 19 18 17 16 15 14 14 13 13 12 12 12 12 14 15 17 19 20 22 23 25 25 25 24 22 20 19 19 19 19 20 20 20 20 20 20 21 22 22 22 20 19 19 19 19 18 18 17 17 17 17 17 18 19 20 20 20 20 20 20 20 19
14 15 16 18 20 22 23 24 25 26 26 26 27 28 28 27 27 27 27 27 26 26 25 24 23 23 22 22 20 18 16 16 16 16 16 16 15 14 13 13 13 12 12 12 12 12 12 13 14 16 18 20 21 23 25 26 26 25 23 20 19 18 17 17 18 18 19 18 19 19 20 21 22 22 21 20 20 19 18 18 17 17 17 17 17 18 18 19 20 20 20 20 20 20 21 22
14 13 13 15 16 17 18 19 20 21 20 22 23 24 24 23 24 23 24 24 23 22 22 21 21 20 20 19 18 16 14 13 13 13 14 14 13 12 12 12 12 12 12 12 12 12 12 13 14 16 18 19 21 23 25 26 27 25 23 21 19 17 17 17 17 17 17 17 18 18 19 21 21 22 22 20 20 19 18 17 17 17 17 17 17 18 18 18 19 19 19 19 20 20 20 23
13 12 12 12 13 13 14 14 15 15 14 16 17 18 18 18 18 19 20 20 19 18 18 17 17 16 16 15 14 13 12 11 11 12 12 11 11 12 12 12 12 12 12 12 12 12 12 13 14 15 17 19 21 23 24 26 26 25 23 22 20 17 17 16 16 16 16 16 17 18 19 20 20 21 22 20 20 20 19 17 17 17 17 17 17 17 17 17 18 18 18 18 19 19 21 23
12 11 11 11 11 11 11 11 12 12 11 12 12 13 13 13 13 14 15 15 15 15 14 13 14 14 13 13 12 11 11 11 11 11 11 11 11 11 11 12 12 12 12 12 12 12 12 13 14 14 16 18 20 22 23 24 24 24 23 22 20 18 18 16 15 15 15 15 16 16 17 18 19 19 20 20 20 20 19 17 17 17 17 17 17 17 17 17 17 17 17 18 19 19 21 23
11 11 10 10 10 10 10 10 10 10 9 10 10 11 11 11 11 11 12 12 12 12 12 12 12 12 12 12 12 11 11 11 11 11 11 11 11 11 11 11 12 12 12 12 12 12 12 13 14 14 15 16 18 20 21 22 23 23 22 21 20 18 18 16 15 15 15 15 15 15 16 18 19 19 20 20 20 20 19 17 17 17 17 17 17 17 17 17 17 17 17 18 19 19 21 23
11 10 10 10 10 10 10 10 10 9 9 9 9 9 9 9 10 10 11 11 11 11 11 11 11 11 11 11 11 11 11 11 11 11 11 11 11 11 11 11 11 12 12 12 12 12 12 12 13 14 14 15 16 18 19 20 21 21 21 20 19 18 18 17 14 14 14 14 15 15 17 18 19 19 20 19 19 19 18 17 17 17 17 17 17 17 17 17 17 17 17 18 19 20 20 23
11 10 10 10 10 10 10 10 10 9 9 9 9 9 9 9 9 9 9 10 10 10 11 11 11 11 11 11 11 11 11 11 11 11 11 11 11 11 11 11 11 12 12 12 12 12 12 12 13 13 14 14 15 16 17 18 19 19 19 19 18 18 18 16 14 14 14 14 15 16 17 19 20 20 19 19 19 19 18 17 17 17 17 17 17 17 17 17 17 17 17 19 20 20 21 23
11 11 11 10 10 10 10 10 10 9 9 9 9 9 9 9 9 9 9 9 10 10 10 10 10 10 10 10 10 10 10 10 10 11 11 11 11 11 11 11 11 11 11 12 12 12 12 12 13 13 13 13 14 14 15 16 17 17 17 18 17 17 17 15 14 14 14 14 15 16 18 20 20 20 19 19 19 19 17 17 17 17 17 17 17 17 17 17 17 17 18 19 21 21 21 23
12 12 12 11 11 11 11 11 11 11 11 10 9 9 9 9 9 9 9 9 9 9 10 10 10 10 10 10 10 10 10 10 10 11 11 11 11 11 11 11 11 11 11 12 12 12 12 12 12 12 13 13 13 13 14 14 15 15 15 16 16 16 16 15 13 13 13 13 15 16 18 20 19 19 19 19 19 18 17 17 17 17 17 17 17 17 17 17 17 17 18 19 21 21 21 23
13 12 12 12 12 12 12 12 12 12 12 11 10 9 9 9 9 9 9 9 9 9 10 9 9 9 9 9 9 9 10 10 10 10 10 10 10 11 11 11 11 11 11 11 12 12 12 12 12 12 13 13 13 13 13 14 14 14 14 14 15 15 15 14 13 12 12 13 15 16 18 19 18 18 18 18 18 17 17 17 17 17 17 17 17 17 17 18 18 18 19 20 21 22 23 23
13 13 12 12 12 12 12 12 12 13 12 12 11 10 9 9 9 9 9 9 9 9 9 9 9 9 9 9 9 9 10 10 10 10 10 10 10 11 11 11 11 11 11 11 11 11 11 12 12 12 12 12 12 12 13 13 13 13 12 12 13 13 13 13 12 12 12 13 15 16 17 17 16 16 16 16 16 16 17 17 17 17 17 17 18 19 20 20 21 20 20 20 22 24 25 25
13 12 12 13 13 13 13 13 13 13 12 12 11 11 10 10 9 9 9 9 9 9 9 9 9 9 9 9 9 9 10 10 10 10 10 10 10 11 11 11 11 11 11 11 11 11 11 11 12 12 12 12 12 12 12 12 12 12 12 11 11 12 12 12 11 12 12 12 14 15 16 16 16 15 15 15 15 16 16 16 17 17 17 17 19 21 22 22 23 22 22 21 23 25 26 26
12 12 12 12 12 12 13 13 13 13 13 13 12 12 12 11 10 9 9 9 9 9 9 9 9 9 9 9 9 9 9 9 10 10 10 10 10 11 11 11 11 11 11 11 11 11 11 11 12 12 12 12 12 12 12 12 12 12 11 11 11 11 11 12 11 11 11 12 13 14 15 15 14 14 14 15 15 15 16 16 16 17 17 17 19 21 22 23 23 23 23 23 24 25 26 26
12 12 12 12 12 12 13 13 13 13 13 13 13 12 12 12 10 9 9 8 8 8 8 9 9 9 9 9 9 9 9 9 9 10 10 10 10 11 11 11 11 11 11 11 11 11 11 12 12 12 12 12 12 12 12 12 12 11 11 11 11 11 11 11 11 11 11 11 13 13 14 14 13 13 13 14 14 15 16 16 16 17 17 17 19 20 21 22 22 23 23 23 24 25 26 26
11 11 11 11 11 12 13 13 13 13 13 13 13 12 12 12 10 9 9 8 8 8 8 9 9 9 9 9 9 9 9 9 9 10 10 10 10 11 11 11 11 11 11 11 12 12 12 12 12 12 12 12 12 12 11 11 11 11 11 11 11 11 11 11 11 11 11 12 13 13 13 13 12 12 12 14 14 15 16 16 16 17 17 17 18 20 20 21 22 23 23 23 24 25 26 26
11 11 11 11 11 12 13 13 13 13 13 13 12 12 11 11 10 9 9 8 8 8 8 8 8 8 8 9 9 9 9 9 9 10 10 10 11 11 11 11 11 11 11 11 12 12 12 12 12 12 12 12 12 11 11 11 11 11 11 11 10 11 11 11 11 11 11 13 14 14 13 12 12 12 12 14 14 15 16 16 16 17 17 17 17 20 21 22 22 22 22 22 23 24 25 25
11 11 11 11 11 11 13 13 13 12 12 12 11 11 11 11 10 9 9 8 8 8 8 8 8 8 8 9 9 9 9 9 9 10 11 11 12 12 12 11 11 11 11 11 12 12 12 12 12 12 11 11 11 11 11 11 11 11 11 11 10 10 10 11 11 11 13 14 15 15 13 12 12 12 13 14 14 15 16 16 16 17 17 17 17 20 21 22 23 22 22 21 21 22 23 23
11 11 11 11 11 11 12 12 12 12 11 11 11 11 11 10 10 9 9 8 8 8 8 8 8 8 8 9 9 9 9 9 10 11 12 12 12 12 12 12 12 11 11 11 12 12 12 12 12 12 11 11 11 11 11 11 11 10 10 10 10 10 10 10 11 12 14 14 15 14 13 12 12 12 13 14 15 15 16 16 16 17 17 17 17 20 21 22 23 22 22 21 21 21 21 22
10 10 10 11 11 11 11 11 11 11 11 11 10 10 10 10 10 9 9 7 7 7 7 7 7 8 8 9 9 9 9 9 10 11 11 11 12 12 12 12 12 12 12 12 12 12 12 12 12 12 11 11 11 10 10 10 10 10 10 10 10 10 10 11 12 13 15 15 15 13 12 12 12 12 14 15 15 16 16 16 16 17 17 17 18 20 21 22 23 22 22 21 20 20 21 21
10 10 10 10 10 10 11 11 10 10 10 10 10 10 10 10 10 9 9 7 7 7 7 7 7 8 8 9 9 10 10 10 10 11 11 11 12 12 12 12 12 12 12 12 12 12 12 12 12 12 11 10 10 10 10 10 10 10 10 10 10 10 10 11 13 15 15 15 14 13 12 12 12 13 15 16 16 16 17 17 17 17 17 17 18 20 21 21 22 22 22 21 20 20 20 20
9 9 10 10 10 10 10 10 10 9 9 9 9 9 9 9 9 9 8 7 6 6 6 6 7 8 9 9 9 10 10 10 10 11 11 11 11 12 12 12 12 12 12 11 11 11 12 12 12 12 11 10 10 10 10 10 10 10 10 10 10 10 11 12 14 15 15 14 13 12 12 12 12 14 15 16 16 16 17 17 17 17 17 18 18 20 20 20 21 21 21 20 19 19 19 19
9 9 10 10 10 10 9 9 9 9 8 8 8 8 7 7 7 7 7 6 6 6 6 6 7 8 9 10 10 10 10 10 10 11 11 11 11 12 12 12 12 12 12 11 11 11 11 12 12 12 11 11 10 10 9 9 9 9 10 10 10 11 11 13 15 15 14 13 12 12 12 12 13 14 16 16 17 17 18 18 18 18 18 18 19 19 19 19 21 21 21 20 18 18 18 18
8 9 9 9 9 9 8 8 8 8 8 7 7 7 6 6 6 6 6 6 5 5 5 5 6 7 9 10 10 10 10 10 10 10 11 11 10 11 11 12 12 12 12 11 11 11 11 11 11 11 11 11 10 9 9 9 9 9 10 10 10 11 12 13 14 14 13 12 11 11 11 13 14 15 16 17 17 18 18 18 18 18 19 19 19 18 18 19 20 21 21 19 18 17 17 17
8 8 9 9 9 9 8 8 8 6 6 6 6 6 6 6 6 6 6 6 5 5 5 5 5 6 9 10 10 10 10 10 10 10 10 10 10 11 11 11 12 12 12 11 10 10 10 9 9 10 11 10 9 8 9 9 9 9 9 9 10 12 12 12 12 12 12 11 11 11 11 13 14 15 16 17 17 17 18 18 18 19 19 19 19 17 17 18 19 20 20 18 17 17 16 16
8 8 8 8 8 8 8 8 8 6 6 6 6 6 6 6 6 6 6 6 5 5 5 5 5 5 9 10 10 10 10 10 10 10 10 10 11 11 11 11 12 12 12 11 10 10 10 9 9 9 9 9 8 8 9 9 9 9 9 9 10 11 11 12 12 11 11 11 11 11 11 12 13 14 15 16 16 17 18 17 17 18 19 19 18 17 17 17 18 19 19 17 16 16 16 15
8 8 8 8 8 8 7 7 7 6 6 6 6 6 6 6 6 6 6 6 5 5 5 5 5 6 9 11 12 11 10 10 10 10 10 10 10 11 11 11 12 12 12 10 10 10 9 9 9 9 9 8 8 8 9 9 9 9 9 9 10 11 11 11 11 11 11 11 11 11 11 12 12 13 14 15 15 15 16 16 16 18 18 18 17 16 16 16 18 18 17 16 15 15 15 14
8 8 8 8 8 8 7 7 7 6 6 6 6 6 6 6 6 6 6 6 5 5 5 5 5 7 10 13 13 12 11 10 10 10 10 10 10 11 11 11 11 11 11 10 9 9 8 8 8 8 9 9 9 9 9 9 9 9 10 10 10 11 11 11 11 11 11 11 11 11 11 12 12 12 13 14 14 14 14 15 16 17 17 17 16 15 15 16 18 18 16 14 14 14 14 14
8 8 8 8 8 8 8 8 7 7 7 7 7 7 7 7 7 7 7 6 6 6 5 5 5 7 11 13 13 12 11 10 10 10 10 10 10 10 10 10 10 10 9 9 8 8 8 8 8 8 9 9 9 9 9 9 10 10 10 10 10 11 11 11 11 11 11 11 11 11 11 12 12 12 13 13 13 13 14 14 14 15 15 15 15 14 14 15 18 18 15 14 14 14 14 14
8 8 8 8 8 8 8 8 8 7 7 7 7 7 7 7 7 7 7 6 5 5 5 5 5 7 10 11 11 11 10 9 9 10 10 10 10 10 10 9 9 9 8 7 7 7 7 8 8 8 9 9 9 9 10 10 10 10 10 10 10 11 11 11 11 11 11 11 11 11 11 12 12 12 13 13 13 13 14 14 14 14 14 14 14 14 14 15 18 17 15 14 14 14 14 14
8 8 8 8 8 8 8 8 8 8 8 8 8 8 8 8 7 7 7 6 5 5 5 5 5 7 8 9 9 9 9 9 9 10 10 10 10 9 9 8 8 7 6 6 7 7 7 8 9 9 9 10 10 10 10 10 11 11 11 11 11 11 11 11 11 12 12 12 12 12 12 12 13 13 13 13 13 13 14 14 14 14 14 14 14 14 14 15 17 16 15 14 14 14 14 14
8 8 8 9 9 9 9 9 8 8 8 8 8 8 8 8 7 7 7 6 5 5 5 5 5 5 6 7 7 7 8 8 8 9 10 10 10 9 8 7 6 5 5 6 7 7 7 8 9 9 10 10 10 11 11 11 11 11 11 11 11 11 11 11 11 12 12 12 12 12 12 12 13 13 13 13 13 14 14 14 14 14 13 13 13 14 14 15 17 15 15 14 13 13 14 14
8 8 9 9 9 10 9 9 8 8 8 8 8 8 8 8 7 7 7 6 6 6 5 5 5 5 5 6 6 6 7 7 8 9 9 9 9 8 7 6 5 5 5 6 7 7 8 8 10 10 11 11 11 11 12 12 12 11 11 11 11 11 11 13 13 13 13 13 13 13 13 13 14 14 14 14 14 14 14 14 14 14 13 13 13 14 14 15 17 15 15 14 13 14 15 15
9 9 9 10 10 10 10 9 9 9 9 9 9 9 9 9 8 7 7 6 6 6 6 5 5 5 5 5 5 5 6 6 7 8 8 8 7 7 6 5 5 5 5 7 8 8 9 10 11 11 12 12 12 12 12 13 13 12 12 12 12 13 14 15 15 15 15 15 15 15 15 14 15 15 15 15 15 15 14 14 14 14 14 14 14 14 14 15 17 16 15 14 14 15 16 16
10 10 10 11 11 11 11 10 9 9 9 9 10 9 9 9 8 7 7 7 6 6 6 5 5 5 5 5 5 5 5 5 6 7 8 7 6 6 5 5 5 5 6 7 9 9 9 10 11 12 13 13 13 13 13 14 14 13 13 14 15 16 16 17 17 17 17 17 17 17 17 16 16 16 16 16 16 15 15 15 14 14 15 16 16 16 15 16 17 17 16 15 15 15 15 15
11 11 12 12 12 12 12 11 10 10 10 10 10 10 10 9 8 7 7 7 7 7 6 5 5 5 5 5 5 5 5 5 6 6 6 6 6 5 5 5 5 5 6 8 9 9 10 11 11 12 14 15 15 14 15 15 15 15 15 16 17 18 18 19 19 19 19 19 19 19 18 18 18 18 18 18 18 17 17 16 16 16 17 17 18 17 17 17 18 18 17 16 15 15 14 14
11 12 13 13 14 14 14 13 12 11 10 10 10 9 9 9 8 8 8 7 7 7 6 6 6 5 5 5 5 5 5 5 5 6 6 6 5 5 5 5 5 5 6 9 10 10 10 11 11 12 14 15 15 16 16 16 16 17 17 18 18 19 19 20 20 20 20 20 20 20 20 21 20 20 19 19 19 18 18 17 17 17 18 18 19 19 19 18 18 19 19 17 16 15 14 14
12 13 14 15 16 16 16 15 14 12 11 11 10 9 9 9 8 8 8 7 7 7 6 6 6 6 6 5 5 5 4 4 4 5 6 6 5 5 5 5 5 6 6 9 10 10 11 12 12 12 14 15 15 17 17 18 18 19 19 19 20 20 20 20 21 21 21 21 22 22 22 23 22 22 21 21 21 20 19 19 19 19 19 19 19 20 20 20 20 21 20 18 17 15 14 14
13 14 15 16 17 18 18 17 15 13 11 11 10 9 9 9 8 8 8 7 7 7 7 6 6 6 6 5 5 5 4 4 4 5 5 5 5 5 5 5 5 6 7 9 10 10 11 12 12 12 14 15 15 17 18 18 19 20 20 21 21 21 21 21 22 22 22 22 22 23 24 24 24 23 22 21 21 21 20 20 19 19 19 18 19 20 20 20 21 22 22 20 18 16 15 14
13 14 16 17 18 19 19 19 17 14 12 11 10 9 9 9 8 8 8 8 7 7 7 7 7 6 6 6 6 5 4 4 4 4 5 5 4 5 5 5 6 6 7 9 10 10 11 12 13 13 14 15 15 16 18 18 20 21 22 22 22 22 22 22 23 23 23 24 24 24 25 25 25 24 23 22 22 22 21 21 21 19 18 17 18 19 19 19 20 22 21 19 18 18 17 15
14 15 16 18 19 20 20 20 19 15 13 11 11 10 9 9 8 8 8 8 7 7 7 7 7 7 6 6 6 5 4 4 4 4 4 4 4 4 4 5 6 6 7 9 10 10 10 12 13 13 15 16 16 16 18 18 20 22 23 23 23 23 23 23 23 24 24 24 25 25 26 26 25 25 23 23 23 22 22 21 21 19 18 17 17 18 18 18 19 19 18 18 17 17 17 16
14 15 17 18 19 20 21 21 19 17 15 13 12 11 10 9 9 8 8 8 8 8 7 7 7 7 6 6 6 5 4 4 4 4 4 4 4 4 4 5 6 7 7 9 9 9 10 11 12 13 15 16 16 17 18 18 20 22 23 23 24 25 25 24 25 25 25 26 26 26 27 27 26 25 24 23 23 23 22 21 21 19 18 17 17 18 18 17 17 17 16 16 16 16 17 17
14 15 16 18 19 20 21 21 20 19 17 16 15 14 12 11 10 9 9 8 8 8 8 7 7 7 6 6 6 5 4 4 4 4 4 4 4 4 5 6 7 7 7 9 9 9 10 11 12 13 14 16 17 17 18 19 19 22 23 23 24 25 25 25 25 26 26 26 27 27 27 27 26 26 25 24 24 23 22 21 21 20 19 18 18 17 17 17 16 15 15 15 15 16 17 17
13 14 15 17 18 19 20 20 20 20 19 18 17 16 14 12 11 9 9 8 8 8 8 7 7 7 6 6 6 6 5 5 5 4 4 4 4 5 5 6 7 8 8 9 9 9 10 11 12 12 14 16 17 18 19 19 20 22 22 22 23 24 25 26 27 27 28 28 28 28 28 27 27 26 26 25 24 24 22 22 22 21 20 20 18 17 17 17 15 15 15 15 15 15 15 15
12 13 14 16 17 18 19 19 20 21 21 20 19 18 16 14 12 10 9 8 8 8 8 7 7 7 6 6 6 6 6 6 6 5 4 4 4 4 5 6 8 9 9 9 10 10 10 11 12 12 13 15 16 18 20 20 21 22 22 22 23 24 24 25 27 28 28 29 29 29 28 28 27 27 26 25 25 24 23 22 22 22 21 20 19 17 17 17 15 15 15 15 15 15 14 13
