geo_cache/6-4/elevation.txt
ncols         934
nrows         918
xllcorner     -71.03333333333333
yllcorner     42.752
cellsize      1.0E-5
NODATA_value  -9999
[rows 715 to 779 of 918, columns 0 to 95 of 934]
18 22 25 28 29 27 21 17 19 20 23 25 26 27 31 31 29 29 30 30 29 31 31 31 31 31 31 30 29 28 27 26 28 30 32 36 40 43 44 44 43 41 42 41 39 36 33 32 30 28 27 25 24 23 23 23 23 23 23 22 23 23 23 26 28 29 31 31 31 29 27 27 28 30 29 28 26 27 29 29 26 23 20 16 11 8 7 2 0 0 0 0 0 1 1 1
22 27 28 28 28 22 17 17 19 20 22 23 25 28 30 29 29 30 31 31 30 31 31 31 31 31 31 30 29 29 27 25 25 27 30 32 36 38 39 39 38 37 38 38 36 33 30 27 26 24 24 23 23 23 23 23 23 23 23 23 23 24 25 26 28 29 31 31 31 29 27 27 29 29 28 25 22 23 27 28 26 25 22 19 14 10 5 0 0 0 0 0 0 1 1 1
28 29 29 27 23 17 17 18 19 19 21 23 25 27 28 29 29 30 31 30 30 31 31 31 31 31 31 31 30 30 29 27 24 24 27 29 31 33 35 35 34 32 34 35 33 29 26 24 23 23 23 22 22 22 22 22 23 23 23 23 24 26 27 27 28 29 31 31 31 29 27 27 28 26 23 20 19 22 26 27 26 25 24 20 16 11 2 0 0 0 0 0 0 1 1 1
30 28 28 22 17 17 18 18 19 20 21 23 25 26 26 27 28 29 29 28 29 30 30 30 30 31 31 31 31 30 30 29 26 23 24 26 27 30 32 32 31 28 28 30 28 25 23 23 23 23 23 22 22 22 22 23 24 24 25 25 26 28 29 29 30 30 31 31 31 28 26 24 24 22 19 17 19 24 26 26 25 24 22 20 16 10 1 0 0 0 0 0 0 1 1 1
30 27 23 17 16 17 18 18 18 19 19 22 24 25 25 24 24 25 26 27 29 29 29 29 30 31 31 31 30 30 30 29 28 24 23 23 24 26 28 28 27 24 23 24 24 22 22 22 23 23 23 23 22 22 22 23 25 25 27 28 31 32 33 33 33 33 33 32 31 27 24 21 20 18 16 14 16 21 24 24 23 22 20 18 14 7 0 0 0 0 0 0 0 1 1 1
28 24 18 14 15 16 16 16 16 15 15 18 20 22 23 21 20 21 23 25 28 29 28 28 30 31 31 31 30 29 29 29 29 27 25 22 21 23 24 24 23 21 21 22 22 22 22 22 23 23 23 23 23 23 23 23 25 28 31 34 37 39 39 39 38 38 37 36 33 30 27 23 20 18 16 14 13 15 20 20 19 19 18 15 10 2 0 0 0 0 0 0 0 1 1 1
25 21 18 14 14 14 15 14 14 14 14 15 16 18 20 18 17 18 21 23 26 25 25 26 28 29 30 30 29 29 29 28 28 27 26 21 20 20 20 20 21 22 23 24 24 24 23 23 24 24 24 23 24 23 23 25 27 32 36 40 44 45 45 44 44 43 42 41 39 36 32 29 25 21 19 16 13 11 15 16 14 15 15 11 4 0 0 0 0 0 0 0 0 1 1 1
23 20 19 15 14 14 14 14 14 14 14 14 14 15 17 16 16 17 19 22 23 20 21 24 26 28 29 29 27 27 27 26 25 24 23 20 19 19 20 21 25 26 27 28 28 27 23 23 24 25 25 24 24 24 24 26 30 35 40 45 48 50 50 49 48 47 47 45 43 41 37 35 30 26 23 20 16 12 10 11 10 11 10 5 0 0 0 0 0 0 0 0 0 1 1 1
23 20 18 16 15 14 14 14 14 14 14 14 14 14 14 14 15 16 18 21 21 18 19 22 24 27 28 28 24 23 23 23 24 23 19 17 17 22 24 25 29 30 30 30 30 28 25 23 23 24 24 24 24 24 24 27 32 37 43 48 51 53 53 52 51 50 50 48 46 44 42 40 35 31 26 24 21 16 10 7 7 7 5 1 0 0 0 0 0 0 0 0 0 1 1 1
23 19 17 16 15 14 14 14 14 14 14 14 14 14 14 14 14 16 17 18 18 17 18 20 23 27 27 26 23 21 21 22 23 23 18 16 18 25 28 29 30 31 31 31 31 28 26 25 23 23 23 23 23 24 25 28 33 38 44 49 52 55 56 55 54 53 52 51 49 47 46 43 38 34 29 26 22 18 13 8 5 4 1 0 0 0 0 0 0 0 0 0 0 1 1 1
24 21 17 16 15 14 14 14 14 14 14 14 14 14 14 14 15 16 15 15 16 17 18 20 23 25 26 26 22 20 20 22 22 21 17 16 21 27 30 30 30 31 30 30 30 29 28 27 25 23 23 22 23 24 25 29 33 38 44 50 54 57 58 57 56 55 54 53 51 49 48 45 41 37 31 26 20 17 13 9 4 2 0 0 0 0 0 0 0 0 0 0 0 1 1 3
26 22 19 17 15 15 15 14 13 13 13 14 13 13 14 15 15 15 14 14 16 17 19 20 22 22 22 23 23 21 20 20 20 19 16 18 23 27 30 30 30 30 29 28 29 29 29 29 27 24 23 22 23 25 25 29 34 38 43 50 55 58 59 57 57 57 55 53 52 50 48 46 43 37 30 23 17 13 10 7 3 1 0 0 0 0 0 0 0 0 0 0 0 1 2 5
27 23 20 17 17 16 15 14 13 13 13 14 13 13 14 14 14 14 14 14 16 18 18 19 18 18 18 19 21 21 19 18 17 17 16 20 25 28 30 29 29 28 26 25 26 28 29 29 29 26 24 23 24 25 25 29 34 38 43 50 55 58 59 58 58 59 57 54 52 50 48 46 42 36 28 20 14 10 7 4 1 0 0 0 0 0 0 0 0 0 0 0 0 1 5 6
27 23 20 19 18 17 15 13 13 13 14 14 14 14 14 14 14 14 14 14 15 16 16 16 16 17 17 17 17 19 17 17 17 17 17 20 23 26 27 26 23 22 20 20 22 25 27 28 29 28 25 25 24 25 26 29 34 38 43 50 55 57 57 58 59 59 57 54 52 50 47 44 40 33 24 17 12 8 5 2 0 0 0 0 0 0 0 0 0 0 0 0 0 3 6 7
28 25 22 20 18 17 15 13 13 13 14 14 14 14 14 14 14 13 14 14 14 15 15 15 15 16 16 17 17 17 17 17 17 17 17 18 19 22 22 20 18 18 17 17 20 24 26 27 28 28 27 26 26 26 27 30 34 38 43 49 53 55 55 58 58 57 56 54 51 48 45 42 36 27 19 14 10 6 4 1 0 0 0 0 0 0 0 0 0 0 0 0 2 6 7 8
30 28 24 21 19 16 15 14 14 14 14 14 13 13 13 14 14 13 14 14 14 15 15 15 15 16 16 17 17 17 17 17 17 17 17 17 18 20 20 19 17 17 17 17 18 22 24 27 28 28 28 27 27 27 27 30 35 39 42 48 51 52 55 57 57 56 54 52 49 46 42 38 30 22 16 11 7 4 2 0 0 0 0 0 0 0 0 0 0 0 0 2 5 7 8 8
31 29 26 23 20 17 15 13 13 13 13 14 13 13 13 14 14 14 14 14 14 15 15 15 15 16 16 17 17 17 17 17 17 17 17 17 20 23 23 22 18 17 17 17 17 18 20 25 29 28 27 27 27 27 28 31 35 39 42 48 50 50 53 56 55 54 52 50 46 43 38 32 23 17 13 9 5 2 0 0 0 0 0 0 0 0 0 0 0 0 1 4 6 7 8 8
31 29 26 24 21 17 16 14 13 13 13 14 14 14 14 14 14 14 14 14 14 14 14 15 15 16 16 17 17 18 19 19 19 19 19 19 24 27 27 25 22 18 17 17 17 17 19 25 29 28 27 27 27 27 28 31 35 39 43 47 48 48 51 54 53 51 49 46 43 39 33 27 19 14 10 6 4 1 0 0 0 0 0 0 0 0 0 0 0 0 2 7 7 8 9 9
32 29 26 24 21 17 16 14 14 14 14 14 14 14 14 14 14 14 14 14 14 14 14 15 16 16 16 18 19 20 21 21 21 21 21 21 25 27 27 26 24 19 17 17 18 19 21 25 28 28 28 28 27 27 28 31 36 39 43 46 47 47 50 51 50 49 46 43 39 34 27 22 16 12 8 4 2 0 0 0 0 0 0 0 0 0 0 0 0 0 3 7 7 8 8 7
33 30 27 24 20 17 16 15 15 14 14 14 14 14 14 14 14 14 14 14 14 14 14 14 15 16 16 17 19 21 21 20 20 19 19 20 23 26 26 25 21 17 17 18 21 22 22 22 26 28 28 29 28 28 29 31 35 39 42 44 46 47 48 48 46 45 42 39 34 28 22 18 13 8 5 2 0 0 0 0 0 0 0 0 0 0 0 0 0 0 3 6 7 6 6 6
34 32 29 25 21 18 16 16 16 15 14 14 14 14 14 14 14 14 14 14 14 14 14 14 14 15 15 16 17 18 19 18 18 17 17 17 19 21 22 22 18 16 17 17 21 20 19 20 26 28 29 30 30 30 30 31 34 38 41 42 44 46 46 44 43 40 37 34 29 23 18 13 8 5 2 0 0 0 0 0 0 0 0 0 0 0 0 0 0 0 3 5 5 5 5 6
36 34 31 28 24 21 19 19 18 17 15 14 14 14 14 14 14 14 14 14 14 14 14 14 14 14 14 15 14 15 16 16 17 17 17 17 17 18 18 19 17 17 17 17 18 17 18 23 28 29 30 30 31 31 31 30 33 37 39 40 42 44 43 41 39 37 33 29 24 19 14 9 5 2 0 0 0 0 0 0 0 0 0 0 0 0 0 0 0 0 4 4 3 4 5 5
37 35 34 30 26 24 24 24 22 19 16 14 14 14 14 14 14 14 14 14 14 14 14 14 14 14 14 14 14 14 14 16 16 16 16 17 17 17 17 17 17 17 17 17 17 18 23 28 29 30 30 30 30 30 30 29 32 35 37 38 40 41 40 39 36 33 28 24 19 14 9 4 1 0 0 0 0 0 0 0 0 0 0 0 0 0 0 0 0 1 3 3 3 4 5 5
37 36 35 31 28 27 27 26 25 22 18 14 14 14 13 14 14 14 14 14 14 14 14 14 14 14 14 14 14 14 14 16 16 16 16 16 17 17 17 17 17 17 17 18 19 23 29 29 30 28 27 28 28 28 26 27 30 33 35 36 38 38 37 36 33 28 23 19 14 9 4 1 0 0 0 0 0 0 0 0 0 0 0 0 0 0 0 0 1 3 3 3 3 6 6 6
37 36 35 33 31 29 27 26 25 22 18 15 14 14 13 14 14 14 14 14 14 14 14 14 14 14 14 14 14 14 15 16 16 16 16 16 16 16 17 16 16 16 18 20 23 27 30 28 26 23 21 22 24 23 21 23 28 31 33 34 35 35 34 33 29 24 19 14 7 2 0 0 0 0 0 0 0 0 0 0 0 0 0 0 0 0 0 0 3 5 4 5 5 7 8 8
38 38 36 35 33 29 25 24 23 20 18 16 14 14 14 14 14 14 14 14 14 14 14 14 14 15 15 15 15 15 15 15 15 15 15 16 16 17 18 19 19 20 22 25 27 28 27 23 19 17 15 16 17 17 17 18 24 29 31 32 32 31 30 28 24 19 12 6 1 0 0 0 0 0 0 0 0 0 0 0 0 0 0 0 0 0 0 0 6 7 6 6 7 8 9 10
38 40 39 36 34 29 25 23 22 20 18 16 14 14 14 14 14 14 14 14 13 14 15 15 15 15 15 16 15 14 14 14 14 14 15 17 18 21 23 25 25 26 28 27 27 26 21 16 14 13 13 13 13 12 12 15 18 23 27 28 27 25 22 19 13 7 4 1 0 0 0 0 0 0 0 0 0 0 0 0 0 0 0 0 0 0 0 0 8 8 7 7 8 9 10 10
38 40 40 36 35 31 26 23 22 21 19 16 14 14 14 14 14 14 14 14 13 14 14 14 15 16 16 16 14 14 14 14 14 14 14 19 24 27 28 29 29 30 29 27 25 21 16 14 13 12 12 11 9 7 7 9 13 17 21 22 20 14 8 6 3 0 0 0 0 0 0 0 0 0 0 0 0 0 0 0 0 0 0 0 0 0 0 0 8 9 8 8 8 9 10 12
38 41 41 38 35 33 27 23 22 21 20 17 15 14 14 14 14 14 14 14 14 14 14 14 14 16 16 16 14 13 13 14 14 14 14 18 27 30 30 30 30 30 29 26 21 16 14 13 12 11 9 7 5 4 4 4 6 8 9 10 7 4 0 0 0 0 0 0 0 0 0 0 0 0 0 0 0 0 0 0 0 0 0 0 0 0 0 2 8 8 9 9 9 9 10 12
38 41 41 39 35 32 27 23 22 21 20 17 16 15 14 14 14 14 13 13 14 14 14 14 14 15 15 16 14 13 13 14 14 14 14 19 28 30 31 31 31 31 29 22 16 13 13 11 10 8 6 4 3 2 2 2 2 2 1 1 0 0 0 0 0 0 0 0 0 0 0 0 0 0 0 0 0 0 0 0 0 0 0 0 0 0 1 5 6 8 9 9 9 10 11 14
38 40 42 39 35 31 27 23 22 20 19 17 17 17 15 14 14 14 13 13 14 14 14 14 14 15 15 15 14 13 13 13 14 14 15 23 30 30 31 31 31 30 27 19 13 11 10 9 7 5 4 3 3 2 2 2 1 1 0 0 0 0 0 0 0 0 0 0 0 0 0 0 0 0 0 0 0 0 0 0 0 0 0 0 0 1 4 7 5 7 9 10 10 11 13 15
38 40 42 38 34 31 28 24 21 19 17 17 17 17 16 14 14 14 14 14 14 14 14 14 14 15 15 15 14 13 13 13 14 14 18 27 31 31 31 31 31 29 24 16 13 10 7 6 5 4 4 3 3 2 2 2 1 0 0 0 0 0 0 0 0 0 0 0 0 0 0 0 0 0 0 0 0 0 0 0 0 0 0 0 1 4 6 7 5 7 9 10 11 12 15 17
38 40 41 36 33 30 28 25 21 18 17 16 16 16 14 14 15 15 14 14 14 14 14 14 14 14 14 14 14 14 14 14 14 14 19 28 30 30 30 29 29 27 21 15 12 8 5 5 5 4 4 4 3 2 2 1 0 0 0 0 0 0 0 0 0 0 0 0 0 0 0 0 0 0 0 0 0 0 0 0 0 0 0 1 3 5 6 5 8 9 9 10 12 13 16 17
38 39 39 35 32 30 29 25 20 17 15 14 14 14 14 14 16 15 15 14 14 14 14 14 14 13 13 13 14 14 14 14 14 14 15 22 27 29 29 28 27 24 19 14 11 6 5 5 4 4 4 3 2 2 1 0 0 0 0 0 0 0 0 0 0 0 0 0 0 0 0 0 0 0 0 0 0 0 0 0 0 0 1 3 5 5 6 5 11 11 11 12 13 14 16 17
37 37 37 34 31 29 27 23 19 17 14 12 13 13 15 16 16 17 16 15 14 14 14 14 14 13 13 13 14 15 15 15 14 14 14 18 23 28 29 27 24 21 17 13 9 6 5 5 4 3 3 3 2 0 0 0 0 0 0 0 0 0 0 0 0 0 0 0 0 0 0 0 0 0 0 0 0 0 0 0 1 4 5 6 6 6 6 5 12 12 13 13 13 15 16 16
36 35 35 33 30 27 24 21 19 17 13 12 13 15 16 17 17 17 17 17 15 15 14 14 14 14 14 14 14 15 16 17 18 16 16 20 25 29 29 27 23 18 15 11 7 5 4 4 4 3 3 1 0 0 0 0 0 0 0 0 0 0 0 0 0 0 0 0 0 0 0 0 0 0 0 0 0 0 0 1 4 7 7 8 8 7 7 7 13 14 14 14 14 14 16 17
35 34 33 31 28 25 23 20 18 15 12 12 14 17 18 18 18 19 19 18 17 16 15 14 14 14 14 14 14 15 16 18 19 19 21 23 28 29 29 27 21 15 13 9 7 5 4 4 3 3 1 0 0 0 0 0 0 0 0 0 0 0 0 0 0 0 0 0 0 0 0 0 0 0 0 0 0 2 4 5 7 8 9 9 9 9 8 8 13 14 15 14 14 14 16 17
35 33 32 29 27 24 22 20 17 13 12 13 16 17 19 19 19 19 20 20 19 18 16 16 14 14 14 14 15 16 16 17 18 20 22 24 27 28 29 26 19 14 11 8 7 5 4 4 3 1 0 0 0 0 0 0 0 0 0 0 0 0 0 0 0 0 0 0 0 0 0 0 0 0 0 1 3 4 6 7 8 9 9 10 11 11 10 10 14 14 15 16 15 15 16 18
35 32 32 29 26 23 21 18 15 13 12 14 16 17 19 19 19 19 21 23 23 22 18 17 16 15 15 15 16 16 16 17 18 19 21 24 25 26 28 26 17 12 9 7 6 5 4 3 1 0 0 0 0 0 0 0 0 0 0 0 0 0 0 0 0 0 0 0 0 0 0 0 0 0 2 4 6 6 6 8 9 9 10 11 12 12 12 11 14 15 16 16 16 17 19 20
35 32 30 28 25 22 19 16 13 13 14 15 16 18 20 22 23 23 24 26 27 25 22 20 19 18 17 17 17 17 18 18 18 19 21 24 24 24 26 23 15 11 8 5 5 4 3 2 0 0 0 0 0 0 0 0 0 0 0 0 0 0 0 0 0 0 0 0 0 0 0 1 0 1 5 6 8 8 8 8 10 10 11 11 13 13 13 12 16 16 17 17 18 20 22 23
34 31 29 27 23 21 18 14 13 14 17 19 20 22 25 27 26 27 27 28 29 28 26 25 24 22 21 19 18 18 18 19 19 19 22 23 22 22 20 18 13 9 6 4 4 4 2 0 0 0 0 0 0 0 0 0 0 0 0 0 0 0 0 0 0 0 0 0 0 1 1 2 2 4 6 7 9 9 10 10 10 10 11 12 13 13 13 13 16 17 18 19 21 24 26 27
33 30 28 25 22 20 17 13 13 17 21 22 24 27 29 28 28 29 30 29 29 30 29 28 27 26 25 24 22 22 20 20 20 21 23 23 21 18 15 13 10 7 5 4 3 2 1 0 0 0 0 0 0 0 0 0 0 0 0 0 0 0 0 0 0 0 0 1 1 3 4 4 4 5 7 9 10 11 12 12 11 11 11 13 13 13 13 14 18 19 19 20 23 27 29 30
32 28 26 23 21 19 16 13 15 20 24 24 26 28 29 29 29 29 30 30 30 30 30 31 30 30 30 29 28 27 25 24 23 22 23 22 19 15 13 11 9 7 5 4 2 0 0 0 0 0 0 0 0 0 0 0 0 0 0 0 0 0 0 0 1 1 2 3 3 4 5 5 5 6 9 11 12 12 13 13 12 12 12 13 13 13 14 14 22 21 21 21 25 29 32 33
32 28 25 22 20 18 14 13 16 22 26 26 27 28 29 29 29 30 30 30 31 31 31 32 33 35 35 35 34 33 32 30 28 24 21 19 17 14 12 10 9 7 4 3 1 0 0 0 0 0 0 0 0 0 0 0 0 0 0 0 0 0 1 2 3 3 4 4 5 6 7 7 5 6 10 12 13 14 15 15 14 14 14 14 14 14 14 15 25 24 22 22 26 30 34 35
32 30 26 23 19 16 13 13 16 23 28 28 27 27 29 29 29 30 30 30 31 32 32 34 36 39 41 41 42 41 39 37 33 28 22 20 17 14 12 10 9 7 4 2 0 0 0 0 0 0 0 0 0 0 0 0 0 0 0 0 1 1 2 3 3 4 5 6 7 8 9 9 6 6 10 12 13 15 16 16 15 15 15 15 15 15 16 17 26 25 23 23 26 31 35 35
33 31 28 24 18 15 13 13 16 23 28 29 28 28 29 30 30 30 31 31 30 32 33 36 39 43 46 47 48 47 46 44 40 34 28 24 20 15 12 10 9 6 3 1 0 0 0 0 0 0 0 0 0 0 0 0 0 1 1 2 3 3 4 4 4 6 7 9 10 11 12 11 7 5 7 9 11 13 16 16 16 16 16 16 16 16 19 21 25 23 22 23 26 31 35 35
33 29 26 21 16 13 13 13 15 22 28 29 29 29 29 30 30 31 31 31 30 32 33 37 42 46 49 50 52 53 52 50 47 42 36 30 25 18 13 10 8 5 1 0 0 0 0 0 0 0 0 0 0 0 0 0 1 2 2 3 4 4 5 5 5 7 9 11 12 12 12 12 9 7 6 6 9 13 15 16 16 16 16 17 17 18 21 24 22 21 21 23 26 31 34 35
31 27 22 18 15 13 13 13 15 22 27 30 29 29 29 29 30 30 31 31 31 32 34 38 43 47 51 53 55 56 56 55 53 48 43 37 30 22 15 9 6 2 0 0 0 0 0 0 0 0 0 0 0 0 1 1 3 3 3 4 4 4 5 6 7 9 10 12 12 13 13 13 12 12 8 6 7 11 14 15 16 16 16 17 18 19 22 25 17 19 22 24 26 29 32 33
29 24 19 16 14 13 13 13 17 24 28 30 29 29 29 29 29 30 31 31 32 33 34 38 42 47 51 53 56 57 57 58 57 53 49 43 35 25 15 8 3 0 0 0 0 0 0 0 0 0 0 0 0 1 3 3 4 4 4 5 5 6 7 8 9 10 11 12 13 14 14 14 14 15 11 8 7 10 13 14 15 16 16 17 18 19 22 25 16 19 24 26 28 29 31 32
28 22 17 14 13 13 13 13 20 27 29 29 29 29 29 30 30 30 31 31 32 33 35 38 41 45 50 52 54 56 56 58 58 55 51 46 36 25 14 4 0 0 0 0 0 0 0 0 0 0 0 0 1 2 3 4 4 4 4 5 6 7 8 9 9 10 12 13 15 15 15 15 15 15 13 10 8 8 11 13 15 15 15 16 16 17 19 22 19 21 25 27 28 29 31 31
27 20 17 14 13 12 12 14 22 27 29 29 29 29 30 31 31 30 32 32 32 33 36 37 40 42 46 49 51 53 53 54 54 52 49 42 32 19 6 0 0 0 0 0 0 0 0 0 0 0 0 0 2 3 3 4 4 5 5 6 8 8 9 10 11 11 12 15 17 16 16 16 16 15 13 11 8 8 11 13 14 14 15 14 14 14 15 17 23 25 27 28 28 30 31 31
26 20 17 15 13 12 12 16 24 27 28 30 30 30 30 31 31 31 32 32 32 33 35 37 37 38 41 44 47 48 47 48 48 46 42 34 22 8 1 0 0 0 0 0 0 0 0 0 0 0 0 0 2 4 4 4 5 6 7 7 9 9 10 11 11 12 13 16 17 17 16 16 16 14 13 11 8 8 12 14 14 14 13 13 13 13 14 14 25 27 28 29 29 31 31 31
25 20 18 15 13 13 14 19 26 28 29 30 30 30 30 30 30 31 32 32 31 31 33 34 32 33 35 38 40 40 40 40 39 37 31 20 8 1 0 0 0 0 0 0 0 0 0 0 0 1 3 2 2 3 3 4 6 7 8 8 9 10 11 11 12 12 14 16 17 17 16 16 15 14 12 10 8 8 12 14 14 12 12 12 12 13 14 16 26 28 29 31 31 31 31 31
23 19 15 13 13 13 17 23 27 28 29 29 29 29 30 30 30 31 32 32 31 30 30 30 28 28 29 30 31 30 30 29 28 25 15 5 1 0 0 0 0 0 0 0 0 0 0 0 0 2 3 3 3 3 3 3 4 7 8 9 10 10 11 12 12 13 15 16 16 17 16 16 15 13 12 10 7 7 10 13 13 11 11 12 12 14 16 20 27 29 31 32 32 32 32 32
23 17 13 13 13 13 16 22 26 28 28 28 26 26 29 30 30 31 31 31 30 29 27 26 24 24 22 21 21 20 20 19 16 10 3 0 0 0 0 0 0 0 0 0 0 0 0 0 1 3 4 5 5 4 4 5 4 5 7 7 9 10 11 12 12 13 14 15 16 16 16 16 15 13 12 11 9 7 8 10 11 11 11 13 15 17 19 21 28 30 32 33 33 32 32 32
21 16 13 13 13 13 15 20 24 27 26 25 23 24 29 30 30 31 31 31 30 28 26 24 22 19 16 14 14 13 12 10 6 1 0 0 0 0 0 0 0 0 0 0 0 0 1 2 4 4 4 5 6 6 7 8 6 5 5 7 8 9 11 12 12 13 14 15 15 16 16 16 15 13 12 12 9 8 8 9 10 10 12 15 18 20 22 23 29 30 33 34 34 32 32 32
18 15 13 13 13 13 14 18 22 25 24 21 21 26 29 31 31 31 30 28 27 27 25 24 22 16 12 10 9 9 7 5 1 0 0 0 0 0 0 0 0 0 0 0 0 0 4 4 5 5 5 5 6 8 10 11 8 5 5 5 7 9 11 12 12 13 14 15 15 15 15 15 15 13 12 12 11 10 9 9 10 11 13 16 19 23 25 26 29 30 33 34 34 33 32 32
17 14 13 13 13 13 13 16 20 22 22 19 21 26 30 31 31 30 28 24 22 22 21 20 18 13 10 8 7 6 4 2 0 0 0 0 0 0 0 0 0 0 0 0 0 2 5 5 5 5 5 6 7 9 10 10 8 5 5 5 7 8 11 12 12 13 14 14 14 14 14 14 14 13 13 13 12 11 11 10 10 11 13 17 20 24 26 27 28 29 31 32 33 33 33 33
17 13 13 13 13 13 13 16 17 18 18 16 20 26 29 29 30 30 26 20 16 16 15 14 13 11 9 7 6 4 2 0 0 0 0 0 0 0 0 0 0 0 0 0 1 5 5 5 5 6 7 7 8 9 9 9 8 6 5 5 7 8 11 12 12 13 13 14 14 14 13 13 13 13 13 13 14 14 14 13 12 12 13 15 20 24 26 27 29 29 31 31 32 33 33 33
17 14 13 13 13 13 13 13 14 14 14 13 18 25 29 29 29 29 25 18 13 11 11 10 9 8 7 6 5 3 2 0 0 0 0 0 0 0 0 0 0 0 0 0 3 6 6 6 6 7 7 8 10 10 10 9 7 6 5 5 7 8 11 12 12 12 13 13 13 13 13 13 12 12 13 13 15 17 17 16 15 15 14 15 19 22 25 27 29 30 30 30 31 31 32 32
17 15 13 13 13 13 13 13 13 13 13 13 16 23 26 28 28 28 25 19 14 10 9 9 8 7 6 5 4 3 0 0 0 0 0 0 0 0 0 0 0 0 0 1 5 6 7 7 7 8 8 10 13 12 10 9 7 7 6 5 6 7 9 10 11 11 12 13 13 13 12 12 12 12 13 13 14 17 18 19 20 18 16 16 19 21 24 27 29 29 30 30 30 31 31 31
17 16 14 13 13 13 13 13 13 13 13 13 14 19 22 25 26 28 26 21 16 13 10 9 8 6 6 5 3 2 0 0 0 0 0 0 0 0 0 0 0 0 0 3 5 7 7 7 8 8 8 11 16 14 11 10 9 8 8 7 6 7 8 8 9 10 11 11 12 11 11 11 11 12 13 13 14 17 19 23 24 23 21 19 20 23 27 29 27 27 28 29 29 29 30 30
18 16 15 13 13 13 13 13 13 13 13 13 13 15 18 22 25 27 26 24 19 16 12 11 10 8 6 5 4 2 0 0 0 0 0 0 0 0 0 0 0 0 0 5 6 7 7 7 8 8 8 11 15 14 12 11 9 9 9 8 8 8 8 8 8 9 10 10 11 11 11 11 11 12 12 12 13 16 19 23 25 26 25 23 22 24 28 31 26 26 27 29 29 29 29 29
19 16 14 13 13 13 13 13 13 13 13 13 13 13 16 21 25 28 29 26 22 18 14 12 11 8 7 5 4 2 0 0 0 0 0 0 0 0 0 0 0 0 0 6 6 7 8 8 8 8 9 11 15 15 14 12 10 9 9 9 9 9 8 8 8 9 10 10 10 10 11 11 11 11 11 11 12 15 19 23 25 26 26 25 25 26 28 29 26 26 27 29 29 28 28 28
21 17 15 13 13 13 13 13 13 13 13 13 13 13 14 20 26 29 29 27 23 19 16 13 11 8 7 5 4 2 0 0 0 0 0 0 0 0 0 0 0 0 0 6 6 7 8 8 9 9 10 12 15 15 15 13 10 10 10 10 10 10 9 9 9 9 10 10 10 10 11 11 11 11 11 11 12 14 17 20 23 24 24 24 25 26 27 27 26 26 27 29 29 29 28 28
