geo_cache/6-4/elevation.txt
ncols         934
nrows         918
xllcorner     -71.03333333333333
yllcorner     42.752
cellsize      1.0E-5
NODATA_value  -9999
[rows 260 to 324 of 918, columns 288 to 383 of 934]
27 25 24 22 21 20 19 19 19 19 19 19 19 18 18 18 18 18 18 19 19 19 19 19 18 17 16 15 15 15 15 15 15 15 15 15 15 16 16 17 18 18 20 22 23 25 26 26 26 24 23 23 24 26 27 28 28 29 29 29 29 29 29 29 28 28 27 27 25 23 21 20 19 17 16 15 15 16 17 17 18 19 19 19 19 19 19 19 20 20 20 21 21 21 22 23
27 25 23 22 21 20 20 20 19 19 20 20 20 19 19 18 18 18 19 19 19 19 18 18 17 16 15 14 14 15 15 15 15 15 15 15 15 15 15 16 17 18 19 20 21 22 23 24 23 22 21 21 22 23 25 26 27 27 27 28 28 28 28 28 29 29 28 28 27 25 23 22 21 19 18 17 16 17 17 17 18 19 18 18 19 19 19 19 19 19 20 21 21 21 22 23
27 25 23 22 21 20 20 20 20 20 21 21 20 20 20 19 19 19 19 19 19 19 17 17 17 16 15 14 14 15 15 15 15 15 15 15 15 15 15 16 17 17 18 18 19 20 20 21 20 20 19 20 20 22 24 24 25 25 26 26 27 26 26 26 27 28 28 29 28 27 26 24 23 21 20 19 18 18 18 18 18 18 18 18 18 18 18 18 18 19 20 21 22 22 22 23
29 27 24 22 21 21 20 20 20 21 21 22 21 21 21 21 20 20 20 20 19 19 18 16 16 15 15 15 15 15 15 15 16 15 15 15 15 15 15 15 17 17 17 17 17 18 18 18 18 18 18 19 19 21 22 23 23 23 24 25 26 25 24 24 25 26 27 29 29 29 28 26 25 24 22 21 20 19 19 19 19 18 17 17 17 17 17 17 18 18 20 21 22 22 23 22
31 28 25 23 22 21 21 21 22 22 23 23 23 22 23 22 22 21 21 20 18 18 18 17 16 15 15 15 15 15 17 17 16 16 16 15 15 15 15 15 17 17 17 17 17 17 17 17 17 17 18 19 19 20 21 21 21 22 23 24 24 24 24 22 23 24 25 27 29 29 30 28 27 26 24 23 21 20 20 20 19 18 17 17 17 17 17 17 18 19 21 22 22 22 23 22
32 30 27 25 23 22 22 23 23 24 24 25 25 25 25 24 23 22 20 19 18 18 17 17 16 15 15 15 15 16 18 18 17 16 16 16 15 15 15 16 17 17 17 17 17 17 17 17 17 17 18 18 18 19 20 20 20 21 21 23 24 24 23 22 22 22 23 25 27 29 30 29 29 27 26 25 23 22 22 21 20 18 17 17 17 17 17 17 18 19 21 23 23 23 22 21
33 31 29 26 24 24 24 25 25 26 26 27 27 27 27 26 24 22 20 18 18 18 17 16 16 16 15 15 15 17 17 17 18 17 17 16 16 16 16 16 17 17 17 17 17 17 17 17 17 17 17 17 18 19 19 18 19 19 20 21 22 22 22 21 21 21 22 23 26 28 30 30 30 28 27 27 26 24 24 23 22 20 19 17 17 17 17 17 17 19 21 21 22 22 21 20
34 32 30 27 26 25 26 26 27 28 29 29 29 29 28 27 25 23 21 19 18 18 17 16 16 16 16 16 16 17 17 17 18 18 18 17 16 16 16 16 17 17 17 17 17 17 17 17 17 17 17 17 17 18 18 18 18 19 19 20 21 21 21 21 21 21 21 22 24 27 29 30 30 29 29 28 28 27 26 25 24 22 21 19 17 17 17 16 16 17 19 20 20 20 20 18
33 32 30 28 27 27 27 28 29 29 30 30 30 29 29 27 25 23 22 19 18 18 17 16 16 16 16 16 16 17 17 17 17 18 18 18 16 16 16 16 16 16 17 17 17 17 17 17 17 17 17 17 17 17 17 17 17 18 19 19 19 20 20 20 20 20 20 22 24 26 28 30 30 31 31 30 30 29 28 27 26 25 23 21 19 17 17 16 16 16 17 18 18 18 18 17
31 31 30 29 28 28 29 30 30 30 30 31 30 29 29 27 24 23 21 19 18 17 17 16 16 16 17 17 17 17 17 17 17 18 18 18 16 16 16 16 16 16 17 18 18 19 19 18 17 17 17 17 17 17 17 17 17 18 19 19 19 20 20 20 20 20 20 21 23 25 27 29 30 31 31 31 31 30 30 30 29 27 25 23 21 19 18 16 16 16 16 17 17 17 17 16
29 30 30 30 30 30 30 31 31 30 29 29 29 28 28 26 23 22 20 18 17 17 16 16 16 16 17 17 17 17 17 17 17 18 18 18 17 16 16 16 16 16 17 17 18 19 19 19 18 17 17 17 17 17 17 17 17 17 18 18 19 19 19 19 19 19 19 21 22 23 25 27 30 32 33 33 33 32 32 32 31 29 28 26 24 21 20 18 16 16 16 15 15 15 15 15
28 29 30 30 30 31 31 31 30 28 27 27 27 27 26 25 23 20 19 17 16 16 16 16 16 16 17 18 18 17 17 17 17 18 18 18 17 17 17 16 17 17 17 17 18 18 19 19 19 18 17 17 17 17 17 17 17 17 17 17 18 19 19 19 19 19 19 20 21 22 24 27 29 32 34 34 34 33 33 33 32 31 29 28 26 24 22 19 17 17 16 15 15 15 15 15
27 28 28 28 29 29 29 29 28 27 25 25 25 25 24 24 22 20 18 17 16 16 16 16 16 17 17 17 17 18 18 18 18 18 18 18 17 17 17 17 17 17 17 17 17 17 18 18 18 18 17 17 17 17 17 17 17 17 17 17 18 18 18 18 18 18 19 20 20 21 23 27 30 32 34 35 35 34 34 34 33 31 31 29 28 25 23 21 19 18 16 15 15 15 15 14
25 26 27 27 27 27 27 27 26 25 23 23 23 23 23 22 21 19 18 16 16 16 16 17 17 17 17 17 17 18 19 19 19 18 18 17 17 17 17 17 17 17 17 17 17 17 17 18 18 18 18 17 17 17 17 17 17 17 17 17 18 18 18 18 18 18 19 20 20 20 23 27 30 32 34 35 35 34 34 34 33 31 31 30 28 26 24 22 20 19 17 15 15 15 15 13
24 25 26 26 26 27 26 26 25 23 23 23 23 22 22 21 20 19 18 16 16 16 16 17 17 17 17 17 17 18 19 19 19 18 18 17 17 17 17 17 17 17 17 17 17 17 17 18 18 18 18 17 17 17 17 17 17 17 17 17 18 18 18 18 18 18 19 20 20 20 23 27 29 32 34 35 35 35 34 34 33 31 30 30 28 27 25 23 21 19 18 16 16 17 16 14
23 24 24 24 24 24 25 24 23 22 21 21 21 21 20 20 19 17 17 16 16 16 16 17 17 17 17 18 18 18 18 18 19 18 18 17 17 17 17 17 17 17 17 17 17 17 17 18 18 18 18 18 17 17 17 17 17 17 17 17 17 17 17 18 18 18 19 20 20 20 22 25 29 31 33 33 34 34 34 33 33 31 30 30 28 27 26 24 21 20 18 17 16 16 16 14
21 21 21 21 21 21 22 21 22 21 20 20 19 19 19 18 17 17 17 16 16 16 16 17 17 17 17 18 18 18 18 18 19 18 18 17 17 17 17 17 17 17 17 17 17 17 17 17 17 18 18 18 18 17 17 17 17 17 17 17 17 17 17 18 19 19 19 20 20 20 22 25 27 29 31 32 33 32 33 33 32 31 30 30 28 27 25 23 21 20 19 17 16 16 15 13
19 19 18 18 18 18 19 19 20 19 18 18 17 17 17 17 17 17 17 16 16 16 17 17 17 17 18 18 18 18 18 18 19 18 18 18 18 17 17 17 17 17 17 17 17 17 17 17 17 18 18 18 18 18 18 17 17 17 17 17 17 17 17 18 19 19 19 20 20 20 21 24 26 28 30 30 31 31 31 31 31 30 30 29 27 26 24 22 20 19 18 16 15 14 13 12
19 18 17 17 17 17 17 17 18 18 17 17 17 17 17 17 17 17 17 17 17 17 17 17 17 17 17 17 17 18 19 19 19 18 18 18 18 17 17 17 17 17 17 17 17 17 17 17 17 17 18 18 18 19 18 18 18 17 17 17 17 17 17 17 18 18 19 20 20 20 22 24 25 26 28 28 29 29 30 30 30 29 29 28 26 25 23 21 19 18 17 15 14 13 12 11
19 18 17 17 17 16 16 16 17 17 17 17 17 17 17 17 17 17 17 17 17 17 17 17 17 17 17 17 17 18 18 18 18 19 19 19 18 18 18 17 17 17 17 17 17 17 17 17 17 17 18 18 18 19 19 19 19 17 17 17 17 17 17 17 18 18 19 21 21 21 22 23 24 25 25 26 27 28 28 29 29 28 27 27 25 24 22 20 18 16 15 13 12 12 12 12
20 18 17 17 17 16 16 16 16 17 17 17 17 17 17 16 16 16 16 17 17 17 17 17 17 17 17 17 17 18 18 18 18 19 19 19 19 18 18 17 17 17 17 17 17 17 17 17 17 17 18 18 18 19 20 20 20 18 17 17 17 17 17 17 18 18 19 22 22 22 22 23 23 24 24 25 26 27 27 28 28 27 26 26 24 22 20 19 17 14 12 11 12 12 13 13
20 19 17 17 17 16 16 16 16 16 16 17 17 17 17 16 16 16 16 16 16 16 17 17 17 17 17 17 17 18 18 18 18 20 20 20 19 19 19 18 17 18 18 18 17 17 16 16 16 17 17 18 18 19 20 20 20 18 17 17 17 17 17 18 19 20 21 22 22 22 22 22 22 22 23 24 25 25 25 26 26 26 25 24 23 21 19 18 16 13 11 11 12 14 15 16
18 18 17 17 17 16 16 16 16 16 16 17 17 17 17 16 16 16 16 16 16 16 17 17 17 17 17 17 17 18 18 18 19 20 20 20 20 19 19 19 19 19 20 19 17 17 16 16 16 16 17 17 17 18 19 19 20 18 17 17 17 18 19 19 20 20 21 22 22 22 22 21 21 21 22 23 23 24 24 25 25 25 24 23 21 19 17 16 14 12 11 12 14 16 18 18
18 18 17 17 17 16 16 16 16 16 16 17 17 16 16 16 16 16 16 16 16 16 17 17 17 17 17 17 17 18 18 18 18 19 19 20 20 20 20 20 20 20 21 20 19 17 16 16 16 16 17 17 17 18 18 19 19 19 18 18 18 20 20 21 21 21 21 21 21 21 21 21 21 21 21 21 22 22 22 23 23 23 22 21 20 18 16 14 12 12 12 13 16 19 20 20
18 18 18 18 17 17 17 17 17 17 17 17 17 16 16 16 16 16 16 16 16 16 17 17 17 17 17 17 17 17 18 18 18 19 19 19 21 21 21 21 21 21 22 21 19 18 17 17 17 17 17 17 17 18 18 18 19 19 19 19 19 21 21 21 20 20 20 20 20 19 19 20 20 20 20 21 21 21 21 21 21 21 21 20 18 16 15 13 13 13 13 15 17 19 20 20
20 19 18 18 17 17 17 17 17 17 17 17 17 16 16 16 16 16 16 17 17 17 17 17 17 17 17 17 17 17 17 17 17 18 18 19 20 21 21 22 22 23 24 23 21 19 18 17 17 17 17 17 17 18 18 18 19 20 19 19 20 21 21 20 19 19 19 18 18 18 18 18 19 19 20 20 20 20 19 19 19 19 19 18 17 15 14 13 13 13 14 16 17 19 19 19
20 20 18 18 17 17 17 17 17 17 17 17 17 17 17 17 17 17 17 17 17 17 17 17 17 17 17 17 17 17 17 17 17 18 18 19 20 21 21 22 23 24 25 25 24 22 21 19 19 18 17 17 17 18 19 19 19 19 19 19 20 20 20 20 18 18 18 17 17 17 17 18 18 19 20 20 20 19 18 17 17 17 17 16 16 14 14 14 13 14 15 17 18 18 19 18
20 19 18 18 17 17 17 17 17 17 17 17 17 17 17 17 17 17 17 17 17 17 17 17 17 17 17 17 17 17 17 17 17 17 17 18 20 21 21 22 24 24 25 26 26 25 24 22 21 20 19 18 17 18 19 19 19 19 18 18 18 19 19 19 18 18 17 17 17 17 17 17 18 18 20 20 20 18 17 16 16 16 15 15 15 13 13 13 14 15 17 18 18 18 18 18
20 19 18 18 17 17 17 17 17 17 17 17 17 17 17 17 17 17 17 17 17 17 17 17 17 17 17 17 17 17 17 17 17 17 17 18 20 21 21 22 24 25 27 27 27 27 26 25 24 23 22 20 19 18 19 19 19 19 18 18 17 17 18 18 18 18 17 17 16 16 16 16 17 18 20 20 20 17 16 16 15 14 14 14 13 13 13 13 15 17 19 19 18 18 17 17
20 18 18 18 17 17 17 17 17 17 17 17 17 17 17 17 17 17 17 17 17 17 17 17 17 17 17 17 17 17 17 17 17 17 17 18 20 21 21 22 24 25 27 28 28 28 28 28 27 26 24 23 21 20 20 20 20 18 17 17 17 17 17 17 18 18 17 16 16 16 16 16 16 18 19 19 19 17 16 16 14 14 14 14 13 14 14 14 16 17 19 19 18 17 17 17
19 18 18 18 17 17 17 17 17 17 17 17 17 17 17 17 18 17 17 17 17 17 17 17 17 17 17 17 17 17 18 18 18 18 18 18 20 21 21 22 23 25 27 29 29 30 30 30 29 28 26 25 24 22 21 20 20 18 17 17 17 17 17 17 17 17 17 16 15 15 15 15 16 17 17 18 18 18 17 16 14 14 14 14 14 14 14 14 15 16 18 18 17 15 15 15
19 18 18 18 18 18 18 17 17 17 17 17 18 18 18 18 18 18 18 17 17 17 17 17 17 18 18 18 18 18 18 19 19 19 19 19 20 21 21 22 22 23 25 27 29 30 31 31 30 30 28 27 26 24 23 21 20 17 17 17 17 17 17 17 17 17 17 16 15 15 15 15 15 15 16 17 17 18 17 16 15 14 14 14 14 14 14 14 14 15 16 15 15 15 15 15
20 19 18 18 18 19 20 18 18 18 18 18 18 18 18 18 18 17 17 17 17 17 17 17 17 18 19 19 19 19 19 20 20 20 20 20 20 21 21 21 22 22 24 27 29 30 32 32 32 32 31 29 28 26 24 22 20 19 18 17 17 17 17 17 17 17 17 16 15 15 15 15 15 15 15 15 15 16 17 17 16 15 14 14 14 14 14 14 14 14 14 14 14 14 14 14
21 21 20 19 19 21 21 19 19 19 19 19 19 19 19 18 17 17 17 17 17 17 17 18 18 18 19 19 19 20 20 20 20 20 20 20 20 20 20 21 21 22 23 25 27 29 31 33 33 33 32 31 29 28 26 24 22 21 19 18 17 17 17 17 17 17 17 16 16 16 15 15 15 14 14 14 14 16 17 17 17 15 14 14 14 14 14 14 14 14 14 14 14 14 14 14
22 22 22 20 20 21 21 20 19 19 19 19 19 18 18 17 17 17 17 17 17 17 17 18 18 18 19 19 19 19 19 19 19 19 19 19 19 19 20 20 20 20 21 23 25 28 30 33 33 35 34 33 31 29 27 25 24 22 21 19 18 17 17 17 17 17 17 16 16 16 15 15 15 14 14 14 14 14 15 16 16 15 14 14 14 14 14 14 14 14 14 14 14 14 14 15
23 23 22 21 21 21 20 20 20 20 20 20 18 18 18 17 17 17 17 17 17 17 17 18 18 18 18 18 18 19 19 19 19 19 19 19 19 19 19 19 20 20 20 21 23 26 28 31 33 35 35 33 32 30 28 27 25 24 22 20 19 18 18 18 17 17 17 16 16 16 16 15 15 14 14 14 14 14 15 15 15 14 14 14 14 14 14 14 14 14 14 14 14 14 14 16
23 23 22 21 21 21 21 21 20 20 20 19 18 17 17 17 17 17 17 17 17 17 17 18 18 18 18 18 18 18 18 18 18 18 18 19 18 18 18 19 19 19 19 21 22 23 26 29 32 34 34 33 33 31 30 29 27 25 24 22 21 20 19 18 17 17 17 16 16 16 16 15 15 14 14 14 14 14 14 14 14 14 14 14 14 14 14 14 14 14 14 14 14 14 14 17
24 24 22 21 21 21 21 21 21 20 20 19 18 17 17 17 17 17 17 17 17 17 17 17 17 17 17 17 17 17 17 17 17 18 18 18 18 18 18 18 19 19 19 20 21 22 25 27 30 32 32 33 33 31 30 30 28 27 26 24 23 22 20 19 18 18 17 17 16 16 16 15 15 15 14 14 14 14 14 14 14 14 14 14 14 14 14 14 14 14 14 14 14 14 14 16
25 24 24 23 22 22 22 23 23 22 21 21 20 19 17 17 17 17 17 17 17 17 17 17 17 17 17 17 17 17 17 17 17 17 17 17 17 17 17 18 18 18 19 19 20 21 23 25 27 29 30 31 31 31 30 30 30 29 28 26 25 24 22 20 19 18 17 17 17 17 16 15 15 15 14 14 14 14 14 14 14 14 14 14 14 14 14 14 15 16 16 16 15 14 14 14
26 25 25 25 24 24 24 25 25 24 23 22 21 20 18 17 17 17 17 17 18 19 18 17 17 17 17 17 17 17 17 17 17 17 17 17 17 17 17 18 18 18 18 19 20 20 22 23 24 26 27 28 29 30 30 30 30 30 29 28 26 25 23 21 20 19 18 18 18 17 17 17 16 15 14 14 14 14 14 14 14 14 14 14 14 14 14 15 16 17 17 16 15 15 14 14
26 26 27 27 26 26 26 27 27 26 25 24 23 22 20 17 17 17 17 17 19 19 19 18 18 18 18 17 17 17 17 17 17 17 17 17 17 17 17 17 17 17 18 18 19 20 21 22 22 23 24 25 27 28 30 30 30 30 29 29 28 27 25 23 22 21 20 20 20 19 19 18 18 16 14 14 14 14 14 14 14 14 14 14 14 14 14 16 17 18 18 17 16 15 14 14
28 28 28 28 28 28 28 29 29 28 27 26 25 23 21 18 17 17 17 17 19 19 19 19 18 18 18 18 18 18 17 17 17 17 17 17 17 17 17 17 17 17 17 18 18 19 20 20 20 20 21 23 25 26 28 29 30 30 30 30 29 28 27 25 24 24 23 22 22 21 21 20 19 18 16 16 16 16 16 15 15 15 15 15 15 15 16 17 18 19 19 19 17 16 14 14
29 29 30 30 30 30 31 31 30 30 29 28 27 24 22 19 18 17 17 17 19 19 20 19 19 19 19 18 18 18 18 18 17 17 17 17 17 17 17 17 17 17 17 18 18 18 19 20 20 20 20 21 22 24 26 28 29 31 31 31 30 30 29 27 27 26 26 25 24 23 23 22 21 20 18 18 18 18 18 17 17 17 17 16 16 16 16 17 19 20 20 19 18 16 15 14
31 31 32 32 32 32 33 32 32 31 30 29 28 25 22 20 19 18 18 18 19 19 20 19 19 19 19 19 19 18 18 18 18 17 17 17 17 17 17 17 17 17 17 18 18 18 18 18 19 19 20 20 21 23 25 27 29 30 31 32 32 31 30 30 29 29 28 27 27 26 25 25 24 22 21 20 20 20 19 18 19 19 18 17 17 17 17 17 19 20 21 19 18 17 16 15
33 33 34 34 34 35 34 34 33 32 31 30 28 26 24 22 21 20 20 19 20 20 20 19 19 19 19 19 19 18 18 18 18 17 17 17 17 17 17 18 18 18 18 18 18 18 18 18 18 19 20 20 20 22 24 26 28 30 32 33 34 33 32 32 31 31 30 29 29 28 27 27 26 25 24 23 23 23 21 20 20 20 19 18 18 18 18 18 20 20 21 20 18 18 17 16
34 35 35 36 37 37 36 35 34 33 32 31 29 27 25 24 24 23 22 20 20 20 20 19 19 19 18 18 18 18 18 18 17 17 17 17 17 18 18 18 19 19 18 17 17 17 18 18 18 19 19 19 20 21 23 25 28 30 33 35 37 37 36 34 33 32 32 31 30 29 29 29 28 28 26 26 25 25 23 23 22 22 21 20 19 19 19 19 20 21 21 20 18 18 17 17
35 36 36 36 37 37 36 36 35 33 32 31 29 27 26 25 24 24 23 21 20 20 20 19 19 19 18 18 18 17 17 17 17 17 17 17 17 18 18 19 20 20 19 17 17 17 18 18 18 19 19 19 19 21 23 25 28 31 34 37 39 40 40 39 36 35 33 32 31 31 30 30 29 29 28 27 27 27 26 25 25 24 23 22 21 21 20 20 21 21 21 20 18 18 17 17
36 36 37 37 37 36 35 34 33 32 31 30 29 27 26 25 25 25 24 21 20 20 19 19 19 18 17 17 17 17 17 17 17 17 17 17 18 18 18 19 20 20 20 18 17 17 17 17 17 18 18 19 19 21 23 24 27 31 34 37 40 41 42 43 40 38 36 34 33 32 32 31 30 30 30 29 29 29 28 28 27 26 25 24 23 23 22 21 21 21 21 19 19 18 17 17
37 37 37 37 36 34 33 31 30 30 30 29 28 26 25 24 25 25 24 22 20 20 19 19 19 18 17 17 17 17 17 17 17 17 17 17 18 18 18 19 20 20 20 18 17 17 17 17 17 17 18 19 19 21 22 24 26 29 32 35 38 39 42 43 43 42 39 37 35 33 33 32 31 31 31 30 30 30 30 30 29 28 27 26 25 24 23 22 22 22 21 21 20 19 18 17
37 37 37 37 36 33 32 30 29 29 28 28 28 26 24 23 23 23 23 22 20 20 19 19 19 18 17 17 17 17 17 17 17 17 17 17 17 18 18 19 20 20 20 18 17 17 17 17 17 17 18 19 19 20 21 22 24 27 30 32 35 36 39 40 42 42 41 39 36 34 34 34 33 33 33 32 32 32 32 32 31 30 29 28 27 26 25 24 24 24 23 23 23 21 19 18
36 37 37 37 35 33 31 30 29 28 27 27 27 25 24 23 22 22 22 21 20 20 20 19 19 18 17 17 17 17 17 17 17 17 17 17 17 18 18 18 20 20 20 18 17 17 17 17 17 17 18 19 19 20 20 20 21 24 27 29 31 33 35 37 39 39 39 39 36 35 35 34 34 34 34 34 34 34 34 34 33 33 32 31 30 29 28 27 26 25 24 24 23 22 20 19
35 35 36 36 35 32 30 30 29 27 27 26 26 25 24 23 22 22 21 21 21 21 20 20 20 18 18 17 17 17 17 17 17 17 17 17 17 17 17 18 20 20 20 18 17 17 17 17 17 17 18 19 19 19 19 19 19 21 24 26 28 30 31 33 35 36 36 36 36 36 36 36 36 36 37 37 37 37 37 37 36 36 35 34 33 32 31 30 29 27 26 24 23 22 21 21
33 34 35 35 35 32 30 30 29 27 27 26 24 24 24 23 22 22 21 21 21 21 20 20 20 19 18 17 17 17 17 17 18 18 18 18 17 17 17 18 20 20 20 19 18 18 17 17 17 17 18 18 18 18 18 18 18 20 21 24 25 27 28 29 31 32 33 33 34 34 35 36 36 38 39 40 40 40 40 39 39 38 38 37 36 35 34 32 30 28 27 25 24 23 23 22
32 33 35 35 35 33 31 30 29 27 27 26 24 24 24 23 23 23 21 21 21 21 21 20 20 19 18 18 18 18 18 18 18 18 18 18 17 17 17 18 20 20 20 19 19 18 17 17 17 17 18 18 18 18 18 18 18 18 19 21 23 24 25 26 27 28 29 30 31 31 33 35 36 39 41 43 43 43 43 42 41 40 39 39 38 37 36 34 32 30 28 27 26 25 24 24
33 35 36 37 36 34 32 31 29 27 27 26 25 25 26 26 25 24 23 22 22 22 21 20 20 19 19 19 20 20 20 19 19 19 18 18 17 17 17 18 19 19 19 20 19 19 18 17 17 17 17 17 17 17 17 17 17 17 18 19 21 22 23 23 24 25 26 27 27 29 31 34 36 40 43 46 46 47 46 45 44 42 41 41 41 40 38 36 34 32 30 29 27 26 25 25
35 36 37 37 37 35 34 32 30 28 27 27 26 26 26 26 26 26 25 24 23 23 22 21 20 20 20 20 20 21 20 20 20 19 18 18 18 18 18 18 19 19 19 20 20 20 19 18 17 17 17 17 17 17 17 17 17 17 18 18 20 20 21 22 22 23 24 26 27 28 30 33 36 40 45 49 50 51 49 48 47 45 43 42 42 41 40 38 36 34 33 31 29 27 26 26
36 37 38 38 37 35 34 33 31 29 28 28 28 28 28 28 27 27 26 26 25 24 23 22 21 21 21 21 21 21 21 21 21 19 19 18 18 18 18 18 19 19 19 20 20 20 19 18 17 17 17 17 17 17 17 17 17 17 17 18 19 20 20 21 22 22 23 26 27 27 29 32 36 42 47 50 53 54 53 51 49 47 45 44 43 43 42 40 38 36 34 32 30 28 27 27
36 37 38 38 37 35 34 33 32 31 30 29 29 29 29 28 28 28 27 26 25 25 23 22 22 22 22 22 22 21 21 21 20 19 19 18 18 18 18 18 19 19 19 20 20 20 19 18 17 17 17 17 17 17 17 17 17 17 17 17 19 20 20 21 22 22 23 26 27 28 30 33 37 43 49 52 55 57 57 55 52 50 47 46 45 44 44 42 40 39 37 34 32 30 28 27
36 37 37 37 37 36 35 34 33 32 31 31 30 30 30 29 28 28 28 26 25 25 24 23 23 23 22 21 21 21 20 20 20 19 19 18 18 18 18 18 19 19 20 20 19 19 18 17 17 17 17 17 17 17 17 17 17 17 17 18 19 20 20 21 22 22 23 26 27 29 31 34 40 46 50 54 57 59 60 58 56 53 50 48 46 46 45 44 43 41 39 37 34 31 29 28
37 37 37 37 37 36 35 35 34 33 32 32 31 30 30 29 28 28 28 26 26 26 24 24 24 23 21 21 21 20 20 20 20 19 19 18 18 18 18 18 20 20 20 19 18 18 17 17 17 17 17 17 17 17 17 17 17 17 18 18 19 20 20 21 22 23 24 26 27 29 31 35 41 47 53 56 59 61 62 61 60 57 54 51 48 47 46 45 45 43 42 39 37 34 32 30
35 36 36 36 36 36 36 36 35 34 33 32 30 29 29 28 28 28 27 26 25 25 24 24 24 23 21 21 21 20 20 20 20 18 18 18 18 18 18 18 19 19 19 18 17 17 17 17 17 17 17 17 17 17 17 17 17 18 18 18 19 20 20 21 22 23 24 26 27 29 32 36 42 49 54 58 61 62 64 64 63 60 57 54 51 49 48 47 46 45 43 41 39 37 33 30
34 35 36 35 35 35 35 35 34 33 32 31 29 28 27 27 27 27 27 26 25 25 24 23 23 23 21 21 21 20 20 20 20 18 18 18 18 18 18 19 19 19 18 17 17 17 17 17 17 17 17 17 17 18 18 18 18 19 19 19 20 20 20 21 23 24 25 26 27 29 32 37 43 51 56 60 62 63 65 65 64 63 60 56 53 50 49 48 47 46 45 43 41 39 34 30
34 35 35 32 32 32 32 32 31 30 29 29 28 27 26 26 26 26 26 25 25 25 24 23 23 23 22 21 21 21 20 20 20 18 18 18 18 18 18 18 18 17 17 17 17 17 17 17 17 17 17 17 17 18 18 18 18 19 19 19 20 20 20 21 24 24 26 27 28 30 33 38 44 52 58 61 62 64 66 67 67 65 62 59 55 52 50 49 48 48 47 46 44 40 36 31
33 33 33 30 29 29 29 29 28 27 28 28 27 26 26 26 25 25 25 25 25 25 24 23 23 23 21 21 21 21 20 20 20 19 19 18 18 18 18 18 17 17 17 17 17 17 17 17 17 17 17 17 17 18 18 18 19 19 19 19 19 20 20 21 23 24 26 28 29 30 33 38 44 52 59 61 63 65 67 68 68 66 64 61 58 55 52 51 50 49 48 47 45 42 37 32
31 31 31 29 28 28 28 27 26 26 27 28 27 25 25 25 25 25 25 25 25 25 24 23 23 22 21 21 21 20 20 19 19 18 18 18 18 17 17 17 17 17 17 17 17 17 17 17 17 17 17 17 17 18 18 18 18 18 18 18 19 19 19 21 22 24 25 28 29 30 32 36 44 52 59 62 63 65 67 67 67 66 65 63 59 57 55 53 52 51 50 49 47 43 38 32
