geo_cache/2-3/elevation.txt
ncols         938
nrows         918
xllcorner     -72.41111111111111
yllcorner     42.504
cellsize      1.0E-5
NODATA_value  -9999
[rows 420 to 461 of 918, columns 282 to 375 of 938]
359 355 354 354 354 354 355 354 353 351 350 346 339 332 326 319 317 316 311 303 295 291 289 289 289 288 285 281 277 276 277 282 287 289 289 284 278 272 264 254 249 242 238 234 230 228 226 223 221 222 222 221 222 221 221 222 226 228 227 224 221 218 216 213 209 205 202 201 202 205 212 216 218 219 222 224 227 227 225 220 217 219 221 223 224 225 228 230 232 234 238 243 248 251
355 353 351 352 353 353 353 352 350 349 346 342 336 330 324 316 312 311 306 298 292 286 286 287 287 285 281 276 274 272 275 280 286 288 287 284 278 272 263 252 248 241 238 234 230 228 226 222 221 221 221 221 221 221 221 221 222 225 224 222 220 218 217 213 210 207 204 202 202 203 210 214 214 216 221 225 227 228 228 222 216 215 217 218 219 220 225 228 229 232 236 241 246 250
352 350 349 349 350 351 351 349 346 344 341 337 331 326 321 312 306 303 299 293 287 283 282 284 284 283 280 275 270 269 273 279 283 286 286 283 278 270 260 250 247 241 237 234 230 228 226 223 221 221 221 221 220 220 219 219 221 222 221 220 218 216 216 213 210 208 204 203 200 202 208 211 213 214 219 224 227 229 228 223 215 212 212 214 214 217 221 223 226 231 235 239 243 247
351 348 346 346 347 347 347 345 342 339 335 332 327 323 317 308 301 296 292 286 281 281 280 281 283 281 278 274 268 266 271 276 280 283 283 281 275 267 258 249 247 241 237 233 229 227 226 223 222 221 220 220 219 218 217 218 220 221 220 217 215 215 215 213 210 207 204 202 198 199 206 210 211 212 216 221 225 227 227 223 215 210 208 209 209 212 215 218 223 230 234 236 240 244
350 346 343 342 343 343 343 342 338 335 331 327 323 317 310 303 297 291 285 279 277 279 280 281 282 280 277 272 267 263 266 272 277 280 280 278 272 264 254 247 245 240 235 232 229 227 226 224 223 222 220 220 218 217 216 216 220 221 219 215 214 214 215 212 209 207 204 201 197 198 205 208 208 210 213 218 222 224 224 220 215 209 205 204 205 208 210 214 221 226 230 234 238 242
349 344 341 340 339 339 338 337 335 333 329 324 318 311 303 296 291 286 280 277 275 276 279 281 281 279 276 271 266 262 263 267 272 275 277 274 268 259 251 246 243 239 234 231 228 227 226 224 224 222 221 220 217 216 215 215 220 221 218 215 213 211 212 210 208 206 204 200 196 197 203 206 206 208 212 214 217 219 219 218 214 208 203 201 202 204 206 212 217 221 225 231 236 239
348 344 340 337 335 335 335 334 333 331 328 323 316 308 299 291 285 281 277 275 273 274 277 277 276 276 274 270 265 261 260 263 267 271 272 270 264 256 249 243 241 236 232 229 227 227 226 224 224 222 221 220 217 215 215 214 218 221 218 214 211 209 209 208 206 205 203 199 196 196 200 203 203 205 209 211 214 216 217 216 213 207 201 199 199 201 203 209 213 217 222 227 231 234
349 344 339 336 335 334 333 332 331 329 326 322 315 307 298 289 282 278 274 272 270 272 275 273 271 272 271 267 262 258 257 259 262 265 267 265 260 253 248 242 240 235 231 227 226 226 226 224 224 222 221 220 216 215 214 214 218 221 219 214 210 208 206 205 204 203 201 198 196 196 198 200 201 203 207 209 211 213 214 214 211 205 199 197 197 197 200 205 210 215 219 224 227 231
349 343 338 335 334 332 331 330 329 327 323 318 312 304 294 286 280 276 272 269 267 269 269 268 266 266 265 262 258 256 254 255 257 260 261 259 255 250 247 242 240 234 230 227 226 225 225 224 223 222 220 219 216 214 213 214 219 222 219 216 211 207 204 202 202 201 199 197 196 195 195 196 198 201 204 206 208 210 211 211 207 202 198 195 195 196 198 201 206 213 218 224 227 230
347 342 338 335 333 331 330 328 325 323 320 315 308 300 290 284 279 274 270 267 265 265 265 265 262 259 259 257 255 254 252 252 254 255 256 256 253 249 246 242 239 234 230 227 226 225 225 224 223 222 221 220 217 214 213 214 219 222 220 217 211 206 204 201 201 200 198 196 195 194 194 195 197 200 202 203 205 208 209 208 205 201 198 194 194 195 197 200 206 213 220 226 228 230
346 342 338 335 333 331 329 326 322 318 315 310 304 294 285 280 276 272 268 264 261 261 261 260 257 254 253 253 253 251 248 247 249 251 253 252 251 249 246 241 239 234 230 227 226 225 224 223 223 222 222 221 219 216 213 213 218 221 220 217 211 206 204 201 200 199 197 196 194 193 193 194 196 198 199 201 203 206 206 205 202 199 196 194 193 193 197 199 206 213 220 225 227 228
343 340 337 335 333 330 329 325 320 315 309 303 296 287 281 276 272 269 266 262 258 256 256 256 254 250 247 247 247 246 244 244 246 248 249 249 249 247 244 240 238 234 230 227 226 225 223 222 222 222 222 222 220 217 214 213 216 220 220 216 211 206 204 201 200 199 197 195 193 191 192 193 195 196 198 200 201 203 203 201 199 196 194 193 191 192 195 199 204 210 217 221 226 229
341 339 335 331 331 330 328 325 319 314 307 298 289 280 275 272 268 265 263 260 256 253 252 252 250 244 240 240 241 240 240 242 243 245 246 247 247 245 243 239 238 234 230 227 226 225 223 222 222 222 222 222 220 217 215 214 215 218 218 215 210 205 204 201 200 199 197 195 192 190 190 192 194 195 198 199 199 198 198 197 195 193 193 192 191 191 194 199 204 210 216 224 229 232
338 336 332 329 329 328 326 323 318 312 305 295 286 277 271 267 264 262 260 257 253 249 248 247 245 241 236 235 236 237 239 240 241 243 244 245 245 244 242 239 237 233 229 227 225 224 223 221 221 221 222 222 221 218 214 212 214 216 216 214 209 205 203 201 200 199 197 194 191 190 190 190 193 195 198 199 197 195 194 193 192 191 191 191 189 190 194 200 207 213 220 227 232 235
335 332 329 327 327 326 324 320 315 309 302 293 284 276 269 264 260 259 256 253 250 246 244 244 242 240 235 232 232 234 237 238 239 241 243 243 243 242 240 238 236 232 229 226 225 224 223 221 221 221 221 221 221 218 214 211 213 215 215 213 208 204 203 201 199 199 197 194 191 190 190 190 193 195 199 198 197 194 191 190 190 190 190 190 189 190 195 202 208 216 224 230 234 237
331 329 326 324 324 323 321 316 311 305 298 290 282 275 268 263 258 254 252 250 247 244 242 241 240 237 232 228 228 231 233 233 236 240 241 242 241 241 239 236 235 232 228 226 224 224 223 221 221 221 221 221 221 218 213 210 213 215 215 213 209 206 203 201 200 199 197 195 191 190 190 190 193 195 198 198 198 193 191 190 189 189 189 189 189 191 197 203 209 218 226 231 234 238
327 325 323 320 319 319 316 312 306 301 294 287 279 272 266 260 255 250 248 246 244 242 240 238 236 233 230 226 225 227 228 229 232 238 240 240 239 238 236 234 233 230 227 225 224 224 223 221 221 220 221 221 221 219 213 209 212 215 215 214 210 207 204 201 200 200 197 196 192 190 190 190 193 195 198 198 197 193 191 190 188 188 188 189 189 191 197 203 210 218 225 231 234 238
321 320 319 315 314 313 311 307 301 296 289 282 275 269 263 258 253 249 246 243 241 239 237 235 231 229 227 223 222 224 224 226 230 236 239 239 237 235 234 233 232 229 225 223 224 223 223 221 220 219 220 221 221 219 213 209 213 215 216 215 210 207 205 202 200 200 198 196 193 190 190 190 192 195 197 197 196 193 191 190 188 188 188 188 188 191 196 202 209 217 224 231 234 238
317 315 313 311 309 308 306 302 297 291 285 279 272 265 259 256 251 248 244 240 237 235 233 230 227 225 223 221 220 221 221 224 228 233 236 236 234 232 231 230 229 227 223 221 222 222 222 221 219 218 219 220 221 219 211 209 213 215 216 215 210 206 205 202 200 200 198 196 193 191 191 191 191 193 195 195 194 192 190 189 188 188 188 188 188 190 196 201 210 218 226 232 236 240
314 311 310 308 305 302 299 295 291 287 284 278 270 262 257 254 250 247 242 237 234 230 228 227 224 222 220 218 218 218 219 221 226 230 233 234 232 230 228 227 227 225 221 220 222 222 222 220 217 216 217 218 219 216 210 209 213 215 216 214 210 206 205 202 201 200 198 197 193 191 191 191 191 191 193 193 192 191 189 189 188 188 188 188 188 191 196 203 212 219 228 233 237 241
311 309 306 303 301 296 291 290 291 288 283 278 270 261 256 253 249 245 241 236 231 228 225 223 221 218 217 215 216 217 215 218 223 228 231 231 229 227 225 224 224 222 220 220 221 221 222 219 216 215 216 216 216 213 209 209 212 214 216 213 209 206 204 202 201 200 198 197 193 191 191 190 190 190 190 191 191 190 189 188 188 188 188 188 188 192 197 204 212 219 228 234 237 241
309 307 303 299 295 291 287 289 291 288 282 275 267 260 256 253 248 244 239 234 229 226 223 220 217 215 214 213 215 216 214 216 222 226 228 228 227 225 223 221 221 220 217 217 221 221 222 218 215 214 215 215 214 211 209 209 211 213 213 211 208 206 204 202 201 200 198 197 194 191 190 190 189 189 189 189 189 189 188 188 188 188 188 188 188 192 198 204 211 217 225 231 236 241
308 303 298 294 290 287 286 289 288 284 277 271 264 260 256 253 248 244 239 234 229 224 221 218 215 213 211 210 212 213 212 214 219 224 225 225 224 222 220 219 219 218 215 216 220 221 221 218 215 213 214 214 212 210 209 210 210 211 211 209 207 205 203 201 200 200 198 197 194 191 190 190 188 188 188 188 188 188 188 188 188 188 188 188 188 192 197 203 209 214 221 228 235 240
307 302 295 290 286 284 285 290 288 282 273 265 261 258 255 253 248 245 240 234 229 224 220 215 212 211 210 209 209 209 209 212 216 220 222 222 221 220 218 216 216 216 215 215 218 220 220 217 213 210 212 211 209 209 209 209 209 210 210 208 206 204 203 201 200 199 198 196 193 191 190 189 188 188 188 188 188 188 188 188 188 188 187 188 188 191 195 200 206 212 220 228 236 241
306 301 294 289 284 282 285 292 289 281 272 263 258 255 253 251 248 246 241 234 230 225 219 214 210 209 209 208 207 207 208 210 213 217 219 219 218 217 216 215 214 214 213 214 217 218 218 216 212 209 210 210 209 208 208 208 208 209 209 208 205 203 203 201 200 199 197 195 192 190 190 189 188 188 188 188 188 188 188 188 187 187 187 187 187 189 193 198 205 212 219 229 236 241
304 299 293 288 283 282 286 292 289 279 269 261 256 251 249 249 247 245 240 234 230 225 219 214 209 208 208 207 207 207 207 209 210 213 216 216 216 215 214 213 213 212 211 213 216 217 217 215 211 209 209 210 209 208 208 208 208 209 209 208 205 203 203 201 200 199 197 195 192 190 190 189 188 188 188 188 188 188 188 188 187 187 187 187 187 188 193 197 205 212 219 227 235 240
301 296 291 286 282 280 284 288 284 274 265 259 253 248 246 245 245 242 238 234 230 225 219 214 209 208 208 207 206 206 206 207 208 210 212 214 214 213 212 212 211 210 209 210 213 215 215 213 210 208 208 208 208 207 207 208 208 209 209 208 205 204 203 201 200 199 197 195 192 190 190 190 188 188 188 188 188 188 187 187 187 187 185 185 187 189 193 197 204 211 216 224 232 238
297 292 288 284 278 276 281 282 278 268 260 256 250 246 242 242 241 239 236 233 229 223 218 213 209 208 208 207 206 206 206 206 207 208 210 211 212 212 211 210 209 209 209 209 211 213 213 211 209 207 206 204 204 206 206 208 208 208 208 207 205 204 203 201 200 199 198 196 193 191 190 190 189 189 188 188 188 188 187 187 187 187 185 185 186 189 193 197 202 208 213 220 227 234
296 290 285 281 276 274 276 276 271 263 254 250 247 243 240 238 237 236 234 231 227 222 217 211 209 208 208 207 206 206 206 206 207 208 209 209 210 210 210 209 208 208 208 208 210 211 211 210 208 206 204 203 203 205 206 207 207 207 207 206 205 204 203 201 200 200 198 197 193 191 191 190 189 189 188 188 188 188 187 187 186 186 185 185 186 188 192 196 200 205 210 215 222 230
294 290 286 282 276 271 271 271 265 258 249 244 242 241 239 235 233 233 231 229 225 219 215 210 208 208 208 207 206 206 206 206 207 208 208 209 209 209 209 208 208 207 207 207 208 209 209 208 206 204 203 203 203 205 205 206 206 207 206 206 204 203 203 201 200 200 198 197 194 191 191 191 189 189 188 188 188 188 187 187 186 186 186 185 185 187 190 194 198 201 205 210 216 225
294 292 288 283 276 268 267 265 261 253 244 239 239 239 237 232 229 228 227 226 222 217 212 209 208 208 208 207 206 206 206 206 207 207 207 207 208 208 207 207 207 206 206 205 206 207 207 206 205 203 203 203 203 205 205 206 206 206 205 205 204 203 203 201 200 200 198 197 194 191 191 190 189 189 188 188 188 188 187 187 186 186 186 185 185 185 188 191 195 198 202 206 212 222
298 294 289 284 275 266 262 261 257 247 238 235 237 237 234 231 226 224 223 221 218 214 209 208 208 207 207 207 207 207 207 207 207 207 207 207 207 207 206 206 206 205 204 204 204 204 205 205 204 203 203 203 204 205 205 205 205 205 204 204 204 203 203 201 200 200 197 196 193 191 191 190 189 189 188 188 188 188 187 187 186 186 186 185 185 185 185 188 192 195 199 203 210 219
299 295 289 281 271 263 257 255 250 241 233 231 232 233 231 228 225 222 219 217 214 210 208 208 207 207 207 207 207 207 207 207 207 206 206 206 206 206 206 205 205 204 204 204 203 203 203 204 203 203 203 203 204 204 204 205 205 205 204 204 203 203 202 201 200 200 197 196 193 191 191 190 189 189 188 188 188 188 187 187 186 186 186 185 185 185 184 184 187 193 198 203 209 217
299 293 285 276 267 260 254 248 242 235 231 229 228 228 227 225 223 220 217 214 211 208 208 208 207 207 207 207 207 207 207 207 207 206 206 206 206 206 205 205 205 204 204 203 202 202 202 202 202 202 202 202 204 204 204 205 205 205 204 204 203 202 202 201 200 199 197 196 193 191 191 190 189 189 189 188 188 188 187 187 186 186 186 185 185 185 184 184 187 192 197 201 207 213
297 289 280 271 264 258 251 244 237 233 231 229 226 225 224 222 221 219 216 213 210 208 208 208 207 207 207 207 207 207 207 207 207 206 206 206 205 205 205 205 205 204 204 203 202 202 202 202 202 202 202 202 203 204 204 205 205 204 203 203 202 202 202 200 200 199 197 197 195 191 191 190 189 189 189 188 188 188 187 187 186 186 186 185 185 185 184 184 186 191 196 200 203 208
293 284 275 267 261 256 249 242 236 234 233 230 226 224 221 220 219 217 215 212 210 209 208 208 207 207 207 207 207 207 207 207 207 206 206 206 205 205 205 205 205 204 204 203 202 202 201 201 201 201 201 201 202 203 203 204 204 204 203 203 202 201 201 200 199 199 198 197 196 192 191 190 190 190 189 188 188 188 187 187 186 186 186 185 185 185 184 184 185 190 195 198 201 205
286 277 270 264 258 253 247 240 235 235 234 231 227 223 220 219 217 216 214 212 210 209 208 208 207 207 207 207 207 207 207 207 206 206 206 206 205 205 204 204 204 204 204 203 202 202 201 200 200 200 199 199 201 202 203 203 203 203 202 201 201 200 200 200 199 199 198 198 197 193 191 190 190 190 189 188 188 188 187 187 186 186 186 185 185 185 184 184 185 188 194 197 200 204
280 272 266 261 255 249 244 237 233 234 234 231 227 222 219 217 216 215 213 211 210 209 208 208 208 207 207 207 207 207 207 207 206 206 206 205 205 205 204 204 204 204 204 203 202 202 201 200 200 199 198 198 199 201 202 202 202 201 201 200 199 199 199 200 199 199 198 198 197 194 192 191 190 190 189 188 188 188 187 187 186 186 186 185 185 185 184 184 185 190 193 197 200 204
274 268 262 256 250 246 240 234 233 233 234 231 227 222 219 217 215 214 213 210 209 209 208 208 208 207 207 207 207 207 206 206 206 206 206 205 205 205 204 204 204 204 204 203 202 202 201 200 199 198 198 198 198 199 200 201 201 200 199 199 199 199 199 199 199 199 199 198 197 195 193 191 190 190 189 188 188 188 187 187 186 186 186 185 185 185 184 184 188 192 194 197 200 204
272 266 260 253 248 243 237 233 233 233 233 231 228 223 220 218 215 214 213 210 209 209 208 208 208 207 207 207 207 207 206 206 206 206 206 205 205 205 204 204 204 204 204 203 202 201 201 200 199 198 197 197 197 198 199 200 199 199 198 198 197 197 198 199 199 199 199 199 198 195 193 191 190 190 189 188 188 187 186 186 186 186 186 185 185 185 184 185 190 193 194 196 199 202
269 264 258 251 245 238 233 232 232 232 233 231 228 223 220 218 216 215 213 211 210 209 208 208 208 208 208 207 207 207 206 206 206 206 206 205 205 205 204 204 204 203 203 203 202 201 201 200 199 198 197 197 197 198 198 199 198 198 197 197 196 196 197 198 198 198 199 199 198 195 193 191 190 190 189 188 188 187 186 186 186 186 186 185 185 185 184 185 189 192 193 196 198 200
268 263 256 250 244 238 233 232 231 230 230 229 227 223 220 219 216 215 213 211 210 210 209 209 208 208 208 207 207 207 206 206 206 206 206 205 205 205 204 204 204 203 203 203 202 201 201 200 200 198 198 198 198 198 198 198 198 198 197 196 195 195 196 197 198 198 198 198 197 195 192 191 190 190 189 188 188 187 186 186 186 186 186 185 185 185 184 185 188 191 193 195 197 200
