geo_cache/2-3/elevation.txt
ncols         938
nrows         918
xllcorner     -72.41111111111111
yllcorner     42.504
cellsize      1.0E-5
NODATA_value  -9999
[rows 336 to 377 of 918, columns 470 to 563 of 938]
261 271 280 286 289 291 295 300 301 301 298 295 292 289 287 285 284 283 283 283 282 281 280 277 272 266 266 266 266 260 252 248 248 250 252 254 250 239 236 236 236 236 236 236 234 232 231 228 226 228 232 235 237 240 242 244 246 248 249 250 250 249 247 242 236 229 224 219 216 214 210 207 202 198 196 195 195 195 195 195 195 197 200 204 211 223 232 241 255 271 293 304 307 307
253 265 275 281 284 285 287 292 294 295 293 291 289 288 286 285 284 283 283 282 281 281 280 277 272 267 267 270 270 266 255 248 247 247 249 251 250 240 236 236 236 236 236 236 234 232 231 228 225 226 230 233 235 238 241 243 246 247 249 249 249 248 245 242 235 228 223 219 216 213 209 207 203 198 196 195 195 195 195 195 195 196 200 203 210 221 229 239 254 270 295 304 305 306
248 259 270 277 280 279 281 285 289 290 289 288 287 287 287 288 285 283 283 282 281 280 280 277 273 266 266 269 269 266 257 248 246 245 247 248 248 240 236 236 236 236 236 235 234 232 230 228 224 225 228 231 233 236 239 242 246 247 249 248 248 247 244 241 235 228 222 218 215 213 209 207 202 198 197 195 195 195 195 195 195 196 200 203 210 220 228 237 253 269 295 304 304 305
247 255 266 274 275 274 275 281 285 286 285 285 285 286 287 289 287 285 284 282 280 280 280 277 273 267 265 265 265 262 256 249 245 243 244 245 245 240 236 236 236 236 235 234 233 231 230 228 224 223 225 228 231 234 237 241 245 247 249 248 247 246 244 240 234 226 221 216 214 213 209 206 201 197 196 195 195 195 195 195 195 196 200 203 210 220 228 237 252 269 292 301 302 304
247 255 264 270 271 269 271 277 281 282 282 281 283 285 288 289 288 288 286 284 282 281 281 280 275 270 266 263 262 259 256 249 245 243 242 243 243 239 237 236 235 235 234 234 233 231 230 228 224 222 223 226 228 232 236 240 245 247 248 248 247 245 242 237 231 225 220 215 214 212 209 205 200 196 196 195 195 195 195 195 195 195 199 203 210 219 228 238 252 269 288 299 301 302
248 255 261 267 267 266 267 272 277 279 278 279 282 287 290 290 290 290 287 285 283 283 283 281 279 276 269 264 262 259 256 252 247 243 242 242 241 239 237 235 235 235 234 234 233 231 229 227 224 221 221 223 226 230 234 237 242 245 247 247 246 243 240 234 227 223 217 213 212 211 208 204 200 196 196 195 195 195 195 195 195 195 199 203 210 220 228 238 252 268 287 297 299 302
249 255 259 262 263 265 266 268 271 274 275 277 283 289 291 291 290 288 286 284 284 284 284 282 281 280 274 267 265 261 258 254 248 244 242 242 240 237 236 235 234 234 233 233 232 230 229 227 224 221 221 222 225 228 231 234 239 242 245 245 244 241 237 231 225 220 214 211 211 209 207 204 200 196 196 195 195 195 195 195 195 195 198 202 211 220 228 238 252 267 284 294 296 300
252 256 258 261 263 264 266 266 267 269 271 277 285 290 291 289 287 285 284 283 282 283 283 282 282 281 277 269 267 263 259 255 250 246 244 242 240 236 234 234 234 234 233 233 231 230 229 227 224 222 221 221 223 227 229 231 235 239 241 242 242 239 235 229 223 219 213 210 209 208 206 204 200 197 197 195 195 195 195 195 195 195 198 202 210 220 228 238 252 266 282 291 294 297
256 258 260 262 263 264 266 266 266 266 270 277 286 289 289 285 283 282 281 280 279 281 283 283 283 281 277 272 269 265 260 256 253 249 245 243 240 235 234 233 233 233 233 233 231 229 229 227 225 223 220 220 221 224 227 230 232 235 237 239 239 236 233 229 222 217 211 208 208 207 206 204 200 197 197 196 196 196 195 195 195 195 198 202 209 219 228 237 251 264 278 287 291 293
257 259 261 263 264 265 266 266 266 266 271 278 284 287 285 282 280 279 277 276 276 279 282 284 284 282 280 277 274 268 262 258 254 251 247 244 239 235 234 232 231 232 232 232 231 229 228 228 226 223 220 220 220 222 224 227 231 234 234 235 235 235 232 228 222 216 210 206 206 206 205 203 201 198 197 197 197 197 196 195 195 195 197 202 209 219 227 235 249 261 274 284 288 290
258 260 261 263 265 266 266 266 266 267 271 276 281 283 281 278 276 276 275 273 274 278 282 284 284 284 284 282 280 274 266 260 255 252 248 243 239 235 235 232 230 230 230 229 228 227 227 227 226 224 222 219 219 219 222 225 229 231 231 231 231 231 229 226 222 215 208 206 205 205 203 202 201 198 197 197 198 198 198 195 195 195 197 202 207 217 226 234 247 259 271 280 284 287
259 261 262 263 265 266 267 269 268 268 270 273 277 279 277 275 273 273 273 272 273 278 282 284 285 287 286 285 284 279 270 263 257 253 249 243 238 234 234 232 231 230 229 229 228 227 227 225 225 225 222 220 218 218 221 223 226 227 227 227 227 227 225 223 219 212 208 206 205 204 202 201 200 198 198 198 198 199 199 196 195 195 195 200 207 214 223 233 244 256 268 276 280 283
261 263 265 266 266 266 268 270 270 268 268 270 273 274 274 272 271 271 271 271 272 277 281 284 287 288 288 287 286 284 277 267 259 254 250 245 239 235 234 233 233 233 233 233 232 230 227 225 224 224 223 220 218 216 219 221 223 224 225 225 224 223 221 220 215 209 208 207 205 204 201 199 199 198 198 198 199 200 199 196 195 195 195 199 206 213 222 230 241 252 262 271 277 283
265 266 267 268 269 269 269 271 272 269 268 268 270 270 270 270 269 268 268 269 271 275 279 284 288 290 289 289 288 286 282 273 263 256 252 247 241 236 235 234 233 233 234 234 233 230 228 225 224 224 223 220 217 214 216 219 220 222 222 222 220 219 217 216 211 207 206 206 205 203 200 198 198 198 198 199 200 200 199 196 195 195 195 199 206 214 222 230 242 252 262 270 277 286
267 267 269 272 273 273 273 273 273 271 268 266 267 268 268 268 268 267 266 268 271 274 278 284 288 292 293 291 290 290 287 280 267 259 253 248 242 236 236 234 232 232 233 233 232 230 229 226 224 224 222 220 217 213 213 216 218 219 219 219 217 215 214 212 209 206 206 205 205 203 199 199 198 198 198 200 200 200 199 196 195 195 195 198 205 214 222 230 242 253 263 270 278 288
269 269 272 275 279 278 277 276 274 271 267 264 264 265 266 267 267 266 266 267 270 274 278 284 289 295 296 295 294 293 292 286 274 263 254 248 242 238 236 235 233 232 230 229 230 229 228 225 223 223 222 220 217 213 211 212 214 216 215 215 213 213 212 210 207 206 205 205 204 203 200 200 199 199 199 200 200 200 200 199 195 195 195 198 204 212 221 230 242 254 263 270 279 290
270 271 274 279 284 283 281 279 276 271 266 263 262 262 264 265 265 265 265 267 270 273 277 284 289 296 298 298 297 295 295 292 281 267 255 249 243 239 237 237 235 234 231 229 228 227 225 223 221 221 221 219 217 212 210 211 213 213 212 212 212 212 211 210 206 205 205 204 203 202 201 201 200 200 200 200 200 200 200 199 196 195 195 198 204 211 220 229 242 254 262 271 281 291
271 271 275 282 286 288 285 280 277 271 266 263 261 260 261 263 264 265 265 267 271 273 279 284 289 296 299 299 299 298 297 296 286 272 258 250 244 240 238 237 236 235 234 233 230 226 224 222 221 221 221 220 217 212 209 210 213 212 212 211 211 210 210 209 206 205 205 203 202 202 201 201 201 200 200 200 200 200 200 200 199 195 195 198 204 210 219 228 240 251 261 270 282 291
271 271 275 283 287 291 289 283 279 274 268 264 260 259 260 261 263 264 265 267 270 273 279 284 289 293 296 298 299 298 298 298 291 276 261 251 245 240 239 237 237 237 236 234 232 228 224 221 219 219 221 220 217 212 208 208 209 209 209 210 208 207 207 207 206 204 203 202 201 201 201 201 201 201 201 200 200 200 201 200 200 196 195 198 203 210 218 226 237 249 259 266 277 287
271 271 275 283 288 292 292 287 280 276 272 267 261 259 259 260 262 264 265 267 270 273 277 281 286 290 292 295 296 297 297 298 293 278 262 252 245 240 238 237 237 237 236 235 233 228 224 221 218 218 221 220 217 212 208 207 207 207 207 208 207 206 206 205 203 202 202 201 201 201 201 201 201 201 201 200 200 200 200 200 200 199 195 198 202 209 215 223 235 246 255 263 273 284
271 271 275 283 289 292 293 290 283 278 275 270 265 260 259 260 261 263 264 267 270 273 276 279 283 286 288 291 292 293 294 295 292 279 263 252 245 239 237 235 234 234 235 234 232 228 225 221 217 217 220 219 217 212 208 207 206 206 206 206 205 205 204 203 201 201 201 201 201 201 201 201 201 201 201 201 201 201 200 200 200 199 196 195 200 207 213 221 233 243 252 261 270 280
269 270 274 281 288 292 293 291 286 280 277 273 267 261 259 259 260 262 262 265 269 272 275 278 280 282 284 287 288 289 291 292 289 278 263 252 245 238 236 234 233 232 232 232 231 228 224 221 216 215 217 219 217 212 208 207 206 206 206 205 204 204 203 202 201 201 201 201 201 201 201 201 201 201 201 201 201 201 200 200 200 198 195 195 200 206 211 218 229 240 250 258 266 275
265 268 273 280 287 291 293 293 289 282 278 274 268 263 258 257 259 260 261 264 267 270 272 274 276 278 279 281 282 285 287 288 285 276 263 253 245 238 236 234 233 232 231 230 227 225 222 219 216 214 215 218 216 212 208 206 205 204 204 203 203 202 202 201 200 199 199 200 201 201 201 201 201 201 201 200 200 200 200 200 200 198 195 195 199 204 208 216 227 238 248 257 262 270
261 266 272 279 286 290 293 294 291 285 279 275 269 264 259 256 256 258 260 262 264 267 268 270 271 271 272 274 276 279 281 282 280 274 263 254 246 238 236 234 234 233 232 230 227 223 221 219 215 213 212 215 215 211 207 206 205 204 203 202 202 202 201 201 199 198 198 199 201 201 201 201 201 200 200 199 199 199 199 199 199 198 195 195 196 202 207 214 224 234 245 255 260 265
259 264 270 277 284 290 293 294 292 286 281 277 270 265 259 254 252 254 256 258 260 262 263 264 265 265 266 269 271 274 276 277 277 271 263 254 247 239 235 235 234 234 232 230 228 225 221 220 217 213 211 212 213 210 207 206 204 204 203 201 201 200 200 200 199 198 198 198 199 200 200 200 200 200 199 197 197 198 199 199 199 198 195 195 195 201 205 212 222 232 242 251 257 263
255 261 268 275 283 289 293 293 293 289 283 278 272 266 260 253 248 249 251 252 254 256 258 259 261 261 262 265 267 270 273 275 275 270 261 253 246 239 234 234 234 233 231 230 228 225 222 221 218 214 210 209 210 209 206 205 204 203 203 201 201 200 199 198 198 198 198 198 198 199 200 200 200 199 198 197 197 197 198 199 199 197 195 195 195 200 204 209 219 230 239 247 254 260
252 259 266 273 280 288 292 293 293 291 285 280 274 267 260 253 244 241 243 245 248 252 255 257 257 259 260 262 263 266 270 272 272 267 257 250 245 238 233 233 233 232 231 230 227 224 221 220 217 214 210 208 206 207 206 205 203 202 202 201 200 199 198 198 198 198 198 198 198 198 200 200 200 199 198 197 197 197 198 198 198 197 195 195 195 199 203 207 216 227 236 243 252 259
249 255 263 271 278 285 290 292 293 291 287 281 276 268 260 253 242 236 238 242 247 251 254 254 255 257 258 259 261 264 267 268 268 261 253 248 244 238 233 233 233 231 230 228 226 223 220 217 214 212 210 207 206 206 205 204 203 202 201 200 199 198 198 198 198 198 198 198 198 198 200 200 200 198 198 198 198 198 198 198 198 197 195 195 195 198 202 205 213 223 233 242 250 259
245 252 260 268 275 281 287 290 291 291 289 284 277 269 261 253 242 236 236 240 246 250 250 251 253 255 256 257 258 261 264 264 262 255 250 246 241 237 233 232 232 231 229 228 226 222 220 217 212 210 209 207 206 205 204 203 202 202 200 199 198 198 198 198 198 198 198 198 198 198 200 200 199 198 198 198 198 198 198 198 198 196 195 195 195 198 200 204 210 220 230 239 249 258
241 248 257 264 271 277 283 288 290 291 290 285 278 269 261 254 243 236 235 237 244 247 248 248 250 252 252 254 255 258 261 261 257 252 248 246 241 236 234 232 231 230 228 227 225 222 219 216 211 209 209 206 206 205 203 203 201 201 200 198 198 198 198 198 198 198 198 198 199 199 200 200 199 198 198 199 200 199 198 198 198 196 195 195 195 197 199 202 208 216 225 235 245 254
237 245 253 261 267 272 279 286 289 291 291 286 279 270 261 254 244 236 235 236 241 245 246 247 248 249 250 251 252 256 258 258 255 251 247 246 241 236 234 232 231 230 228 226 223 221 217 214 211 209 208 206 206 205 203 202 201 200 199 198 198 198 198 198 198 198 198 198 198 198 199 200 200 198 199 200 200 200 199 198 198 195 195 195 195 197 198 202 207 213 220 232 243 250
233 241 248 256 262 269 276 284 288 290 290 287 280 271 262 254 244 235 234 234 237 242 244 245 246 247 247 249 250 254 255 254 252 249 247 246 242 237 234 232 231 230 227 225 223 220 216 214 210 208 207 206 206 204 203 201 200 199 198 197 195 195 195 197 198 198 198 198 198 198 198 199 199 199 199 200 200 200 199 198 198 195 195 195 195 197 199 202 205 209 218 229 239 247
229 237 244 251 258 264 272 280 287 289 290 287 282 274 262 253 244 236 234 234 235 239 241 243 244 245 246 248 249 252 253 251 248 246 246 245 243 238 234 232 230 230 227 225 223 219 216 214 210 208 206 206 205 204 202 201 199 198 197 195 195 195 196 196 198 198 198 198 198 198 198 198 198 199 199 200 199 199 199 198 198 195 195 195 195 198 199 201 204 208 215 226 236 244
225 232 240 246 253 260 267 275 282 285 287 287 284 276 264 253 244 237 234 233 234 237 239 240 241 243 245 247 249 252 252 248 243 242 243 243 242 238 234 232 231 230 228 227 224 220 217 213 209 208 206 205 204 203 201 201 199 197 195 195 195 195 197 197 198 198 198 197 197 197 197 197 198 199 199 199 199 198 198 197 197 195 195 195 195 198 199 201 204 206 212 222 234 243
222 228 235 242 249 255 262 269 274 277 281 283 283 277 264 250 243 237 235 233 232 232 235 236 239 242 244 245 246 250 251 247 239 237 240 242 241 238 235 232 231 231 228 227 224 220 217 213 209 208 206 204 203 201 200 200 199 197 195 195 195 196 197 197 198 197 197 195 195 195 196 197 198 199 199 199 198 198 197 197 195 195 195 195 195 198 199 201 203 205 211 220 231 241
219 225 231 237 244 250 257 263 267 271 275 278 279 276 264 247 239 237 235 233 231 230 231 233 237 240 242 242 244 248 250 245 238 234 238 241 240 238 236 232 230 229 228 226 223 220 217 213 209 207 206 204 202 200 199 199 197 195 195 195 195 196 197 197 197 195 195 195 195 195 195 197 197 198 198 198 198 198 197 196 195 195 195 195 195 197 198 200 202 205 211 217 226 236
216 222 228 232 238 245 251 257 261 266 270 274 275 272 261 245 236 237 235 233 231 230 228 231 235 237 238 239 240 245 247 242 235 232 237 239 239 238 235 231 229 228 227 225 222 220 216 213 209 207 204 202 201 200 198 197 196 195 195 195 195 196 196 195 195 195 195 195 195 195 195 196 197 198 198 198 198 198 196 195 195 195 195 195 196 197 198 198 201 204 208 215 221 231
211 217 223 228 233 239 245 251 255 261 266 270 271 267 257 243 235 235 234 233 231 229 226 227 232 235 235 235 237 240 242 238 232 230 234 237 238 237 233 230 228 227 225 224 222 219 214 211 208 205 203 200 198 198 198 197 195 195 195 195 195 196 196 195 195 195 196 196 195 195 195 195 197 198 198 198 198 198 196 195 195 195 195 197 197 197 197 197 199 202 207 212 219 228
208 213 218 223 228 233 239 246 253 258 263 267 267 263 254 242 235 232 231 230 230 228 224 225 229 232 232 232 233 236 237 234 230 227 231 235 236 235 232 229 227 226 224 222 221 218 214 209 206 203 200 198 197 197 197 196 195 195 195 195 196 197 195 195 195 196 197 197 196 195 195 196 197 198 198 198 198 198 196 195 195 195 195 197 198 198 197 198 199 202 205 210 217 223
207 212 216 220 225 231 237 245 251 258 262 265 265 261 253 242 235 231 229 229 229 227 224 225 228 231 231 231 232 234 235 233 228 226 231 234 235 234 232 229 227 226 223 221 221 218 214 209 205 202 199 197 197 197 196 196 195 195 195 195 196 197 195 195 195 197 197 197 197 196 196 196 197 198 198 198 199 199 196 195 195 195 195 197 198 198 198 199 199 202 205 209 217 222
205 209 212 216 220 226 232 240 247 254 259 261 261 257 251 242 235 231 226 225 225 225 222 222 225 228 229 229 229 230 230 228 224 223 228 233 234 233 231 229 227 226 222 220 218 216 213 209 204 201 197 197 197 197 197 196 195 195 195 195 196 197 195 195 196 198 198 197 197 197 197 197 197 198 198 199 199 199 197 195 195 195 195 197 198 198 198 199 200 202 205 208 214 218
203 205 209 212 215 220 226 234 242 249 255 257 257 255 249 241 234 230 224 221 222 222 220 221 223 226 227 227 226 226 226 223 220 220 226 231 233 232 230 227 226 225 222 219 215 213 211 207 203 200 197 197 197 198 197 196 195 195 195 196 196 196 195 195 197 198 198 196 195 197 198 198 198 199 200 200 199 199 198 195 195 195 195 197 198 198 199 200 200 202 204 206 210 216
