geo_cache/2-3/elevation.txt
ncols         938
nrows         918
xllcorner     -72.41111111111111
yllcorner     42.504
cellsize      1.0E-5
NODATA_value  -9999
[rows 42 to 83 of 918, columns 94 to 187 of 938]
202 205 207 209 211 213 214 217 219 222 222 220 215 210 204 197 190 182 173 163 157 151 148 145 144 143 143 143 142 142 142 141 140 140 140 139 139 139 138 138 138 138 138 137 137 137 138 138 138 139 139 139 139 139 139 140 141 142 142 143 144 145 148 154 159 163 166 167 171 175 179 183 189 195 201 205 206 208 216 225 235 245 253 262 271 283 294 304 311 317 321 326 332 335
202 206 207 209 211 213 214 216 218 221 222 219 215 210 204 197 190 183 174 166 159 155 153 151 146 144 143 143 143 142 142 142 141 141 140 140 140 139 138 138 138 138 138 137 137 137 138 138 138 139 139 140 140 140 140 140 141 142 142 143 144 146 150 157 163 167 170 173 175 177 180 182 187 191 195 199 204 209 218 227 236 246 256 264 274 287 299 310 318 324 328 331 335 339
202 205 207 209 210 212 212 214 216 218 218 217 214 208 202 196 189 182 175 168 164 162 159 156 150 146 143 143 143 142 142 142 141 141 140 140 140 139 138 138 138 138 138 138 138 138 138 138 139 139 139 140 140 140 141 141 141 142 142 144 145 147 152 159 165 170 175 178 180 183 185 187 190 192 195 200 206 213 220 229 238 247 257 265 276 290 304 316 325 331 334 336 339 343
202 205 207 208 209 209 209 209 211 214 214 213 209 204 199 193 186 179 175 172 170 167 163 159 153 148 144 144 143 142 142 142 141 141 140 140 140 139 139 139 138 138 138 138 138 138 138 138 139 139 139 140 140 140 141 141 142 143 143 144 145 147 152 158 165 172 177 181 184 187 190 193 197 199 200 203 208 215 222 230 238 247 258 266 278 293 308 320 330 336 339 341 343 347
202 204 205 206 207 207 207 207 207 209 209 207 203 199 195 188 180 175 173 172 170 167 164 159 153 148 144 144 143 142 142 142 141 141 140 140 140 139 139 139 138 138 138 137 137 137 138 138 139 139 139 140 140 140 141 141 142 143 143 144 145 147 152 157 164 171 177 183 187 190 194 199 203 205 207 207 211 216 222 231 238 247 258 267 280 296 312 325 333 339 342 344 346 350
201 203 204 204 204 205 205 205 205 205 203 201 198 194 189 183 175 171 169 168 167 165 161 157 151 148 145 144 143 143 143 142 141 141 140 140 140 139 139 139 138 138 138 137 137 137 138 138 139 140 140 140 140 141 142 142 142 143 143 144 146 148 152 157 164 170 177 183 189 194 198 203 207 209 211 212 213 217 223 231 238 247 258 267 281 298 316 327 335 341 344 347 350 352
200 201 202 203 203 202 203 203 202 201 199 196 192 186 181 175 171 168 166 164 163 162 159 156 152 148 146 144 144 143 143 142 141 141 140 140 140 139 139 139 138 138 138 137 137 137 138 138 139 140 140 140 140 141 142 142 142 143 143 146 148 151 155 160 166 172 178 184 191 196 201 206 210 211 214 215 216 219 223 230 238 247 257 266 280 300 319 330 337 342 346 351 353 354
199 201 201 201 200 200 201 200 200 199 195 191 184 178 173 169 167 166 163 161 160 159 157 156 152 149 146 145 144 143 143 143 142 142 141 140 140 140 139 139 138 138 138 137 137 137 138 138 139 140 140 141 141 141 142 142 142 143 144 148 150 154 159 164 169 175 181 187 193 198 203 208 210 213 215 216 218 219 223 229 237 247 256 266 279 300 320 333 339 344 349 352 354 354
199 200 200 200 199 199 199 199 198 196 193 187 179 173 168 164 163 163 161 159 157 155 155 154 151 148 146 145 144 143 143 143 142 142 141 140 140 140 139 139 138 138 138 137 137 138 139 139 140 140 140 141 141 141 142 142 142 144 145 148 151 155 161 167 174 179 185 190 195 200 204 209 210 213 215 216 218 219 223 228 236 246 255 264 278 299 319 333 340 346 352 352 351 353
199 199 198 198 197 197 197 197 196 194 190 186 178 170 163 160 158 159 159 158 155 153 151 150 148 147 146 144 144 143 143 143 142 142 141 141 141 140 139 139 139 139 138 137 137 138 139 139 140 140 140 141 141 141 142 142 142 144 145 149 152 156 163 170 177 183 188 193 197 201 205 209 210 213 215 216 218 219 222 227 234 245 254 263 277 297 317 333 340 346 351 347 346 349
199 198 198 197 196 196 195 195 193 192 189 184 178 169 162 156 154 155 156 156 154 151 149 148 147 147 145 144 144 143 143 143 142 142 141 141 141 140 140 140 139 139 138 137 137 138 139 139 140 140 140 141 141 141 142 142 142 144 145 149 153 157 164 171 178 184 190 194 198 201 205 210 210 213 215 216 218 219 222 226 233 243 253 262 273 295 315 332 339 345 349 345 341 343
199 198 198 197 196 196 194 193 192 191 188 183 177 169 162 155 154 152 153 153 151 149 149 147 146 146 145 144 144 143 143 143 142 142 141 141 141 140 140 140 139 139 138 138 138 138 139 139 140 140 140 141 141 141 142 142 142 144 145 149 152 157 163 170 178 186 191 194 198 201 205 209 210 213 215 216 218 219 222 225 233 241 251 261 272 294 314 330 338 344 346 342 338 339
200 198 198 197 196 196 194 191 190 188 185 180 174 167 161 156 154 151 149 149 149 148 148 147 146 145 144 144 144 143 143 143 142 142 142 141 141 140 140 140 139 139 139 139 139 139 140 140 140 141 141 141 141 141 142 142 143 144 146 149 152 155 161 169 177 185 191 194 198 201 205 209 210 213 214 215 217 219 221 224 230 238 247 258 269 289 310 327 337 342 343 340 336 334
200 199 199 198 197 196 194 191 189 186 183 178 172 167 161 158 155 151 149 149 148 148 148 147 146 145 144 144 144 143 143 143 142 142 142 141 141 140 140 140 140 140 139 139 139 139 140 140 141 141 141 142 142 142 142 142 143 145 147 150 152 156 161 168 175 184 190 194 197 200 205 209 210 213 214 215 217 218 220 223 227 235 244 254 266 283 304 323 334 339 340 338 333 328
201 200 199 198 197 196 194 192 189 185 180 177 172 168 163 160 158 155 151 149 148 148 148 147 146 145 144 144 144 144 144 143 143 143 142 142 142 141 140 140 140 140 140 140 140 140 140 140 141 141 141 142 142 142 143 143 143 146 147 151 154 157 163 169 176 184 189 192 196 199 204 209 210 213 215 215 217 218 220 222 226 232 239 250 264 281 303 321 333 337 336 334 329 324
202 201 200 199 198 197 195 192 190 185 180 177 173 168 165 162 159 156 153 150 148 148 148 147 146 145 144 144 144 144 144 144 143 143 142 142 142 141 141 141 140 140 140 140 140 140 140 140 141 142 142 143 143 143 144 143 144 146 147 150 153 157 165 173 180 185 188 191 196 200 204 209 211 213 215 216 218 219 221 223 226 231 238 249 264 283 304 323 332 335 333 330 325 320
203 202 201 200 198 198 196 193 190 185 180 177 173 168 166 163 161 158 153 151 149 148 148 147 146 146 145 145 145 144 144 144 143 143 142 142 142 141 141 141 140 140 140 140 140 140 141 141 142 142 142 143 143 143 145 145 145 147 147 150 153 157 165 173 180 184 188 192 196 200 204 209 211 214 216 217 219 220 222 224 228 232 239 250 268 291 307 322 330 331 329 326 321 316
204 203 202 201 199 198 196 193 190 185 181 176 172 168 166 164 162 158 153 151 149 148 148 147 147 146 146 146 145 145 145 144 143 143 143 142 142 142 141 141 141 141 140 140 140 140 141 141 142 143 143 144 144 144 145 146 146 147 148 150 154 158 164 171 176 180 185 192 195 199 203 208 211 213 216 219 220 221 223 226 229 233 240 250 268 294 307 319 325 326 324 320 315 311
205 203 203 201 199 198 196 193 190 185 181 176 171 169 167 164 162 158 153 150 149 148 148 148 147 147 146 146 146 145 145 144 143 143 143 142 142 142 141 141 141 141 141 140 140 140 141 141 142 142 143 144 144 144 146 146 147 149 149 152 156 158 163 167 171 176 183 190 192 196 201 207 210 213 215 219 222 223 224 227 229 233 239 250 266 288 305 316 320 321 318 314 309 305
205 204 204 202 199 198 196 192 190 185 181 176 172 169 168 164 161 158 153 150 149 148 148 148 147 147 147 146 146 145 145 144 144 144 143 142 142 142 141 141 141 141 141 141 141 141 141 141 142 142 142 144 144 144 146 146 148 149 150 153 156 158 161 165 168 174 180 185 191 197 202 207 211 214 215 218 222 223 224 226 229 233 238 249 264 281 300 310 317 317 313 307 303 304
206 204 203 201 199 198 196 193 190 186 181 177 172 170 168 165 161 158 154 151 149 149 149 148 148 148 147 147 147 145 145 145 144 144 143 143 143 142 141 141 141 141 141 141 141 141 141 141 142 142 142 143 143 144 146 146 148 150 151 153 156 158 161 165 169 173 178 185 192 199 205 210 213 215 217 219 222 223 224 226 227 231 236 245 259 275 294 308 316 316 310 304 301 303
205 204 203 200 198 197 195 193 191 186 182 177 173 171 169 166 162 160 156 153 151 150 149 149 148 148 148 148 147 146 146 145 144 144 143 142 142 142 141 141 141 141 141 141 141 141 141 141 142 142 142 143 143 144 145 146 148 150 151 154 156 158 163 168 173 176 182 189 196 203 209 212 214 217 219 221 222 223 224 226 227 229 234 241 256 273 291 308 317 315 308 302 299 301
205 203 202 200 197 196 195 193 191 186 182 178 175 173 171 168 165 162 159 156 154 152 150 149 149 149 148 148 148 147 146 145 144 144 143 142 142 142 141 141 141 141 141 141 141 141 141 141 142 142 142 143 143 143 145 146 148 150 151 153 156 158 162 168 174 180 185 194 200 204 209 213 214 217 218 221 221 222 223 226 227 229 233 240 253 270 289 306 313 311 305 300 297 300
205 203 202 200 197 196 195 193 191 186 182 179 176 173 172 168 166 163 160 159 156 154 152 150 149 149 149 149 148 147 145 144 143 143 143 142 142 142 141 141 141 141 141 141 141 141 141 141 142 142 142 143 143 143 145 146 148 150 150 153 156 158 162 168 173 180 186 194 200 204 209 212 214 216 217 219 220 221 223 226 226 228 232 239 249 263 281 298 305 305 300 296 296 299
205 204 202 200 198 197 195 193 190 186 182 179 176 174 172 168 167 164 160 159 156 154 152 150 150 150 150 150 149 147 144 144 143 143 143 142 142 142 141 141 141 141 141 141 141 141 141 141 142 142 142 143 143 143 145 146 148 150 151 154 156 158 162 168 174 180 186 194 199 204 208 210 213 215 215 217 220 222 225 226 226 227 231 236 245 256 272 289 297 297 295 292 294 298
206 204 203 201 199 198 195 192 190 186 183 180 177 174 171 168 166 163 160 158 155 153 151 150 150 150 149 149 148 145 144 144 143 143 143 142 142 142 142 142 141 141 141 141 141 141 141 142 143 143 143 143 143 143 145 146 148 150 152 155 157 159 164 171 178 183 187 193 198 202 205 206 208 209 212 216 221 224 227 228 227 228 231 234 240 250 263 278 288 290 289 289 293 298
207 205 203 201 200 199 197 193 190 187 184 181 177 173 171 168 165 163 160 156 154 151 149 149 149 149 148 147 144 144 144 144 143 143 143 142 142 142 142 142 142 142 142 142 142 142 142 142 144 143 143 143 143 143 145 147 148 151 153 156 158 159 163 170 176 183 188 192 196 198 199 200 203 208 214 218 222 224 227 229 229 229 231 232 236 244 253 266 276 281 284 288 294 300
208 206 204 202 201 199 197 195 191 188 185 182 177 173 170 167 164 162 159 155 151 149 149 149 148 148 146 144 143 144 144 144 144 144 143 143 143 142 142 142 142 142 142 142 142 142 142 142 144 144 144 144 144 144 146 147 148 151 153 156 157 159 162 167 172 178 183 186 189 191 194 199 207 214 216 218 222 224 228 229 230 231 231 231 233 238 245 256 266 275 280 287 294 300
210 208 206 204 203 202 200 197 193 189 186 182 177 173 169 166 163 161 157 153 151 149 149 149 148 148 146 144 143 144 144 144 144 144 143 143 143 142 142 142 142 142 142 142 142 142 143 143 144 144 144 144 144 144 145 146 148 151 153 155 156 157 159 163 168 172 177 180 183 189 197 205 213 215 215 217 222 225 229 230 232 232 232 232 233 236 239 248 259 270 279 285 292 299
213 210 208 206 205 203 201 199 195 191 187 182 178 173 169 165 162 158 155 153 152 151 150 149 148 148 147 146 145 145 145 145 144 144 143 143 143 142 142 142 142 142 142 142 142 142 143 143 144 144 144 143 143 143 144 146 148 151 151 153 154 155 157 161 166 170 175 178 183 192 203 211 213 214 213 216 222 226 230 233 235 236 236 237 237 237 238 243 254 266 275 283 290 297
216 214 211 208 207 205 203 201 197 193 188 184 179 174 169 165 162 158 155 155 156 155 152 150 149 148 147 147 146 145 145 145 144 144 143 143 143 142 142 142 142 142 142 142 142 142 143 143 143 143 143 143 143 142 142 145 148 150 150 150 154 156 159 163 168 172 176 181 187 194 204 210 211 210 210 214 221 227 231 236 239 239 240 242 243 244 243 244 251 262 273 282 289 296
219 217 214 210 208 207 205 202 199 194 190 185 179 174 170 166 163 160 157 158 158 156 154 151 150 149 148 148 147 146 146 146 145 145 144 143 143 142 142 142 142 142 142 142 142 142 142 142 143 143 143 143 143 142 142 144 148 150 149 150 154 159 162 167 171 174 178 181 187 192 199 204 207 207 210 215 221 228 233 238 241 243 244 246 248 250 251 251 251 258 271 282 289 295
221 219 217 213 210 208 206 203 199 195 191 186 180 175 170 167 163 160 159 159 160 158 155 152 151 149 149 148 148 147 147 146 145 145 144 143 143 142 142 142 142 142 142 142 142 142 142 142 142 142 142 143 143 142 142 145 148 149 148 150 155 160 165 170 175 178 180 182 187 191 194 198 202 206 213 219 225 231 236 240 243 246 248 251 253 257 259 259 258 259 265 278 288 294
223 220 217 215 212 209 208 205 201 196 191 187 181 176 171 168 164 161 160 161 161 159 155 153 152 151 150 149 149 148 147 147 145 145 144 143 143 142 142 142 142 142 142 142 142 142 142 142 142 142 142 143 143 143 144 145 147 147 147 150 156 162 166 171 178 182 185 187 190 194 197 201 206 211 217 222 227 233 238 242 245 248 251 255 259 263 267 268 268 266 264 272 283 292
224 221 219 217 214 212 209 206 202 198 192 187 181 176 172 168 165 161 161 162 162 160 157 155 155 154 152 151 149 148 148 147 145 145 144 143 143 142 142 142 142 142 142 141 141 141 142 142 142 142 142 143 143 144 144 145 144 144 147 151 157 162 168 173 179 184 187 192 196 200 203 207 212 216 220 224 230 235 239 243 247 251 255 259 264 269 273 275 275 274 271 270 276 286
226 222 220 217 215 213 211 208 204 199 193 188 182 177 172 168 166 163 162 164 163 161 159 158 157 156 154 152 150 148 148 147 145 145 144 143 143 142 142 142 142 142 142 141 141 141 141 141 141 142 142 143 143 143 143 143 143 144 146 151 156 162 168 173 178 183 187 192 197 202 208 212 215 218 222 226 230 236 241 245 249 253 258 262 268 274 279 281 281 280 279 275 274 280
226 222 220 218 216 215 213 209 205 200 194 188 183 178 173 169 167 165 165 166 167 165 163 160 159 157 155 153 151 148 148 147 145 145 143 143 143 142 142 142 141 141 141 141 141 141 141 141 141 141 141 142 142 142 142 142 142 144 146 150 155 161 167 173 177 182 186 191 195 201 208 213 215 219 223 227 232 237 241 246 251 255 260 265 272 279 284 286 287 286 285 282 280 281
227 222 220 218 216 215 214 209 206 200 195 190 184 179 174 169 167 166 166 169 170 170 167 163 160 158 155 153 150 148 148 147 145 145 143 143 143 142 142 142 141 141 141 141 141 141 141 141 141 141 141 141 141 141 141 141 142 144 146 149 153 159 166 173 177 182 186 190 195 201 208 213 215 220 224 228 233 238 241 247 252 257 262 267 275 282 287 290 292 292 292 289 287 288
226 222 220 218 216 215 213 209 205 200 195 191 185 180 174 169 167 166 169 173 174 173 170 165 161 158 155 154 150 148 148 148 146 145 144 143 143 142 142 142 141 141 141 140 140 140 140 140 140 140 140 140 140 140 141 141 141 143 145 149 152 157 165 173 178 184 189 194 199 205 209 213 215 220 224 228 233 238 241 248 252 257 264 270 278 286 291 295 297 298 297 295 292 293
225 222 219 217 215 213 211 208 204 199 195 190 185 180 175 169 166 168 172 177 178 176 172 167 163 158 155 154 151 149 149 149 147 146 144 143 143 142 141 141 141 141 141 140 140 140 140 140 140 140 140 140 140 140 140 140 141 143 146 149 152 158 165 173 179 185 192 198 202 207 211 214 216 220 224 228 233 236 241 248 252 258 265 272 281 291 296 300 303 304 302 300 297 297
224 220 217 215 213 211 209 206 203 199 194 189 185 180 174 168 166 169 175 179 182 180 175 169 163 158 155 154 152 152 150 149 148 146 144 143 143 141 141 141 141 141 140 140 140 140 140 140 140 140 140 140 140 140 140 140 141 144 146 150 154 158 165 172 180 187 193 198 205 209 212 214 217 220 224 228 233 236 241 248 253 259 266 274 284 294 300 306 310 310 307 303 300 300
220 216 214 211 209 208 206 203 200 197 193 188 183 178 172 167 166 171 177 181 185 182 177 169 163 160 156 155 155 154 153 150 148 146 143 143 143 141 141 141 140 140 140 140 140 140 140 140 140 140 140 140 140 140 140 140 141 145 146 151 155 158 164 170 179 188 194 199 205 209 212 216 219 222 225 229 233 236 242 249 254 260 267 275 287 296 304 312 317 315 312 307 303 303
