geo_cache/2-3/elevation.txt
ncols         938
nrows         918
xllcorner     -72.41111111111111
yllcorner     42.504
cellsize      1.0E-5
NODATA_value  -9999
[rows 210 to 251 of 918, columns 188 to 281 of 938]
232 242 250 255 258 259 262 269 277 285 293 301 307 312 317 323 327 330 332 335 336 339 343 346 344 338 334 331 328 323 321 320 318 316 315 312 310 308 305 302 297 292 290 293 299 301 303 304 303 303 301 298 297 300 300 299 298 299 300 300 301 303 305 306 306 306 306 306 305 305 305 305 305 305 305 305 305 306 306 307 309 310 312 316 318 322 325 329 333 335 338 342 344 349
231 242 253 258 259 260 262 267 275 282 290 298 305 310 315 320 325 327 331 333 333 336 343 348 347 340 335 331 328 323 321 320 318 316 315 313 311 309 307 304 299 293 290 292 298 301 302 301 300 300 299 295 294 296 298 297 297 299 300 300 300 303 305 305 305 306 306 306 305 305 305 305 305 305 305 305 305 305 305 306 308 309 311 313 316 320 323 327 333 335 338 341 344 348
230 243 256 262 261 261 262 265 270 278 286 295 301 307 312 317 321 324 328 330 330 333 341 349 350 342 336 331 329 323 321 321 318 317 316 314 312 310 308 306 301 294 290 289 296 300 301 300 298 297 295 292 292 294 296 296 296 298 299 298 299 301 303 304 305 306 306 306 306 305 305 305 305 305 305 305 305 305 305 306 306 308 311 312 314 319 323 328 333 335 338 341 343 346
231 242 257 263 262 261 261 263 266 274 283 291 297 303 309 313 317 320 324 326 326 330 338 347 350 344 336 331 328 323 322 321 319 318 317 314 313 312 308 306 301 296 290 287 293 299 301 300 298 294 291 289 289 292 294 295 295 296 297 297 298 300 300 303 305 305 306 306 306 306 306 305 305 305 305 305 305 305 305 306 306 308 311 312 315 319 323 328 332 334 337 340 342 346
231 238 252 259 259 260 262 263 264 270 279 287 293 298 304 309 312 315 319 320 322 327 334 342 346 343 335 330 327 324 322 321 319 318 317 314 314 312 308 306 302 297 290 286 290 297 300 300 298 293 289 286 287 290 291 292 293 293 294 295 297 298 298 302 305 305 306 306 306 306 306 305 305 305 305 305 305 305 305 306 307 308 311 313 315 320 323 327 332 334 337 340 342 346
233 234 244 252 256 261 265 266 264 268 275 283 289 293 299 304 307 310 313 315 318 324 330 336 341 340 335 331 327 325 323 321 320 318 317 314 313 312 308 306 302 298 291 286 287 293 297 299 298 294 289 286 286 288 288 288 291 292 292 293 295 296 297 302 305 306 306 306 306 306 306 306 306 306 305 305 305 305 305 306 307 308 311 312 315 320 323 328 332 335 337 340 342 345
237 234 241 248 256 263 268 269 267 267 271 278 285 289 293 297 301 303 307 311 315 321 326 331 336 339 338 334 330 326 324 322 320 318 317 314 312 311 308 306 302 298 291 285 285 289 293 295 296 294 292 289 286 286 284 284 288 290 291 291 292 293 295 302 305 306 306 306 306 306 306 306 306 306 306 306 306 306 306 306 307 308 311 312 316 320 323 329 333 335 337 340 342 344
238 236 242 252 259 265 268 270 269 268 269 274 280 285 289 292 294 297 302 307 312 317 323 328 334 341 342 338 332 327 324 322 319 318 316 314 312 310 307 305 302 297 292 285 283 286 289 291 291 292 293 291 287 285 281 281 285 288 289 288 288 291 295 301 305 306 306 306 306 306 306 306 306 306 306 306 306 306 306 306 307 309 311 313 316 320 324 329 332 335 337 339 341 344
237 237 247 259 266 268 269 270 269 269 268 272 276 281 285 289 290 293 298 304 310 316 321 327 335 344 346 341 334 328 325 323 319 317 315 313 311 309 306 304 301 297 291 285 281 282 285 287 287 288 291 290 288 285 281 280 283 287 287 285 284 289 294 301 305 306 307 307 306 306 306 306 306 306 306 306 306 306 306 306 308 309 311 312 316 319 324 328 331 333 335 338 340 344
236 241 253 265 270 270 270 270 270 270 270 271 274 278 283 287 289 291 297 303 309 316 321 327 335 344 347 342 336 329 325 323 319 316 314 311 310 308 305 303 300 296 290 284 280 280 282 283 283 284 287 287 286 284 281 280 281 284 286 283 282 288 294 300 304 305 307 307 306 306 306 306 306 306 306 306 306 307 307 307 308 309 311 312 315 319 322 326 331 332 334 337 340 343
238 247 260 268 270 270 270 270 270 270 271 271 274 278 282 286 289 291 297 302 309 315 321 327 333 340 344 342 337 331 325 323 319 316 313 311 309 307 304 303 301 297 290 284 280 279 279 280 280 281 283 283 283 283 280 279 280 282 284 282 281 286 293 299 303 305 306 306 307 306 306 306 306 306 306 306 306 307 308 309 310 310 311 312 315 319 322 326 330 332 334 336 340 343
241 251 264 270 270 270 270 270 270 270 271 272 275 279 282 285 288 291 295 300 306 313 319 325 330 336 342 343 339 332 326 323 319 316 313 311 309 307 305 304 301 298 292 285 281 279 277 277 277 278 280 280 281 282 279 277 279 282 282 281 280 284 290 297 302 305 306 306 307 307 307 307 307 307 306 306 306 306 308 311 311 311 311 313 315 318 321 325 329 331 333 335 338 342
242 249 260 267 269 270 270 271 271 271 271 274 276 279 281 284 286 289 293 299 304 312 318 324 329 335 341 343 340 332 326 323 319 316 315 312 310 308 306 304 301 298 294 289 284 280 277 275 275 276 277 278 280 280 276 275 278 280 280 280 279 281 288 294 299 304 306 306 308 307 307 307 307 306 305 305 305 305 307 310 312 312 313 313 315 317 319 323 327 330 332 334 337 341
243 245 251 257 263 266 269 272 273 273 273 275 278 280 281 283 285 287 293 299 305 312 319 325 331 337 341 342 339 333 327 324 320 317 315 312 311 309 306 305 302 299 297 294 289 283 278 275 274 274 275 277 277 276 274 275 277 277 278 279 278 278 285 291 297 302 306 306 308 308 308 307 307 306 305 305 305 305 307 310 312 312 312 312 313 315 318 321 325 328 331 334 337 341
249 245 245 248 254 258 265 272 274 275 275 276 278 280 280 283 285 287 293 299 305 313 319 325 331 337 341 341 338 333 327 325 321 318 316 313 311 309 306 305 302 301 301 299 294 287 279 275 274 274 274 275 275 274 274 274 275 274 276 277 276 276 281 288 295 302 305 306 307 308 308 307 307 306 304 304 304 304 306 309 311 311 310 310 312 314 316 319 324 328 332 335 338 341
256 249 246 246 249 251 260 270 273 275 276 277 278 280 280 283 285 287 294 300 305 313 319 324 330 336 339 340 338 333 328 325 322 318 316 313 312 309 306 305 303 304 304 303 298 290 280 275 273 274 274 275 275 274 273 273 273 273 275 276 275 274 278 287 294 300 305 305 307 308 308 307 307 306 304 303 303 303 304 308 309 308 308 310 311 314 315 319 324 328 333 336 339 343
259 252 248 248 248 249 255 263 270 275 277 277 278 279 280 283 285 287 293 300 305 312 318 324 328 333 336 338 337 333 328 326 322 318 316 313 311 309 306 305 304 306 307 306 301 292 282 275 272 273 274 275 275 274 273 272 271 271 275 276 274 274 278 286 291 297 304 306 307 308 308 307 307 306 304 303 301 301 303 306 306 306 307 309 310 314 316 320 325 329 334 338 340 345
261 254 251 251 250 250 252 257 265 273 277 277 278 279 280 282 284 286 292 299 305 311 317 322 326 330 333 335 335 332 328 325 322 318 317 313 311 309 306 305 305 307 309 309 303 294 284 275 270 272 274 274 274 273 271 270 270 271 274 275 273 273 277 283 289 295 303 306 308 308 308 308 308 307 304 303 301 299 300 303 304 304 305 308 310 314 316 320 326 330 335 338 342 347
262 258 255 254 253 253 252 254 262 272 276 277 277 278 279 281 283 285 290 297 303 309 315 321 325 328 330 332 332 330 326 323 321 318 316 313 311 309 306 306 306 308 310 311 305 295 286 276 270 270 273 273 272 271 270 269 269 271 273 273 271 272 275 282 291 296 302 305 307 308 308 308 308 307 304 303 300 299 299 300 301 302 304 308 310 314 316 320 326 331 335 339 343 349
265 263 259 258 257 256 255 254 259 269 274 274 274 275 277 280 282 284 289 295 302 307 313 318 322 325 327 329 329 327 323 320 318 316 314 313 311 308 305 305 307 309 310 311 306 296 286 277 270 268 270 270 271 272 270 269 269 270 272 271 269 269 274 284 295 298 302 305 307 308 308 308 308 306 303 303 300 298 298 298 299 300 304 308 310 314 316 320 326 331 336 340 343 348
270 267 264 262 261 259 258 256 256 264 270 271 270 271 273 276 279 282 287 293 299 305 310 315 319 322 324 325 324 323 319 316 314 313 311 310 308 306 304 304 305 308 310 311 306 296 286 278 271 268 268 268 271 274 270 267 268 270 271 271 269 269 273 284 296 300 302 305 307 308 308 308 307 305 303 302 300 297 297 296 297 299 303 307 310 314 316 320 325 331 336 340 343 348
273 270 267 265 263 262 260 258 257 261 266 268 268 268 270 273 276 280 285 292 297 302 307 312 317 319 321 321 321 320 317 314 312 310 309 308 306 305 303 302 303 306 309 309 305 295 285 276 270 267 267 267 269 271 268 267 268 269 270 270 269 269 271 280 294 300 302 304 307 308 308 307 307 305 302 301 299 296 295 294 295 299 302 306 310 312 315 319 324 330 335 340 344 347
275 272 269 266 264 263 261 260 259 261 264 265 266 267 268 271 274 278 284 291 295 299 304 309 313 315 318 318 318 317 315 312 310 308 306 305 304 303 301 299 300 303 305 306 302 293 283 274 268 265 265 266 267 268 266 266 267 268 269 270 269 268 268 276 290 299 300 303 306 307 307 307 306 304 301 299 298 296 295 293 293 297 301 304 308 311 314 318 323 328 335 340 344 347
276 273 270 267 265 263 262 261 262 263 264 265 266 267 268 270 274 277 284 290 294 297 302 305 308 311 314 314 314 314 312 309 307 306 304 303 302 301 300 298 297 299 302 302 298 291 282 273 268 264 264 264 265 265 265 265 266 268 269 269 269 268 267 273 286 296 297 301 305 307 307 306 305 303 300 299 298 295 295 293 293 295 299 302 305 309 312 316 321 326 333 340 343 345
276 274 270 268 265 263 262 262 263 264 265 266 267 267 268 270 273 276 283 289 293 296 299 301 305 307 309 310 310 310 309 307 305 304 303 301 300 299 298 296 294 295 298 298 295 289 282 275 268 263 263 263 264 264 264 264 266 268 270 271 269 268 266 271 281 288 293 300 304 305 305 304 304 301 299 298 297 295 294 292 292 294 296 300 303 306 310 315 321 325 331 338 342 343
277 275 271 268 265 263 262 263 264 265 266 266 267 268 268 270 273 276 282 289 292 295 297 299 301 303 305 306 307 306 306 305 303 301 301 300 299 297 296 294 292 292 295 295 294 289 283 277 269 263 263 263 263 263 263 263 264 268 272 274 271 268 266 269 276 282 290 297 301 304 304 303 302 300 298 297 296 294 293 292 292 292 294 297 300 304 309 315 320 324 329 335 339 340
277 275 271 268 265 263 263 264 266 267 267 267 268 268 269 271 273 276 282 288 292 295 296 298 298 300 301 302 303 303 303 302 300 298 299 299 298 296 294 292 290 290 292 293 293 289 284 278 270 264 263 262 262 262 262 262 264 268 273 275 273 269 266 268 273 280 287 294 299 304 304 302 301 299 297 296 295 294 292 291 290 290 292 295 299 303 309 314 318 322 327 332 336 337
277 275 271 269 265 263 263 265 268 268 268 268 270 270 272 273 274 276 282 287 291 295 295 297 298 298 298 299 300 300 300 299 297 296 296 297 296 295 292 290 288 287 289 291 291 289 284 279 271 265 263 262 262 262 262 262 264 268 273 275 274 269 266 268 273 280 286 292 298 305 305 303 300 298 296 296 294 292 291 289 288 289 291 295 298 301 307 311 315 319 324 329 333 334
276 274 271 269 266 265 265 266 269 269 269 270 272 274 275 276 276 278 282 286 291 295 295 296 297 297 297 297 297 297 297 297 295 294 293 294 294 294 291 288 287 286 287 289 289 289 284 280 272 266 263 262 262 262 262 262 263 267 272 275 274 269 265 267 273 281 286 290 296 303 304 303 299 297 295 295 293 291 289 287 287 288 290 293 296 299 304 309 315 318 322 328 331 333
276 273 271 269 266 266 267 267 269 269 270 272 275 276 276 277 278 279 282 286 290 294 295 296 296 296 296 296 296 295 295 295 294 293 293 293 293 293 290 288 286 286 286 287 288 288 284 281 273 267 264 262 262 262 262 262 262 266 271 275 274 269 264 265 273 280 285 289 294 299 301 301 299 297 294 294 292 290 288 286 286 287 288 291 294 298 302 308 315 319 323 328 330 332
276 273 271 269 268 268 268 269 269 269 270 273 275 277 278 279 279 279 282 286 290 293 295 295 295 294 294 294 294 293 293 293 292 291 291 292 292 292 291 288 286 285 285 286 287 286 284 281 274 268 265 263 262 262 262 262 262 265 269 274 274 269 264 264 271 278 284 287 291 294 297 299 298 295 293 292 291 289 287 285 285 285 287 290 293 298 302 308 315 319 323 328 330 331
277 275 273 270 269 269 269 270 270 270 271 274 276 278 279 280 280 280 282 286 289 293 294 294 294 294 293 292 292 292 292 291 291 290 290 291 291 292 292 288 285 284 284 285 286 286 284 281 275 269 266 264 262 262 261 261 261 263 267 272 273 269 264 262 268 276 281 285 288 290 293 296 296 294 292 290 289 287 285 283 283 284 286 289 293 297 301 307 313 317 322 327 329 330
280 277 275 272 269 269 271 272 272 272 273 275 276 278 280 281 281 282 283 286 288 292 293 294 294 294 292 291 291 291 290 289 289 289 289 290 291 292 292 288 284 283 283 284 285 284 283 282 277 271 267 265 262 262 261 261 261 262 265 269 271 268 264 262 265 273 278 282 284 286 289 293 294 293 290 289 286 284 282 281 281 283 286 289 292 295 299 304 310 316 322 327 329 329
281 279 276 274 271 271 273 274 274 274 275 276 277 279 280 282 283 283 284 286 287 290 292 293 293 292 291 290 289 289 288 288 287 287 288 290 291 292 292 288 283 281 282 283 284 284 283 283 279 274 269 265 263 262 261 261 261 262 263 266 268 266 264 262 263 269 275 278 280 282 286 289 291 291 289 287 285 282 280 280 281 283 285 287 290 294 297 302 310 317 323 328 329 327
282 280 278 275 274 273 274 275 276 276 276 277 278 280 281 283 284 284 284 285 286 288 290 292 292 291 291 289 288 287 287 287 287 287 288 290 290 292 292 289 284 281 281 282 283 283 283 283 280 276 271 266 264 262 261 261 261 262 262 263 265 264 263 261 261 265 271 274 276 279 283 286 288 288 287 285 283 279 277 279 280 281 284 287 289 294 297 302 310 317 323 326 328 325
282 281 278 276 275 274 275 276 277 278 278 278 279 281 281 283 284 284 284 285 285 287 288 290 290 289 289 288 286 285 285 285 285 286 287 288 289 291 292 290 285 281 279 279 281 281 282 282 281 277 273 268 266 263 261 261 261 261 261 262 263 263 262 261 261 263 266 269 273 277 281 284 286 286 284 283 280 276 276 278 279 281 284 287 290 294 297 302 308 315 320 324 325 322
282 281 278 277 276 276 277 278 279 279 279 279 279 281 281 283 284 284 284 285 285 286 287 288 288 288 287 286 285 283 283 283 283 285 286 288 288 289 290 288 285 281 276 276 277 279 280 280 280 277 275 271 268 265 263 261 261 261 261 261 262 262 262 261 261 262 263 265 270 275 278 281 283 283 282 280 278 275 275 277 279 281 285 288 290 294 297 301 306 312 316 320 320 317
282 281 279 278 277 278 278 280 280 280 280 280 280 281 281 283 284 284 285 285 285 286 286 287 287 287 286 285 284 282 281 281 283 285 286 286 286 287 287 286 285 281 276 273 273 275 276 278 278 277 275 272 269 266 264 262 261 260 259 260 260 260 260 260 261 261 262 264 268 271 275 278 281 281 279 278 276 274 274 277 279 280 283 287 289 292 295 299 303 308 311 314 315 313
282 281 280 280 279 279 280 281 281 281 281 281 281 281 283 284 284 284 286 286 286 286 286 286 286 286 285 284 283 281 281 281 283 285 285 285 285 286 286 285 283 280 276 270 270 271 272 275 277 277 275 273 269 267 264 262 261 259 258 258 258 259 259 260 260 261 262 263 265 268 272 277 280 280 278 276 275 274 275 278 280 281 283 286 287 290 293 296 300 304 307 309 310 310
282 282 281 281 280 280 281 282 282 282 282 282 282 282 284 285 286 286 286 286 286 286 286 285 285 285 284 283 282 281 280 281 283 284 283 283 283 284 284 283 282 280 276 269 267 268 269 272 276 276 275 272 269 267 265 263 261 259 258 258 258 258 258 258 259 260 261 262 264 267 271 276 279 280 277 275 274 274 276 278 281 283 284 286 286 288 291 294 297 300 304 306 307 307
283 283 282 282 281 281 281 282 283 283 283 283 283 284 285 286 287 287 286 286 286 286 286 285 284 284 283 282 281 280 280 282 284 283 283 281 281 281 282 282 281 279 276 270 266 265 266 269 274 275 274 271 268 267 265 263 261 258 258 258 258 258 258 258 258 258 261 262 264 267 270 274 277 278 276 275 274 275 276 279 282 284 286 286 286 288 289 292 294 296 300 303 304 305
284 283 282 282 281 282 282 283 283 283 283 283 283 285 286 287 288 288 287 286 286 286 286 285 284 284 282 281 281 280 281 285 286 284 283 281 281 280 280 280 280 279 276 271 265 263 264 268 272 274 273 270 267 266 264 262 260 257 257 257 258 258 257 257 257 257 260 262 264 267 268 272 276 276 275 274 274 274 276 279 283 285 287 288 288 289 290 291 293 294 296 300 302 304
