geo_cache/5-0/elevation.txt
ncols         949
nrows         918
xllcorner     -71.37777777777778
yllcorner     41.76
cellsize      1.0E-5
NODATA_value  -9999
[rows 174 to 231 of 918, columns 96 to 191 of 949]
57 58 58 58 58 58 58 58 58 59 59 59 59 60 60 60 60 60 60 60 61 64 64 64 63 63 61 61 59 59 58 57 57 57 57 56 57 57 57 57 57 57 58 60 60 59 59 59 57 55 53 53 53 53 53 54 54 55 55 55 56 56 57 57 56 55 55 54 54 54 55 56 57 54 48 46 45 45 45 46 46 48 48 48 47 47 45 45 45 44 44 43 43 42 42 42
58 58 58 58 58 58 57 58 58 58 58 59 59 59 60 60 60 60 60 60 61 64 64 64 63 63 61 61 60 59 58 57 57 57 57 56 56 56 57 57 57 57 58 59 59 59 59 58 56 54 53 53 53 53 53 54 54 55 55 55 56 56 57 57 56 55 55 54 54 54 55 56 57 54 48 46 45 45 45 46 46 48 48 48 47 47 45 45 45 44 44 43 43 42 42 42
58 59 58 58 58 58 57 58 58 58 58 59 59 59 60 60 60 60 60 60 61 63 64 64 63 63 61 61 60 60 59 57 57 57 57 56 56 56 57 57 57 57 57 58 58 59 59 58 56 54 53 53 53 53 53 54 54 55 55 55 56 56 58 58 57 55 55 55 55 56 56 56 56 51 47 47 46 45 45 46 46 48 49 49 48 48 46 46 45 45 44 43 43 42 42 42
57 58 58 58 57 57 57 58 58 58 58 59 59 59 59 59 60 60 60 60 60 63 64 64 63 63 61 61 60 60 59 57 57 57 57 56 56 56 56 56 57 57 57 57 57 58 58 58 56 53 53 53 53 53 53 54 54 54 54 55 56 56 57 57 57 56 56 56 56 55 55 56 54 50 49 49 48 46 46 46 47 49 49 49 48 48 48 47 47 46 45 44 43 42 42 42
57 58 58 58 57 57 57 58 58 58 58 59 59 59 59 59 60 60 60 60 60 62 63 64 63 63 61 61 59 59 58 57 57 57 57 56 56 56 56 56 57 57 57 57 57 58 58 58 55 53 53 53 53 53 53 54 54 54 54 55 56 56 57 57 57 57 57 57 57 55 54 54 53 52 53 53 50 47 47 47 47 48 48 48 49 49 49 49 49 48 47 45 43 42 42 42
57 58 58 58 57 57 57 58 58 58 58 59 59 59 59 59 60 60 60 60 60 62 63 64 63 63 61 61 59 59 58 57 57 57 57 56 56 56 56 56 56 56 57 57 57 58 58 58 55 53 53 53 53 53 53 54 54 54 54 55 56 56 56 56 57 57 57 57 57 55 53 52 53 53 54 53 50 47 47 48 49 49 48 48 49 49 49 49 49 49 48 46 44 43 42 42
57 58 58 58 58 58 58 58 58 58 58 59 59 59 59 59 60 60 60 60 60 62 62 64 63 63 61 61 59 59 58 57 57 57 57 56 56 56 56 56 56 56 57 57 57 58 58 58 54 53 53 53 53 53 53 54 54 54 54 55 56 56 56 56 57 57 57 57 57 54 51 51 52 53 53 51 48 47 47 50 51 50 49 49 50 50 50 50 50 50 49 47 45 43 42 42
57 58 57 57 57 57 58 59 59 59 59 59 59 59 59 59 59 59 60 60 60 62 62 63 63 63 61 61 59 59 58 57 57 57 57 56 56 56 56 56 56 56 56 57 57 58 58 57 54 53 53 53 53 53 53 54 54 54 54 55 56 56 56 56 56 57 57 57 56 53 50 50 51 52 51 49 48 47 48 52 53 51 50 50 50 50 51 51 51 50 49 47 45 43 42 42
56 57 57 56 57 57 58 59 60 59 59 59 59 59 59 59 59 59 60 60 60 61 62 63 63 63 61 61 60 59 58 57 57 57 57 56 56 56 56 56 56 56 56 57 57 57 57 56 53 53 53 53 53 53 53 54 54 55 55 55 56 56 56 56 56 57 57 57 56 52 50 50 50 51 50 50 49 49 51 54 54 52 51 51 51 51 51 51 51 50 50 47 46 43 42 42
56 56 56 55 56 57 59 59 60 59 59 59 59 59 59 59 59 59 60 60 60 61 61 62 62 62 62 62 60 59 58 57 57 57 57 56 56 56 56 56 56 56 56 56 56 57 56 54 53 53 53 53 53 53 53 54 54 55 55 55 56 56 55 55 55 56 57 56 55 52 50 50 51 53 53 53 52 54 54 55 55 53 51 51 51 51 51 51 51 50 50 47 46 44 42 42
55 55 55 55 56 57 58 59 59 59 59 59 59 59 59 59 59 59 60 60 60 61 61 61 61 61 62 62 60 60 58 57 57 57 57 56 56 56 56 56 55 55 55 55 55 56 55 54 53 53 53 53 53 53 53 54 54 55 55 55 56 56 55 55 54 55 55 55 54 51 50 50 52 55 56 57 56 56 56 55 55 53 52 51 51 51 51 52 52 51 50 47 45 43 42 42
55 54 54 54 55 57 58 58 58 58 58 58 58 58 58 58 59 59 59 60 60 61 61 61 61 61 61 61 60 60 59 57 57 57 57 56 56 56 56 56 55 55 55 55 55 55 55 53 53 53 53 53 53 53 54 55 55 55 55 55 56 56 54 54 54 54 54 54 54 52 51 51 54 56 58 58 57 57 57 56 55 54 52 52 52 52 52 52 52 51 49 47 44 42 42 42
55 54 54 54 54 56 57 58 58 58 58 58 58 58 58 58 58 58 59 59 59 60 60 60 60 60 61 61 60 60 59 58 58 57 57 56 56 56 55 55 55 55 55 55 55 55 55 53 53 53 53 53 54 54 54 55 55 55 55 55 56 56 54 54 54 54 54 54 54 53 52 52 54 56 58 58 58 57 57 56 56 54 53 52 52 53 52 52 52 51 48 46 43 42 42 42
55 54 54 54 54 54 56 57 57 57 57 58 58 58 58 58 58 58 58 59 59 60 60 60 60 60 60 60 60 60 59 58 58 57 57 56 56 56 55 55 55 55 55 55 55 54 54 54 53 53 53 55 56 55 55 55 55 56 56 56 56 56 55 55 54 54 54 54 54 54 53 53 54 55 57 58 57 58 58 56 56 54 53 53 52 53 53 53 53 51 47 45 43 42 42 42
55 54 54 54 53 53 54 55 56 57 57 58 58 57 58 58 58 58 58 58 58 59 59 60 60 60 60 60 60 60 59 58 58 57 57 56 56 56 55 55 55 55 55 54 54 54 54 53 53 53 53 55 56 55 55 55 55 57 57 56 56 56 56 56 55 55 55 55 55 55 55 55 54 54 55 56 56 57 57 56 56 54 53 53 52 52 53 53 52 49 45 44 43 42 42 42
54 53 53 53 53 52 52 53 55 56 57 57 57 57 57 57 57 57 57 58 58 59 59 59 60 60 60 60 59 59 59 58 58 57 57 56 56 56 55 55 55 55 55 54 54 54 54 53 53 53 54 55 55 55 55 55 55 57 57 57 56 56 56 56 55 55 56 57 57 56 56 56 56 54 53 54 55 56 56 56 55 54 53 53 52 53 53 52 50 47 44 43 43 42 42 42
54 53 52 52 52 52 52 53 54 55 55 56 56 56 56 56 57 57 57 57 57 58 58 59 60 60 60 60 59 59 59 58 58 57 57 56 56 56 56 56 55 55 55 54 54 54 54 53 53 53 55 54 54 55 55 55 55 56 56 56 56 56 56 56 56 56 56 57 57 57 57 57 56 54 51 53 54 55 55 55 55 54 54 54 54 54 53 51 48 45 44 43 43 42 42 42
54 53 52 52 52 52 52 52 53 54 55 55 55 56 55 55 56 56 57 57 57 58 58 59 59 59 60 60 59 59 59 58 58 57 57 56 56 56 56 56 55 55 55 55 55 54 54 53 53 53 54 54 54 55 55 55 55 56 56 56 56 56 56 56 56 57 57 56 57 57 56 56 55 53 51 51 53 54 55 55 55 54 54 54 54 54 53 50 47 45 44 43 43 42 42 42
54 53 52 52 51 51 52 52 52 53 54 55 55 55 55 55 55 55 56 57 57 58 58 59 59 59 60 60 59 59 59 58 58 57 57 57 56 56 56 56 55 55 55 54 54 54 54 53 53 53 54 54 54 55 56 56 55 56 56 56 57 57 57 57 57 57 57 56 56 57 56 54 53 52 51 51 52 53 54 54 54 54 54 54 54 54 53 50 47 44 44 43 43 42 41 41
54 53 53 53 51 51 51 51 51 52 53 54 54 54 54 54 55 55 56 56 56 58 58 58 59 59 59 59 59 59 59 59 58 57 57 57 56 56 56 56 55 55 55 54 54 53 53 53 53 53 54 54 54 55 56 57 57 56 56 57 57 57 57 57 57 57 57 55 55 57 56 54 52 52 50 50 50 53 54 54 54 54 54 54 54 54 52 50 47 45 44 44 43 42 41 41
54 53 53 53 51 51 51 51 51 51 52 53 53 54 54 54 54 54 56 56 56 58 58 58 59 59 59 59 60 60 60 60 59 58 58 57 57 57 56 56 55 55 55 54 54 53 53 53 54 54 55 56 56 56 56 58 58 57 57 57 58 58 57 57 57 57 57 56 55 55 55 54 52 52 50 50 50 52 53 54 54 54 54 54 53 54 51 48 46 45 45 44 43 42 41 41
54 53 53 53 52 52 51 51 51 51 51 52 53 53 53 53 54 54 55 56 56 57 57 58 58 58 59 59 60 60 60 60 60 59 58 57 57 57 56 56 55 55 55 54 54 53 53 53 54 54 56 58 58 57 57 58 58 57 57 57 58 58 57 57 57 58 58 57 55 54 54 54 52 52 51 50 50 51 53 53 53 54 54 54 52 52 49 46 45 45 45 44 43 42 41 41
55 53 53 53 52 52 51 51 51 51 51 52 52 52 53 53 54 54 55 56 56 57 57 58 58 58 59 59 60 60 60 61 61 59 59 58 57 57 56 55 55 55 55 54 54 53 53 53 54 54 56 59 58 57 57 57 57 57 57 57 58 58 57 57 57 58 59 58 55 54 54 54 53 54 53 50 49 50 52 53 53 54 54 54 50 49 47 46 45 45 44 43 43 43 41 41
55 53 53 53 52 52 51 51 51 51 51 51 51 52 53 53 54 54 55 56 56 57 57 57 58 58 58 58 59 59 60 60 60 59 59 58 57 57 55 55 55 55 55 54 54 53 53 53 54 54 56 58 57 57 57 57 57 57 57 58 57 57 57 57 58 59 59 59 56 54 54 54 54 56 56 52 49 49 51 52 52 54 55 54 50 48 47 47 47 45 44 43 43 43 42 41
54 53 53 53 52 52 51 51 51 51 51 51 51 52 53 53 54 54 55 56 56 57 57 57 58 58 58 58 59 59 59 59 59 59 59 58 57 57 55 54 54 54 54 54 54 53 53 53 54 54 55 56 57 56 56 57 57 57 57 58 57 57 57 57 58 60 60 59 57 55 54 54 56 57 56 53 49 48 50 51 51 53 55 53 49 48 48 47 47 44 44 43 43 43 42 41
53 53 52 52 52 52 51 51 51 51 51 51 51 52 53 53 54 54 55 56 56 56 56 57 57 57 58 58 58 58 59 58 58 58 58 58 57 57 54 54 54 54 54 53 53 53 53 53 55 55 55 55 56 56 56 56 56 56 57 57 56 56 57 58 59 59 59 57 56 55 55 55 56 56 55 52 48 48 49 51 50 51 53 52 48 48 47 47 45 44 44 43 43 42 41 40
52 52 52 52 52 52 51 51 51 51 51 52 52 52 53 53 54 54 55 56 56 56 56 57 57 57 58 58 58 58 57 57 57 58 58 57 57 57 54 54 54 54 54 53 53 53 53 53 55 56 55 55 56 56 56 56 56 55 56 56 56 56 58 58 59 59 58 56 56 55 55 55 55 55 54 51 48 47 49 49 49 50 51 50 48 48 46 45 45 44 44 42 42 42 40 40
51 51 51 51 51 51 51 50 50 51 51 52 52 53 53 54 54 54 55 56 56 56 56 57 57 57 58 58 57 57 56 56 57 57 57 57 56 56 54 54 54 54 54 53 53 53 53 53 54 56 55 55 56 56 56 56 56 55 55 55 55 55 58 59 59 58 58 55 55 54 54 54 55 55 53 50 47 46 48 48 47 48 49 48 48 48 46 44 44 43 43 42 42 41 40 40
51 50 50 50 50 50 49 50 50 51 51 52 53 53 54 54 55 55 55 55 55 56 56 57 57 57 58 58 57 56 55 55 56 56 56 56 56 56 55 55 54 54 54 54 54 53 53 53 54 54 55 55 56 56 56 57 56 54 54 54 55 56 58 60 60 57 57 55 54 53 52 53 55 55 53 50 46 46 47 47 45 46 48 48 47 47 45 44 44 43 43 42 42 41 40 40
50 49 49 49 49 49 49 50 50 51 51 53 53 54 55 55 55 55 55 55 55 56 56 57 57 57 58 58 56 55 54 55 55 55 55 55 56 56 55 55 55 55 54 54 54 53 53 53 54 54 55 55 56 56 56 56 55 54 54 53 55 58 59 60 60 57 56 55 53 52 51 53 54 54 52 50 46 45 46 45 44 46 48 48 46 46 45 44 44 43 43 42 42 41 40 40
50 49 48 48 49 49 49 50 50 51 51 53 53 54 55 55 55 55 55 55 55 56 56 57 57 57 58 58 56 54 53 55 55 55 55 55 55 55 55 55 55 55 55 55 55 54 54 54 54 54 55 55 56 56 56 56 55 54 54 53 55 57 58 58 58 57 55 54 52 50 50 51 53 54 52 50 47 45 45 45 44 45 47 47 45 44 44 44 44 43 43 42 42 41 41 40
50 48 48 48 49 50 50 50 50 51 51 53 53 54 55 55 55 55 55 55 55 56 56 56 57 57 57 57 55 53 52 55 55 54 54 55 55 55 56 56 56 56 56 57 57 55 54 54 55 55 55 55 56 56 56 57 57 55 54 53 53 54 54 55 56 55 54 52 51 49 48 50 52 52 52 51 47 45 45 46 46 45 45 46 45 43 42 44 44 43 43 42 42 42 42 42
51 48 48 48 49 50 50 50 50 51 51 53 53 54 55 55 54 54 55 55 55 56 56 56 56 56 56 56 54 52 52 54 54 54 54 54 55 55 56 56 57 57 56 56 56 56 55 54 55 55 55 55 56 56 56 57 57 55 54 53 52 52 52 53 54 54 53 51 49 48 47 48 50 52 52 51 47 45 45 45 46 45 44 45 45 43 42 43 44 43 43 42 42 42 42 43
51 48 48 48 49 49 51 51 51 51 51 53 53 54 55 55 54 54 55 55 55 56 56 56 56 56 56 56 54 51 51 54 54 54 54 54 55 55 56 56 56 56 55 55 55 56 56 55 55 55 56 56 56 56 56 56 56 55 54 53 52 52 51 51 51 52 52 50 48 46 46 47 49 51 51 50 47 45 45 45 45 44 43 43 43 42 42 42 42 43 43 42 42 42 42 43
50 48 48 48 49 49 50 50 50 51 51 53 53 54 54 54 54 54 55 55 55 55 55 55 55 55 55 55 53 51 51 53 54 54 54 54 55 55 56 56 56 56 55 55 55 57 57 56 56 56 56 56 56 56 56 56 56 55 55 54 53 52 51 50 48 50 50 49 46 45 45 46 47 49 50 49 47 45 45 44 44 44 43 43 42 42 42 42 42 42 42 42 42 42 42 42
50 48 48 48 49 49 50 50 50 51 51 53 54 55 54 54 54 54 56 56 55 55 55 55 55 55 54 54 52 51 51 52 53 53 53 54 54 54 56 56 56 56 55 55 55 57 57 57 57 57 57 57 57 57 57 57 57 58 58 57 55 55 52 49 47 47 47 47 45 44 44 44 46 48 48 48 47 45 45 44 43 43 43 43 42 42 42 43 43 42 42 42 42 42 42 42
50 48 48 48 49 49 49 49 49 51 51 53 54 55 54 53 53 54 55 55 54 54 54 54 54 54 54 53 51 51 51 51 52 52 53 54 54 54 56 56 56 56 55 55 56 57 57 57 57 57 57 57 58 59 57 56 57 60 61 60 59 58 54 51 47 45 45 45 44 43 43 44 45 46 47 47 47 45 45 44 43 43 43 43 43 43 43 43 43 42 42 42 42 42 42 42
50 48 48 48 49 49 49 49 49 51 51 52 54 55 53 53 53 53 53 53 53 54 54 53 53 53 52 52 51 51 51 51 51 52 52 54 54 54 56 56 57 57 57 57 57 57 57 57 57 57 57 58 61 61 58 56 57 61 64 64 63 60 56 53 48 43 43 43 43 43 43 43 44 44 45 46 46 45 45 45 43 43 43 43 43 43 43 43 43 42 42 42 42 42 42 42
51 48 48 48 48 48 48 49 49 51 51 51 53 53 52 52 52 52 52 53 53 54 54 53 52 52 51 51 50 50 51 51 51 52 52 54 54 54 56 56 57 57 57 57 57 57 57 57 57 57 58 61 64 61 58 56 57 62 66 68 64 60 56 53 49 43 43 43 43 43 43 43 43 43 45 45 45 45 45 45 44 43 43 43 43 43 43 43 43 42 42 42 42 42 42 43
50 48 48 48 48 48 48 49 49 51 51 51 52 53 52 51 51 51 51 53 54 54 54 54 54 52 50 50 50 50 51 52 52 53 53 54 54 54 56 56 56 56 56 56 56 57 57 57 57 57 60 64 64 61 58 56 58 63 68 69 64 59 55 52 48 43 43 43 43 43 43 43 43 43 45 45 44 44 44 43 43 43 43 43 43 43 43 43 43 42 42 42 42 42 42 44
49 48 48 48 48 48 48 49 49 51 51 51 53 54 52 50 50 50 51 54 55 54 55 57 56 53 50 50 50 50 51 52 52 53 53 54 54 54 56 56 55 55 55 55 56 57 57 57 57 57 61 65 64 61 57 56 59 65 70 70 64 59 54 50 46 43 43 43 43 43 43 43 43 43 44 44 43 44 43 43 43 43 43 43 43 43 43 43 43 42 42 42 42 42 43 44
49 48 48 48 48 48 49 49 49 51 51 51 54 55 52 50 49 49 52 56 57 55 57 58 57 54 51 51 51 51 51 52 52 52 52 53 54 54 55 55 55 55 55 55 56 57 57 57 57 57 61 65 64 60 56 56 60 66 71 71 64 60 54 50 46 43 43 43 43 43 43 43 43 43 44 44 43 43 43 43 43 43 43 43 43 43 43 43 43 43 43 42 42 42 43 44
49 48 48 48 48 48 49 49 50 51 51 52 55 56 53 50 49 49 52 57 58 56 58 59 57 54 51 51 51 51 51 52 52 51 51 53 54 54 55 55 54 54 54 56 57 57 57 57 57 57 60 65 64 60 56 56 60 67 71 70 64 60 54 49 45 43 43 43 43 43 43 43 43 43 44 44 43 43 43 43 43 43 43 43 43 43 43 43 43 43 43 42 42 43 43 44
48 48 48 48 48 48 49 50 50 51 51 53 56 56 53 49 49 49 54 59 59 58 59 59 57 53 51 51 51 51 52 52 52 51 51 52 53 54 55 55 54 54 54 56 58 58 58 58 57 57 60 63 62 58 56 56 60 65 68 68 64 60 53 48 44 43 43 43 43 43 43 43 43 43 43 43 43 43 43 43 43 43 43 43 43 43 43 43 43 43 43 43 43 44 45 45
48 48 48 48 48 48 50 50 50 51 52 54 57 56 52 49 49 50 55 60 62 61 60 60 58 53 51 51 52 52 52 52 52 51 51 51 52 54 54 54 54 54 54 57 59 59 59 58 57 57 59 61 60 57 56 56 58 63 66 67 64 59 52 47 44 43 43 43 43 43 43 43 43 43 43 43 43 43 43 43 43 43 43 43 43 43 43 43 44 44 44 44 44 44 45 45
47 48 48 48 48 48 50 51 51 52 53 55 57 55 50 49 49 50 55 61 64 63 62 62 59 54 51 51 52 52 52 52 52 51 51 51 52 52 54 54 54 54 54 58 60 60 60 59 58 58 59 59 59 56 56 56 56 61 64 65 63 57 50 45 43 43 43 43 43 43 43 43 43 43 43 43 43 43 43 43 43 43 43 43 43 43 43 43 44 46 45 45 45 45 45 45
47 47 48 48 48 48 50 51 52 53 55 56 55 53 49 49 49 50 56 62 65 65 64 63 59 54 50 50 52 52 52 52 52 50 50 51 51 52 54 54 54 54 55 59 61 61 61 60 59 58 58 58 57 56 56 56 56 61 64 63 60 54 48 44 43 43 43 43 43 43 43 43 43 43 43 43 43 43 43 43 43 43 43 43 43 43 43 43 44 46 46 45 45 45 45 45
47 47 48 48 49 49 50 51 53 55 56 56 53 51 49 49 50 50 56 62 65 67 66 63 59 53 49 50 52 51 51 51 51 50 50 50 51 51 54 54 54 54 55 60 61 61 61 61 59 59 58 58 57 56 56 56 58 62 62 61 58 53 48 45 43 43 43 43 43 43 43 43 43 43 43 43 43 43 43 43 43 43 43 43 43 43 43 43 44 45 45 46 46 46 45 45
47 47 48 48 49 49 50 52 54 57 57 55 51 49 49 49 50 51 56 62 66 68 67 63 59 53 49 49 50 50 50 51 51 50 49 49 51 51 53 53 54 54 55 60 61 62 62 61 60 60 58 58 57 57 57 57 60 63 62 60 56 53 48 46 44 43 43 43 43 43 43 43 43 43 43 43 43 43 43 43 43 43 43 43 43 43 43 43 43 44 45 46 46 46 46 46
47 47 48 48 48 48 51 52 54 56 55 52 50 49 49 49 50 52 56 62 67 69 68 63 59 53 48 48 48 49 50 50 50 49 48 49 51 51 53 53 53 53 55 59 61 62 62 61 60 60 58 58 56 56 56 58 61 62 60 59 56 52 48 46 44 43 43 43 43 43 43 43 43 43 43 43 43 43 43 43 43 43 43 43 43 43 43 43 43 43 44 46 46 46 47 47
47 47 47 47 48 48 51 52 54 55 52 50 49 49 49 50 51 55 58 62 67 69 66 63 59 54 48 48 48 49 50 50 49 48 48 49 50 51 52 52 53 53 55 59 60 62 62 61 61 60 58 58 56 55 55 57 59 59 57 57 55 51 48 45 43 43 43 43 43 43 43 43 43 43 43 43 43 43 43 43 43 43 43 43 43 43 43 43 43 43 44 45 45 46 46 46
47 47 47 47 48 48 51 53 54 53 50 49 49 49 50 52 54 57 61 64 67 67 63 60 57 54 48 48 48 48 49 48 48 48 48 49 50 50 52 52 53 53 55 58 60 62 62 62 62 61 59 58 57 55 54 54 56 56 53 53 52 50 48 45 43 43 43 43 43 43 43 43 43 43 43 43 43 43 43 43 43 43 43 43 43 43 43 43 43 44 44 45 45 46 46 46
47 47 47 47 48 48 51 53 54 51 50 49 49 49 51 54 57 60 63 66 67 63 60 58 56 52 48 48 48 48 48 48 48 48 48 49 50 51 53 53 53 53 55 58 59 61 61 62 63 62 61 59 57 55 53 52 53 53 51 51 50 49 47 45 43 43 43 43 43 43 43 43 43 43 43 43 43 43 43 43 43 43 43 43 43 43 43 43 43 45 45 45 45 46 46 46
47 47 47 47 48 48 50 52 52 50 50 51 51 50 52 56 59 62 65 66 65 61 58 56 53 50 47 47 47 47 48 48 48 48 48 49 50 53 55 54 54 54 54 57 59 61 61 62 64 64 62 60 58 55 53 50 50 51 51 49 49 48 46 44 43 43 43 43 43 43 43 43 43 43 43 43 43 43 43 43 43 43 43 43 43 43 43 43 44 45 45 46 46 46 46 46
47 47 47 47 48 48 49 50 50 50 50 54 53 51 54 58 61 64 66 66 64 60 56 53 51 49 47 47 47 47 47 47 48 50 49 49 51 54 55 54 54 54 54 56 58 60 61 62 64 64 64 61 58 54 52 49 47 49 49 48 48 47 44 43 43 43 43 43 43 43 43 43 43 43 43 43 43 43 43 43 43 43 43 43 43 43 43 43 44 45 45 45 45 45 46 46
47 47 47 47 48 48 49 50 50 50 50 54 55 54 55 59 62 64 65 64 62 58 54 51 49 48 47 47 47 47 47 47 49 51 51 51 52 53 53 53 53 53 53 55 57 59 60 61 64 64 64 62 58 54 52 48 46 46 46 46 46 44 43 43 43 43 43 43 43 43 43 43 43 43 43 43 43 43 43 43 43 43 43 43 43 43 43 44 44 45 45 45 45 45 46 46
47 47 47 47 48 48 49 50 50 50 50 53 55 56 56 59 60 63 63 62 59 55 52 49 48 48 47 47 46 46 46 48 49 49 50 52 53 53 52 52 52 52 53 54 55 57 59 61 63 63 64 62 58 54 50 47 45 44 44 43 43 43 43 43 43 43 43 43 43 43 43 43 43 43 43 43 43 43 43 43 43 43 43 43 43 43 44 45 45 45 45 45 45 45 45 45
47 47 47 47 48 48 49 50 50 51 51 53 56 57 57 57 59 61 61 59 55 53 50 49 48 48 46 46 46 46 46 47 48 49 50 53 53 53 52 52 52 52 52 53 54 55 57 60 62 62 62 60 57 52 49 45 43 43 43 43 43 43 43 43 43 43 43 43 43 43 43 43 43 43 43 43 43 43 43 43 43 43 43 43 43 43 45 45 45 45 45 45 45 45 45 45
