geo_cache/5-0/elevation.txt
ncols         949
nrows         918
xllcorner     -71.37777777777778
yllcorner     41.76
cellsize      1.0E-5
NODATA_value  -9999
[rows 464 to 521 of 918, columns 384 to 479 of 949]
44 44 44 44 44 44 43 42 42 41 41 41 41 41 40 40 39 37 35 35 35 35 34 34 33 33 33 33 33 32 32 32 32 32 32 32 31 31 31 31 31 31 31 31 31 31 32 32 33 34 38 44 49 54 58 61 61 59 56 51 46 42 41 40 40 41 41 41 41 41 42 42 42 42 42 42 42 42 42 42 42 42 44 44 45 45 45 45 47 50 51 52 55 56 57 58
45 45 45 45 44 44 43 42 42 42 42 42 42 42 42 42 41 38 37 36 36 35 34 34 33 33 33 33 33 32 32 32 32 32 32 32 31 31 31 31 31 31 31 31 31 31 31 31 33 34 38 45 50 55 59 62 63 61 59 54 48 44 41 40 40 41 41 41 42 42 42 42 42 42 42 42 42 42 42 42 42 42 43 43 44 45 45 46 48 50 52 53 55 56 58 58
45 45 45 45 44 44 44 43 43 43 42 42 42 42 42 41 40 38 37 35 35 35 34 34 33 33 33 33 33 32 32 32 32 32 32 32 31 31 31 31 31 31 31 31 31 31 31 31 33 35 40 46 50 55 60 64 65 64 61 57 51 46 41 40 40 41 41 41 41 41 42 42 42 42 42 42 42 41 41 41 42 42 43 43 44 45 45 47 48 50 51 53 55 55 58 58
44 44 44 44 44 44 44 44 44 43 43 42 41 42 41 39 38 37 36 35 35 34 34 34 33 33 33 33 33 32 32 32 32 32 32 32 32 32 32 31 31 31 31 31 31 31 31 32 34 35 42 48 51 55 61 66 67 66 64 60 54 48 43 40 40 41 41 41 41 41 42 42 42 42 42 42 42 41 41 41 42 43 44 44 44 45 47 48 48 49 51 52 55 55 58 58
44 44 44 44 44 44 44 44 44 43 42 41 40 40 39 38 37 36 36 35 35 34 33 33 33 33 33 33 33 32 32 32 32 32 32 32 32 32 32 32 32 31 31 31 31 31 32 32 34 36 42 48 52 56 61 67 69 68 66 62 57 51 46 42 40 41 41 41 41 41 42 42 42 42 42 42 42 41 41 41 42 43 44 44 44 46 47 47 47 49 50 52 55 56 58 59
44 44 44 44 43 43 43 43 43 42 41 41 40 40 38 38 37 36 36 35 35 34 33 33 33 33 33 33 32 32 32 32 32 32 32 32 32 32 32 32 32 32 32 32 32 32 32 32 33 36 43 48 52 56 61 67 70 71 69 65 60 54 49 44 41 41 41 41 41 41 42 42 42 42 42 42 42 42 42 42 43 43 44 44 45 47 47 47 47 49 50 52 55 57 58 60
44 44 44 44 43 43 43 42 43 41 41 41 40 40 39 39 38 36 36 35 35 34 33 33 33 33 32 32 32 32 32 32 32 32 33 33 32 32 32 32 32 32 32 32 32 32 32 32 33 36 42 48 51 56 61 67 71 73 72 67 62 56 50 46 42 41 41 41 41 41 42 42 42 41 41 41 41 42 42 42 43 43 44 44 46 47 47 47 47 49 50 53 56 58 59 60
45 45 44 44 43 43 43 42 42 41 41 41 40 40 39 39 38 36 36 35 35 34 33 33 33 33 32 32 32 32 32 32 32 33 33 33 33 33 33 33 33 33 33 33 33 32 32 32 33 36 42 48 51 56 61 67 72 75 74 71 65 59 53 47 43 41 41 42 42 42 42 42 42 41 41 41 41 42 42 42 43 43 44 44 47 47 47 47 48 49 51 54 58 59 60 60
45 45 44 44 43 43 43 42 42 42 42 42 41 41 40 39 38 37 36 35 35 34 34 33 33 33 32 32 32 32 32 32 32 33 32 32 32 32 33 33 33 32 32 32 32 32 32 32 33 35 41 47 51 56 61 67 72 76 76 73 69 62 55 49 44 42 42 42 42 42 42 42 42 42 41 41 41 42 42 42 43 43 44 44 47 48 48 48 49 50 52 54 58 59 60 60
45 45 44 44 43 43 43 42 42 42 42 42 42 42 41 40 39 38 37 36 36 35 34 34 33 33 33 33 32 32 32 32 32 32 32 32 32 32 33 33 33 32 32 32 32 32 32 32 33 34 40 47 51 56 61 68 73 77 77 75 72 65 58 51 46 43 43 43 43 43 42 43 44 44 44 43 42 42 42 42 43 43 44 44 47 48 49 49 49 51 53 54 57 58 59 59
45 45 45 45 44 43 43 42 42 42 42 42 42 42 41 41 40 39 38 36 36 35 34 34 33 33 33 33 32 32 32 32 32 32 32 32 32 32 32 32 32 32 32 31 31 31 32 32 33 35 40 47 51 56 61 67 73 77 78 76 74 70 62 54 49 45 44 44 44 44 43 43 44 44 44 43 43 42 42 43 43 43 44 44 47 48 50 50 50 51 53 54 56 57 59 59
45 45 45 45 44 44 44 43 43 43 43 43 42 42 42 42 41 39 39 37 36 35 34 34 33 33 32 32 32 32 32 32 32 32 32 32 32 32 32 32 32 32 32 31 31 31 32 32 34 35 40 46 51 56 61 67 72 77 78 78 76 73 66 57 52 48 46 45 43 43 42 42 43 43 43 42 42 43 43 43 44 44 44 45 47 49 50 51 51 52 53 54 56 57 59 60
45 45 44 44 44 44 44 43 43 43 43 43 43 43 42 42 41 39 39 37 36 35 34 34 33 33 32 32 32 32 32 32 32 32 32 32 32 32 32 32 32 32 32 31 31 31 32 32 34 35 40 46 50 55 61 67 71 77 79 79 76 74 67 59 53 49 49 46 43 43 42 42 42 43 42 42 42 43 43 43 43 43 44 45 47 49 50 51 51 53 54 54 56 58 59 60
45 45 44 44 44 44 44 44 44 43 43 43 43 43 43 42 41 40 39 38 36 35 34 34 33 33 32 32 32 32 32 31 31 32 32 32 33 33 32 32 32 32 32 31 31 31 32 32 35 36 40 46 49 54 60 66 70 75 78 78 77 74 68 60 54 51 50 46 43 43 41 41 41 41 41 42 42 42 42 42 43 43 45 45 47 48 49 50 51 52 53 54 57 59 60 61
45 45 45 44 44 44 44 44 44 44 44 44 43 43 43 43 42 42 41 39 37 35 34 34 33 33 32 32 32 32 32 31 31 32 32 32 33 33 32 32 32 32 32 32 32 32 32 32 35 36 40 45 49 54 60 65 70 74 77 78 77 75 70 63 56 52 51 47 44 43 41 41 41 41 41 41 41 42 42 42 43 43 44 45 47 48 48 50 50 52 53 54 57 60 62 62
46 46 46 45 44 44 44 44 45 44 44 44 44 44 44 44 43 42 42 40 37 35 34 34 33 33 32 33 33 32 32 31 31 32 32 32 33 33 33 32 32 32 32 32 32 32 32 32 35 36 40 45 49 53 59 64 69 74 76 78 77 75 70 64 58 54 52 49 46 43 41 41 41 41 41 41 41 41 41 41 42 43 43 44 46 47 48 50 51 53 53 54 57 60 63 63
47 47 48 47 44 44 44 45 46 46 45 44 44 44 44 44 44 43 43 40 38 36 35 34 33 33 33 34 34 32 32 32 32 32 33 33 33 33 33 32 32 32 32 32 32 31 31 32 35 37 40 45 49 53 58 64 69 72 75 76 76 75 71 64 59 54 53 51 48 45 41 41 40 40 40 41 41 41 41 41 42 42 43 43 45 47 48 51 52 54 54 55 58 60 63 63
48 48 48 46 44 44 44 45 46 47 46 45 44 44 44 44 43 42 41 39 38 37 36 34 34 34 34 34 34 32 32 32 32 32 33 33 33 33 33 32 32 32 32 32 32 31 31 32 35 37 41 45 49 53 57 63 68 71 74 75 75 74 70 65 60 54 53 51 49 46 41 41 40 40 40 40 40 40 40 40 41 41 42 43 45 47 49 51 52 54 55 57 60 60 63 63
49 49 47 46 45 45 45 46 46 47 46 45 46 46 44 44 42 41 41 39 38 38 37 35 35 35 34 34 34 32 32 32 32 32 33 33 33 33 33 32 32 32 32 32 32 32 31 32 35 37 41 45 48 52 57 62 66 69 72 73 74 73 70 65 61 55 53 51 49 45 40 40 39 39 39 40 40 40 40 40 41 41 41 43 46 48 49 51 52 55 56 57 59 60 62 62
49 48 47 46 46 46 46 46 46 46 45 44 45 45 44 44 42 42 41 41 40 40 38 36 35 35 34 34 34 32 32 32 32 32 32 32 32 32 32 32 32 32 32 32 32 32 32 33 35 37 41 44 48 51 56 61 65 68 70 71 72 71 69 65 61 56 53 51 48 44 40 40 39 39 39 39 39 39 39 39 40 40 41 43 45 46 47 51 53 55 57 57 59 60 61 62
48 48 47 47 47 46 46 46 46 45 45 44 44 44 44 44 43 43 43 43 43 41 38 36 35 35 34 34 34 33 33 32 32 32 32 32 32 32 32 32 32 32 32 32 32 32 33 33 36 37 40 44 47 50 54 59 63 66 68 69 70 70 68 65 62 56 52 49 46 42 40 40 39 39 39 39 39 39 39 39 38 38 40 41 42 44 47 50 53 56 57 57 58 59 60 61
48 48 48 48 47 47 47 46 46 45 45 44 44 44 44 44 44 42 42 42 42 41 37 36 34 34 34 34 33 33 33 33 32 32 31 31 32 32 32 32 32 32 32 32 32 32 33 34 36 37 40 43 46 49 53 57 60 64 67 68 69 68 67 64 62 56 52 46 43 41 40 39 38 38 38 39 39 38 38 38 38 38 38 39 39 43 47 50 53 57 57 57 57 58 59 60
48 48 48 48 47 46 46 46 45 45 45 45 45 45 45 44 43 41 41 40 40 39 36 35 34 34 33 33 33 34 35 34 32 32 31 31 32 32 32 32 32 32 32 32 32 32 33 35 36 37 40 42 45 48 51 55 59 62 65 66 66 66 65 63 61 56 51 44 42 41 39 39 38 38 38 39 39 38 38 37 37 37 38 38 39 42 46 50 53 56 56 56 56 57 58 59
48 48 48 48 47 45 45 45 44 45 45 45 45 45 45 44 43 41 41 38 38 37 35 34 33 33 33 33 32 33 36 36 34 32 31 31 31 31 32 32 32 32 32 32 32 33 34 36 37 38 40 41 44 47 50 54 58 61 63 65 65 64 63 62 60 56 50 44 41 40 38 38 38 38 38 38 38 37 37 36 36 36 38 38 39 42 46 50 53 55 55 55 56 56 58 59
48 48 48 48 45 43 43 44 44 45 45 46 46 46 44 44 43 41 41 38 38 36 35 34 32 32 33 33 31 33 36 35 33 33 33 32 31 31 32 32 32 32 32 32 32 33 35 36 38 38 40 41 43 47 49 53 56 59 62 63 63 63 61 60 60 55 48 42 40 39 38 38 38 38 38 37 37 37 37 36 36 36 38 38 39 42 47 50 50 52 54 54 56 56 57 58
48 48 48 47 44 43 43 44 44 44 45 46 46 46 45 44 43 41 40 38 38 36 35 34 32 32 32 32 31 32 35 34 33 33 33 32 31 31 32 32 32 32 32 33 33 33 36 36 38 39 40 41 43 46 49 52 55 58 61 62 63 62 60 60 59 54 47 41 40 39 37 37 37 37 37 37 36 36 36 36 36 36 38 38 40 42 47 50 49 52 54 54 55 55 57 58
47 47 46 46 44 43 43 44 44 44 45 46 46 46 45 44 43 41 40 38 38 36 34 33 32 32 32 32 32 32 32 33 33 32 32 32 32 32 32 32 32 32 32 33 33 34 36 36 38 39 40 41 43 45 48 51 54 57 59 61 61 61 59 57 56 51 45 41 39 38 37 36 37 37 37 36 35 35 35 35 36 36 38 38 39 41 44 47 48 52 54 54 55 55 56 57
47 47 45 45 43 43 43 43 43 43 44 45 45 45 45 44 42 41 40 39 39 36 34 32 31 31 32 32 32 31 31 32 32 32 32 32 32 32 32 32 32 32 32 33 33 34 36 36 37 38 39 41 42 44 47 50 53 55 58 60 60 61 58 54 50 47 44 41 38 38 36 36 36 36 36 35 35 35 35 35 36 36 37 38 38 40 43 45 48 52 54 54 55 55 56 56
47 47 45 45 43 42 42 42 42 42 43 44 44 43 43 43 41 41 41 40 39 36 34 32 31 31 32 32 32 31 31 32 32 32 31 31 31 31 32 32 32 33 33 33 33 34 35 35 36 37 38 40 41 44 46 49 51 54 57 58 59 59 57 52 49 45 44 41 38 38 36 35 36 35 35 35 35 35 35 35 35 35 37 37 38 39 41 44 47 52 54 54 55 55 56 56
47 47 46 45 43 41 41 41 41 41 42 42 43 42 42 40 40 40 42 41 38 34 33 32 31 31 32 32 32 32 32 32 32 32 31 30 30 30 31 32 32 33 33 33 33 33 34 34 35 36 37 38 40 43 45 47 49 52 55 56 57 57 55 51 48 45 44 41 39 38 35 35 35 35 35 35 35 35 35 35 35 35 36 37 37 38 39 42 46 51 53 54 55 55 56 56
48 48 46 45 42 41 39 39 39 40 40 41 41 41 40 39 38 37 38 37 36 34 33 33 31 31 32 32 32 32 32 33 33 33 31 30 30 30 31 32 32 33 33 33 33 32 32 33 34 35 36 37 38 40 43 46 48 50 52 53 55 55 54 50 48 45 44 41 39 38 35 35 35 35 35 35 35 35 35 35 35 35 35 35 36 37 38 42 45 50 53 54 55 55 56 56
48 48 47 46 42 39 38 38 39 39 39 40 40 40 39 37 35 35 35 35 35 33 33 33 32 32 32 32 32 32 33 33 33 33 31 30 30 30 31 32 32 33 33 32 32 32 32 32 33 33 34 35 36 38 40 43 45 48 49 51 52 53 52 50 48 45 44 41 39 38 35 35 34 34 34 34 34 34 34 34 35 35 35 35 35 37 39 42 46 50 53 53 55 55 55 55
47 47 48 47 41 39 38 38 38 38 38 38 39 38 37 36 35 35 35 35 35 34 34 34 33 32 32 32 33 34 34 34 34 34 31 30 30 30 31 32 32 33 33 32 32 32 32 32 32 32 34 35 35 36 38 40 43 45 48 49 50 50 50 49 48 45 43 41 39 38 35 35 34 34 34 34 34 34 34 34 34 34 34 34 35 37 40 43 46 50 53 53 54 54 54 54
46 47 48 46 42 40 38 38 38 38 38 38 38 37 36 36 36 35 35 35 35 34 34 35 35 35 34 35 35 35 34 33 33 33 31 29 30 30 31 32 32 32 32 31 31 31 32 32 32 32 34 34 34 35 36 38 40 43 45 47 48 49 49 48 47 44 43 40 39 37 35 35 34 34 34 34 34 34 34 34 34 34 34 34 36 39 42 45 46 50 52 53 54 54 54 53
46 46 46 44 42 40 38 37 37 37 37 38 37 37 37 37 37 36 36 35 35 35 36 36 36 36 37 37 37 35 34 32 31 31 29 29 30 30 31 31 32 32 31 31 31 31 32 32 33 33 34 34 34 35 35 37 39 42 44 46 47 48 48 47 46 44 43 40 38 37 35 35 34 34 34 34 34 34 34 34 34 34 35 35 38 41 44 46 47 49 52 53 54 54 53 53
45 45 44 42 41 40 39 37 37 37 37 37 37 37 37 37 37 36 36 36 36 36 36 36 37 37 38 38 37 35 33 31 29 28 28 28 29 29 31 31 31 31 31 31 31 31 32 32 33 33 34 34 34 35 35 37 39 41 44 45 46 47 47 47 46 44 43 40 38 37 35 35 34 34 34 34 34 34 34 34 34 34 35 37 40 43 46 47 48 49 51 53 54 54 53 52
43 42 41 41 40 39 39 37 37 37 37 37 37 37 37 37 37 36 36 36 36 36 36 36 36 36 37 37 36 34 32 30 27 27 28 28 29 29 30 30 30 30 30 31 31 32 32 32 32 32 34 34 34 35 35 37 39 40 43 44 46 46 46 46 46 45 43 41 38 37 35 35 34 34 34 34 34 34 34 34 35 36 38 39 41 45 48 49 49 49 50 52 54 54 53 52
42 41 41 41 40 39 39 38 38 38 38 38 37 37 37 37 37 36 36 35 35 35 35 35 35 35 34 33 32 31 28 26 26 27 28 28 29 29 30 29 29 30 30 31 31 31 32 32 32 32 34 34 34 34 34 36 38 40 43 44 45 45 46 46 46 45 44 42 39 38 35 35 34 34 34 34 34 34 34 36 39 41 42 42 43 47 50 50 49 49 49 51 53 53 53 51
41 41 41 41 40 39 39 38 38 38 38 38 38 38 38 38 37 36 36 34 34 33 33 33 33 32 32 32 31 28 26 26 26 27 28 29 29 29 29 29 29 30 30 31 31 31 32 32 32 32 33 33 33 33 34 36 38 40 42 43 44 45 45 45 45 45 45 42 40 38 35 35 34 34 34 34 34 34 35 39 42 43 43 43 44 48 51 50 49 48 48 50 52 53 52 51
41 41 41 41 40 40 39 39 39 39 38 38 38 38 38 38 37 36 36 35 35 34 33 32 31 31 31 31 31 28 26 26 26 27 29 29 29 28 29 29 29 30 30 31 31 31 32 32 32 32 32 32 32 32 34 35 37 39 41 42 43 44 45 45 45 45 45 42 40 38 35 35 34 34 34 34 34 35 35 39 41 42 43 43 45 49 50 49 48 47 47 49 51 52 51 51
41 41 41 41 40 40 40 40 40 40 39 39 39 39 38 38 37 36 36 36 36 35 33 31 30 30 31 31 31 29 28 26 26 27 29 29 28 28 29 29 29 30 30 31 31 31 32 32 32 32 32 32 32 32 33 34 36 38 40 41 42 43 43 44 44 44 44 42 39 38 35 34 34 34 34 34 34 35 35 37 41 41 43 43 46 48 48 47 46 46 46 48 49 50 51 51
40 40 40 40 40 40 40 40 40 41 41 40 39 39 38 38 37 36 36 35 36 34 32 30 29 29 31 31 30 29 29 26 26 27 28 28 28 28 29 30 30 30 30 31 31 31 32 32 32 32 32 32 32 32 32 33 35 37 38 40 41 42 42 43 43 44 43 42 39 37 34 34 34 34 34 34 34 35 35 38 41 42 43 43 46 48 48 46 45 45 45 46 48 49 51 51
40 40 40 40 40 40 40 41 41 42 42 41 39 39 37 37 37 36 36 34 34 31 30 30 29 29 31 31 30 29 28 26 26 26 26 26 28 28 29 30 30 31 31 31 31 31 32 32 32 32 32 32 32 32 32 33 34 35 37 38 40 40 41 42 42 43 43 41 39 36 35 35 34 34 34 34 34 35 36 39 41 43 43 43 45 47 47 46 44 44 44 45 48 49 51 51
40 40 40 40 40 40 40 41 42 43 43 42 40 38 37 36 36 35 35 34 33 31 30 30 29 29 30 30 29 29 27 26 26 26 26 26 28 28 29 30 30 31 31 31 31 31 31 31 31 31 32 32 32 32 32 33 34 35 37 37 39 39 40 41 42 42 42 41 38 35 35 35 34 34 34 34 34 35 36 40 43 44 44 44 45 47 46 45 44 44 44 45 48 50 51 51
40 40 40 40 40 40 40 42 42 44 44 43 40 38 36 36 34 34 34 34 32 31 30 30 29 29 30 30 29 27 26 26 26 26 27 27 28 28 30 30 30 31 31 31 31 31 31 31 31 31 32 32 32 32 32 33 34 34 36 37 38 38 39 41 41 42 42 40 37 35 35 35 34 34 34 34 34 35 36 40 44 44 44 44 44 46 46 44 44 44 45 46 49 51 51 51
40 40 40 40 40 40 40 42 42 44 44 44 40 38 36 36 34 33 33 32 32 30 29 29 29 29 30 30 29 26 26 26 26 26 27 27 28 28 29 30 30 31 31 31 31 31 31 31 31 31 32 32 32 32 32 33 33 34 36 36 38 38 39 41 41 41 41 39 36 35 34 34 34 34 34 34 34 35 36 40 43 43 43 43 44 45 45 44 44 45 47 48 51 51 51 51
39 39 40 40 40 40 40 42 42 44 44 43 40 38 36 35 33 32 32 31 31 30 29 29 29 29 29 29 28 26 26 25 25 25 26 26 28 28 29 30 30 31 31 31 31 31 31 31 31 31 32 32 32 32 32 32 33 34 36 36 37 38 39 40 41 41 40 38 35 34 34 34 34 34 34 34 34 35 36 40 42 43 43 42 43 44 45 44 44 45 47 49 51 51 50 50
39 39 39 39 39 39 40 42 42 44 43 42 39 38 36 35 33 32 32 31 31 30 29 29 29 29 28 28 28 26 26 25 25 25 26 26 28 28 29 29 29 31 31 32 32 32 32 32 32 32 32 32 32 32 32 32 33 33 35 36 37 37 38 39 39 39 38 36 34 34 34 34 34 34 34 34 34 35 35 39 41 41 41 41 42 43 43 43 43 45 47 49 50 50 50 50
39 39 39 39 38 38 39 41 42 43 41 40 38 37 35 34 33 31 31 31 31 30 29 28 28 28 28 28 27 26 26 24 24 25 27 27 28 28 29 29 29 31 32 32 33 33 32 32 32 32 32 32 32 32 32 32 33 33 34 35 36 37 37 38 39 38 36 35 35 35 34 34 34 34 34 34 34 35 35 38 41 41 41 41 41 41 42 43 43 45 47 48 49 49 49 49
39 39 38 38 38 38 38 40 41 41 41 40 38 36 35 33 32 30 30 30 30 29 29 28 27 27 28 28 27 26 25 24 24 25 27 27 28 28 29 29 29 31 32 33 33 34 33 33 32 32 32 32 32 32 32 32 33 33 34 34 35 36 36 36 36 35 34 34 34 34 34 34 34 34 34 34 34 35 35 38 41 41 42 42 41 41 41 42 43 45 46 47 48 48 48 48
38 38 38 38 37 37 37 39 41 41 40 39 38 35 33 32 31 30 29 29 29 29 28 27 26 27 27 27 26 25 23 23 24 25 27 27 28 28 29 29 29 32 33 34 34 34 34 34 33 33 32 32 32 32 32 32 33 33 33 33 34 34 35 35 34 34 34 34 34 34 34 34 34 34 34 35 35 35 36 38 42 42 42 42 41 40 41 42 42 44 45 47 47 47 48 48
38 38 37 37 36 36 36 38 40 40 39 38 36 34 32 32 31 29 29 28 28 28 28 26 26 26 26 26 25 24 23 23 24 25 27 27 28 28 29 29 30 32 34 35 35 36 35 35 34 34 33 33 33 33 33 33 33 33 33 33 34 34 34 34 34 34 34 34 34 34 34 34 34 34 34 35 35 36 36 38 41 42 41 41 40 40 40 41 42 43 44 45 45 46 47 47
37 37 37 37 36 35 35 36 37 39 38 38 35 34 32 32 31 29 29 28 27 27 26 26 26 26 25 25 24 23 23 23 23 24 26 26 27 27 28 29 30 33 35 36 36 36 36 35 34 34 33 33 33 33 33 33 33 33 33 33 34 34 34 34 34 34 34 34 34 34 34 34 34 34 34 35 36 36 37 38 40 41 40 40 39 39 39 40 41 41 43 43 43 44 46 47
37 37 36 36 35 34 33 34 36 37 37 38 36 34 33 32 31 29 29 27 27 26 26 26 25 25 24 24 23 23 23 23 23 24 26 26 26 26 28 29 31 34 35 36 36 37 36 36 34 34 34 34 34 33 33 33 33 33 34 34 34 34 34 34 34 34 34 34 34 34 34 34 35 35 35 36 37 38 38 38 38 39 39 39 38 38 38 39 39 40 41 42 43 43 45 45
37 37 36 36 34 32 32 34 35 36 37 37 37 36 34 32 31 29 29 27 27 26 26 26 25 25 24 24 23 23 23 24 25 25 26 26 26 26 28 30 31 34 35 37 37 38 37 36 35 34 34 34 34 34 34 34 34 34 34 34 34 34 34 34 34 34 34 34 34 34 34 35 35 36 37 38 38 37 37 37 38 38 39 38 37 37 37 38 39 40 41 42 43 43 44 45
36 36 36 36 33 32 32 33 34 36 36 36 37 37 34 33 31 29 29 28 28 26 25 25 24 24 23 23 23 23 24 25 26 27 28 27 27 27 29 30 32 34 35 37 38 38 37 37 35 35 34 34 34 34 34 34 34 34 34 34 34 34 35 35 35 34 34 34 35 35 35 36 36 37 37 37 37 37 37 37 37 37 37 37 36 36 36 37 38 40 41 41 43 43 44 44
36 36 35 35 33 32 32 32 33 35 35 36 37 36 34 33 31 29 29 28 28 26 26 25 24 24 23 23 23 23 24 27 28 29 29 28 28 28 29 30 32 34 35 38 39 39 38 37 35 35 34 34 34 34 34 34 34 34 34 34 34 34 35 35 35 35 35 35 35 36 37 37 37 37 37 36 36 36 36 36 36 36 36 36 35 35 35 37 37 40 41 41 43 43 43 44
35 35 35 34 32 32 32 32 33 34 34 35 36 36 34 33 32 30 29 28 28 27 26 26 24 24 23 23 23 23 24 27 28 29 30 29 29 29 30 31 32 35 36 38 39 39 38 37 35 35 35 35 35 35 35 35 35 35 35 35 35 35 35 35 35 36 36 36 36 38 38 37 36 36 36 36 36 35 35 35 35 35 35 35 35 35 35 37 37 40 41 41 42 42 43 43
