geo_cache/5-0/elevation.txt
ncols         949
nrows         918
xllcorner     -71.37777777777778
yllcorner     41.76
cellsize      1.0E-5
NODATA_value  -9999
[rows 812 to 869 of 918, columns 768 to 863 of 949]
30 32 33 32 29 26 23 20 18 16 15 14 13 12 11 10 9 8 9 9 9 10 9 10 11 9 6 5 2 3 2 2 2 1 1 1 1 1 1 1 1 1 1 2 3 1 1 1 1 2 3 2 2 5 10 13 12 11 11 11 11 11 11 11 10 10 10 10 10 10 11 11 11 9 9 10 11 12 14 17 19 24 28 29 26 24 23 23 23 23 23 23 23 23 23 23
30 33 33 32 29 27 23 21 19 17 16 15 14 13 12 11 10 9 10 10 11 12 10 11 14 12 7 5 2 2 2 2 2 1 1 1 1 1 1 1 1 1 1 1 3 2 1 2 2 2 4 4 4 6 11 13 12 11 11 11 11 10 11 11 10 10 10 10 10 11 12 12 12 12 12 12 12 12 13 17 20 23 26 26 25 23 22 22 22 23 23 23 23 23 23 23
30 33 33 33 30 27 24 22 19 18 17 16 15 14 13 12 11 10 10 10 12 12 12 13 14 13 9 5 2 2 2 2 2 1 1 1 1 1 1 1 1 1 1 1 2 4 4 3 2 2 4 4 5 8 13 13 12 11 11 11 11 10 10 10 10 10 10 11 11 12 13 13 13 13 15 15 16 14 14 18 20 22 23 24 23 22 22 22 22 23 23 23 23 24 24 23
31 34 34 33 30 28 24 22 19 18 18 16 16 15 14 13 12 11 11 11 12 13 13 13 14 13 9 6 4 2 2 2 2 1 1 1 1 1 1 1 1 1 1 1 1 4 4 4 5 3 3 4 5 10 14 15 13 11 11 11 11 10 10 10 10 10 11 11 11 13 14 14 15 15 15 16 17 15 15 18 20 22 22 23 22 22 22 22 22 23 23 23 23 24 24 23
31 34 34 33 30 28 25 22 20 19 18 17 16 15 15 14 12 11 11 11 12 12 12 11 11 11 9 7 5 4 3 2 2 1 1 1 1 1 1 1 1 1 1 1 1 3 4 5 8 7 6 6 8 13 14 15 14 11 11 10 10 10 10 10 11 11 11 11 11 12 14 15 16 16 15 16 17 16 16 18 20 21 21 22 22 22 22 22 23 23 23 23 23 24 24 24
31 34 34 33 30 29 25 23 20 19 19 17 17 15 15 15 13 12 12 12 12 12 12 11 11 10 8 7 5 5 4 3 2 1 1 1 1 1 1 1 1 1 1 1 1 2 3 5 8 9 9 9 11 13 14 14 14 11 11 10 10 10 11 11 11 11 11 11 11 11 13 15 15 15 15 15 17 17 16 17 19 20 20 21 22 22 22 22 22 23 23 23 23 25 25 26
31 33 33 33 31 29 25 23 21 20 19 18 17 16 16 15 14 13 13 12 12 12 12 11 11 9 8 7 6 5 4 3 3 2 2 2 2 1 1 1 1 1 1 1 1 2 3 5 7 7 9 10 12 13 13 14 14 12 11 10 10 10 11 11 11 11 11 11 11 11 12 13 14 14 15 15 16 16 16 17 18 19 20 20 21 21 22 22 22 23 23 23 24 26 29 30
31 33 33 33 31 29 26 24 22 21 20 19 18 16 16 15 14 14 14 13 13 12 12 11 11 9 8 8 7 6 4 4 4 4 3 2 2 1 1 1 1 1 1 1 1 2 2 4 6 7 9 10 12 12 13 13 13 12 10 10 10 10 11 11 11 11 11 11 11 11 11 13 14 14 15 15 16 16 16 17 17 17 18 19 20 21 22 22 22 24 24 24 26 29 33 35
31 33 33 34 32 30 26 24 22 21 21 19 18 17 17 16 15 15 14 14 13 12 12 11 10 9 9 8 8 7 5 5 5 6 5 3 2 1 1 1 1 1 1 1 1 2 2 4 5 8 8 9 11 12 13 13 11 10 10 12 11 11 11 11 11 11 11 11 12 12 11 13 14 14 15 15 16 16 16 17 17 17 17 18 19 21 22 22 24 28 28 26 29 32 36 38
31 33 33 34 32 30 27 25 22 21 21 19 19 18 18 17 15 15 14 14 13 12 12 10 10 10 11 10 10 9 7 6 6 7 6 3 2 1 1 1 1 1 1 1 1 2 2 4 5 7 8 8 11 12 11 10 8 9 11 12 11 11 11 11 11 11 12 13 14 14 13 13 14 14 15 15 16 16 16 17 17 17 17 17 18 20 22 22 26 30 31 29 30 33 38 40
31 33 33 34 32 30 27 25 23 22 21 20 20 18 18 17 15 15 15 15 13 12 12 10 10 10 13 13 12 10 9 7 6 7 7 3 2 1 1 1 1 1 1 1 1 3 3 4 5 6 8 8 10 9 8 8 8 8 8 10 10 11 11 12 12 12 13 14 14 14 14 13 14 14 15 15 16 16 16 17 17 17 17 17 18 20 22 23 27 32 34 30 30 34 38 40
30 33 33 33 32 30 27 25 23 22 21 20 20 18 18 17 16 16 15 15 13 12 12 10 10 10 14 14 13 11 9 6 2 3 5 3 1 1 1 1 1 1 1 1 1 3 3 5 5 6 8 8 9 8 7 7 7 8 8 9 10 10 10 10 11 11 13 14 14 14 14 14 14 14 15 15 16 16 16 17 17 17 17 17 19 20 22 24 28 33 34 31 31 33 36 39
30 32 33 33 31 29 26 26 23 22 22 20 20 18 18 17 16 16 15 15 13 12 12 11 11 11 12 14 14 11 8 4 2 2 3 2 1 1 1 1 1 1 2 2 2 3 3 5 5 6 8 8 10 9 7 7 7 8 8 9 9 10 10 10 11 11 11 12 13 14 14 15 15 15 15 15 16 16 16 17 17 17 17 18 18 19 22 25 29 33 34 31 31 32 34 36
29 31 32 32 30 29 26 25 23 22 22 20 20 18 18 17 16 16 15 15 14 13 12 11 11 10 11 12 13 12 9 6 3 1 1 1 1 1 1 1 1 1 2 2 3 4 4 5 6 8 9 11 11 10 8 8 8 8 9 10 11 11 11 10 11 11 11 11 11 12 13 13 14 14 15 15 16 16 16 16 16 17 17 17 18 21 24 27 31 33 33 31 31 32 33 35
28 30 31 31 30 28 26 25 23 22 22 20 20 18 18 17 17 17 16 15 14 13 13 11 11 9 9 11 12 12 9 7 5 2 1 1 1 1 1 1 1 1 3 3 4 5 5 6 8 11 12 12 11 10 8 8 8 8 9 11 12 12 12 12 11 11 11 11 11 12 12 13 14 14 15 15 15 15 16 16 16 17 17 17 18 23 27 29 32 34 34 31 31 32 32 34
27 29 29 30 29 28 25 24 23 22 21 20 20 18 18 18 17 17 16 16 14 13 13 11 11 8 8 8 9 9 8 7 6 2 1 1 1 1 1 1 1 1 3 3 4 6 6 9 12 13 12 11 11 10 8 9 11 11 10 12 14 14 14 14 13 13 13 13 13 13 13 13 14 14 14 14 14 15 15 16 17 17 17 18 21 26 30 31 33 35 35 32 32 32 32 33
26 28 28 29 28 27 25 24 22 21 20 19 19 19 19 18 18 18 16 16 14 13 13 11 10 7 6 6 6 6 6 5 4 2 1 1 1 1 1 1 2 2 3 4 4 5 8 12 14 14 12 11 10 10 11 12 12 13 13 13 13 14 15 15 14 14 14 14 14 14 14 14 14 14 14 14 14 14 15 17 17 18 19 23 25 29 32 33 34 35 35 32 32 32 32 33
25 27 27 28 27 26 25 23 22 21 20 19 18 18 18 17 17 17 16 16 14 14 13 11 9 6 5 5 4 4 4 3 2 1 1 1 1 1 1 1 2 2 3 4 4 5 10 15 15 12 12 12 13 15 16 15 15 15 15 13 13 13 13 14 14 14 15 15 15 15 15 14 14 14 14 14 14 15 16 18 18 18 20 25 29 32 33 35 36 36 35 33 32 32 32 32
24 25 26 27 26 25 24 23 21 20 20 18 18 17 17 17 17 17 16 16 15 14 13 11 9 8 6 5 3 3 2 2 1 1 1 1 1 1 1 1 2 2 3 4 5 7 11 16 12 11 13 14 16 18 18 17 17 18 17 14 13 13 13 13 14 14 14 15 15 16 16 15 15 15 15 15 16 17 17 18 18 19 21 26 31 34 35 35 36 36 35 33 33 33 33 33
23 24 26 26 25 25 23 23 21 20 20 18 17 17 17 17 16 16 16 16 14 14 13 11 11 10 8 5 3 3 1 1 1 1 1 1 1 1 1 1 2 2 4 4 5 8 11 14 11 11 14 15 17 17 18 18 18 19 18 14 14 14 13 13 14 14 14 14 15 16 16 16 16 16 16 16 17 19 18 19 19 20 21 26 32 35 35 35 36 36 36 34 34 34 34 33
22 24 25 25 24 24 23 22 21 20 20 17 17 17 17 16 16 16 15 15 14 13 13 12 12 10 8 5 3 3 1 1 1 1 1 1 1 1 1 1 2 2 4 4 5 8 10 12 11 12 15 15 16 16 17 18 18 19 17 15 15 15 13 13 14 14 14 14 14 16 16 16 16 16 16 16 18 19 19 19 19 21 22 26 33 35 35 35 36 36 36 34 34 33 33 33
21 23 24 24 23 23 22 21 21 20 19 17 17 16 16 16 15 15 15 15 14 13 13 12 12 11 9 6 3 3 1 1 1 1 1 1 1 1 1 1 2 3 4 4 5 7 8 9 11 13 15 15 16 16 17 17 17 18 17 15 15 15 13 13 14 14 14 14 14 16 16 16 16 16 16 18 20 20 19 19 20 21 22 26 33 34 34 34 35 36 36 34 34 33 33 32
20 22 23 23 22 22 21 20 20 19 19 17 17 16 16 15 15 15 14 14 13 13 13 13 13 13 9 7 4 3 1 1 1 1 1 1 1 2 2 2 3 3 5 5 5 7 7 9 12 14 16 16 16 16 17 17 17 17 17 17 17 16 13 13 13 13 14 14 14 14 16 16 17 17 18 20 21 20 19 20 20 22 22 26 33 33 33 33 35 35 35 34 34 33 33 32
19 20 21 21 21 20 19 18 18 18 17 17 16 15 15 14 14 14 14 14 13 12 12 12 13 13 9 6 4 3 2 2 1 1 1 2 2 2 2 2 4 4 5 5 5 7 8 11 13 15 15 15 16 16 17 17 17 18 18 18 18 16 13 13 13 13 14 14 14 14 15 16 17 17 20 21 21 20 19 20 21 22 22 26 30 31 32 33 34 33 33 33 33 33 33 32
18 20 20 20 20 19 18 17 17 17 16 16 15 14 14 14 14 14 14 14 13 13 11 10 10 8 6 5 4 4 2 2 1 1 1 2 2 3 3 3 4 4 5 5 5 8 9 12 14 15 15 15 16 19 17 17 17 18 18 18 18 16 14 15 15 14 14 15 15 15 15 16 17 20 21 21 20 20 20 20 21 22 22 24 26 28 31 33 33 32 32 32 33 33 33 32
17 18 18 19 18 17 17 16 15 15 15 14 14 13 13 14 14 14 14 15 13 12 9 8 7 5 5 5 4 4 2 2 2 1 1 2 2 3 3 4 4 5 5 5 6 8 10 13 14 14 14 14 16 18 17 16 16 17 17 18 18 16 15 16 16 16 16 16 16 16 16 16 19 21 21 21 20 20 20 20 20 21 22 23 26 28 31 32 32 32 32 32 32 32 33 33
16 17 17 18 17 16 15 14 13 13 14 13 13 13 13 14 14 15 16 16 13 9 8 7 6 5 5 5 4 4 3 3 2 2 2 2 2 4 4 4 5 5 6 6 7 9 11 14 14 14 14 14 14 15 15 15 15 17 17 18 18 17 16 16 17 17 17 17 17 17 17 18 20 21 21 20 20 20 20 20 20 21 21 22 28 31 32 32 31 31 31 32 32 32 32 33
15 16 16 16 16 15 14 12 11 12 13 13 13 13 14 15 15 15 16 16 12 8 8 7 6 5 5 5 4 4 3 3 2 2 2 3 3 4 4 4 5 5 7 7 8 8 10 12 13 13 13 13 13 13 14 14 15 17 17 18 18 17 17 17 17 17 17 17 17 17 18 19 20 20 20 19 19 19 19 20 20 20 20 22 29 33 33 31 31 31 31 32 32 32 32 32
14 15 15 15 14 13 12 10 10 12 12 13 14 14 15 15 14 12 12 14 10 8 8 7 7 7 5 5 4 4 4 4 3 3 3 3 3 4 4 4 5 5 7 8 8 8 9 12 12 12 12 12 12 12 14 14 15 17 17 18 18 18 17 17 17 17 17 17 17 18 18 20 20 20 19 19 19 19 19 20 20 20 20 22 27 31 32 30 31 31 31 32 32 32 32 32
12 12 13 12 12 11 9 8 10 10 11 13 14 15 15 15 13 9 9 12 9 8 8 7 7 7 5 5 4 4 4 4 4 3 3 4 4 4 4 4 5 5 7 8 8 8 8 11 11 12 11 11 12 12 14 15 15 17 17 17 17 17 17 17 17 17 17 17 17 18 18 19 19 19 18 18 18 19 20 22 22 23 22 22 24 27 29 29 31 31 31 32 32 32 32 32
8 9 9 9 8 8 8 8 9 8 8 9 9 10 11 11 9 8 8 10 8 8 7 7 7 7 5 5 4 4 4 5 4 3 3 4 4 4 4 4 5 5 8 8 8 8 8 9 10 11 11 12 13 13 14 15 15 17 17 17 17 17 17 17 17 17 17 18 18 19 19 18 18 18 17 17 18 20 22 23 24 25 25 25 25 26 29 30 31 31 31 32 32 32 32 31
5 5 6 6 5 6 6 7 7 7 7 7 7 8 8 8 8 8 8 8 8 7 7 7 7 6 5 5 4 4 4 5 4 3 3 4 4 5 5 5 5 5 7 7 7 8 8 9 10 11 11 14 15 15 15 15 15 17 17 17 17 17 17 17 17 17 17 17 17 18 18 18 17 17 17 17 19 21 23 24 26 27 28 29 28 28 31 32 32 31 31 31 31 31 31 31
4 4 4 4 5 5 6 6 7 7 7 7 7 7 7 7 8 8 8 8 8 8 8 7 7 6 5 5 4 4 5 5 4 4 4 4 4 5 5 5 5 5 7 7 7 9 9 9 10 11 14 16 17 16 16 16 16 17 17 17 17 17 17 17 17 17 17 17 17 17 17 17 17 17 17 18 20 22 24 26 28 29 30 31 31 30 32 33 32 31 31 31 31 31 31 31
4 4 4 4 5 5 5 5 6 6 6 7 7 7 7 7 8 8 8 8 8 8 8 7 7 6 5 5 4 4 4 4 4 4 4 5 5 5 6 6 6 6 7 7 7 9 9 10 10 12 15 16 18 18 17 16 16 17 17 17 17 17 17 17 17 17 17 17 17 17 17 17 17 17 17 18 21 22 24 27 29 30 31 32 32 32 32 33 32 31 31 31 31 31 31 32
4 4 4 4 5 5 5 5 6 6 6 7 7 7 7 7 8 8 8 8 9 9 9 7 7 6 5 5 5 5 4 4 4 4 4 5 5 6 6 6 7 9 10 9 8 9 11 13 13 13 14 16 17 17 17 17 17 17 17 17 17 17 16 16 17 17 17 16 16 17 17 17 17 17 18 18 20 22 24 26 27 29 31 32 33 33 33 34 33 32 31 31 31 31 31 33
5 5 4 4 5 5 6 6 6 6 6 7 7 7 7 7 8 8 8 8 9 8 8 8 8 9 7 7 5 5 4 4 4 5 5 5 5 5 6 6 8 12 13 13 12 12 14 14 14 14 14 15 15 15 16 17 17 17 17 17 17 17 16 16 16 16 16 16 16 17 17 17 17 17 19 19 20 21 22 23 25 28 31 33 34 35 35 35 34 32 31 31 31 31 31 33
7 7 5 5 5 5 6 6 7 7 7 7 9 9 8 8 7 7 8 8 9 8 8 8 8 11 9 8 5 5 4 4 5 5 5 5 5 5 5 6 10 13 14 14 14 14 14 15 15 15 15 15 15 15 16 17 17 17 17 17 17 17 16 16 16 16 16 16 16 17 17 18 18 18 19 19 20 20 21 23 24 28 31 33 35 35 36 36 35 33 32 31 31 31 31 33
7 7 6 5 6 7 7 7 7 8 8 8 9 10 11 9 7 7 8 8 8 8 8 8 8 11 9 7 5 5 5 5 5 5 5 5 5 5 5 8 12 14 15 15 16 15 15 15 15 15 15 15 15 15 16 16 16 16 16 17 17 17 16 16 16 16 16 17 17 16 16 17 19 19 19 20 20 21 21 23 24 28 31 33 34 35 36 36 35 34 32 31 31 31 31 32
8 9 6 6 8 8 8 8 8 8 8 9 9 10 11 10 9 8 8 8 8 8 8 8 8 10 8 7 5 5 5 5 5 6 6 5 5 5 6 10 14 14 14 15 16 16 16 16 16 16 16 16 16 16 16 16 16 16 16 17 17 17 17 17 17 17 16 17 17 16 16 17 19 20 21 22 22 23 23 23 24 27 30 32 33 34 36 36 35 34 33 31 31 31 31 32
8 9 6 6 7 7 7 8 8 9 9 8 8 9 10 10 9 8 8 8 8 8 8 8 8 8 7 6 5 5 5 5 6 7 7 5 5 5 8 13 13 11 13 15 17 17 16 16 16 16 16 16 16 16 16 16 16 16 16 17 17 17 17 17 17 17 16 16 16 16 16 18 21 23 24 26 27 28 26 24 24 26 29 31 32 34 35 35 35 34 33 32 31 31 31 32
6 6 6 5 6 6 6 7 8 8 8 8 8 9 9 9 9 9 9 8 8 8 8 9 9 7 6 6 5 5 6 6 6 8 8 8 6 6 11 14 12 11 13 15 17 17 17 17 17 17 17 17 17 17 17 17 17 17 17 17 17 17 17 17 17 17 17 16 16 16 16 20 24 26 28 30 32 33 31 27 25 26 28 30 32 33 35 35 35 34 34 33 32 32 32 32
4 5 5 5 5 5 6 6 7 7 7 7 7 8 8 8 9 9 9 9 8 8 8 8 8 7 6 6 5 5 6 6 7 8 11 12 8 8 12 14 12 12 15 16 17 17 17 17 17 18 18 19 18 17 17 17 17 17 17 18 18 17 17 17 17 17 17 16 16 16 17 22 26 30 33 34 36 36 33 29 26 27 28 30 32 32 35 35 35 35 35 34 33 32 32 31
4 5 5 5 5 5 6 6 6 6 6 6 7 7 7 7 7 7 7 7 7 7 7 7 7 7 6 6 6 6 7 7 8 10 13 12 9 10 13 14 14 14 16 17 17 17 17 17 18 19 19 19 18 17 17 17 17 17 17 18 18 18 18 17 17 17 17 17 17 17 19 25 29 33 35 36 37 37 34 30 27 27 28 30 32 33 35 35 35 35 35 34 33 32 32 31
4 5 6 6 6 6 6 6 6 7 6 6 6 7 7 7 7 7 7 7 7 7 7 7 7 6 6 6 7 7 8 8 9 12 13 11 10 11 13 13 15 15 16 17 17 17 17 18 18 19 20 20 18 18 17 17 17 18 18 18 18 19 18 18 18 18 17 18 18 18 21 27 33 35 36 36 37 37 35 30 27 27 29 30 32 33 35 35 36 36 36 34 32 32 32 32
6 8 9 9 9 9 8 7 7 9 8 7 7 7 7 7 8 9 9 9 9 8 8 8 8 7 7 7 7 7 8 8 10 12 11 11 11 12 13 13 15 15 16 17 17 18 19 20 20 20 20 20 18 18 18 18 18 20 19 19 19 19 19 19 20 19 18 19 19 18 22 29 35 37 36 36 36 36 35 31 29 28 31 32 32 33 35 36 36 36 36 34 32 32 32 32
7 9 11 11 11 11 9 8 8 10 10 8 8 7 7 8 10 10 11 11 10 9 10 10 9 8 7 7 7 7 9 9 10 11 11 11 12 13 14 15 15 16 17 17 18 19 20 21 21 21 20 20 19 19 18 18 18 20 20 20 20 20 20 20 20 19 19 19 19 18 23 31 36 37 37 37 36 36 35 33 32 31 34 35 34 34 36 36 37 36 36 33 32 33 34 33
7 10 11 11 11 10 9 9 9 11 11 8 8 7 7 9 11 12 12 12 12 12 12 10 8 8 8 8 8 8 9 9 10 11 11 12 13 14 15 17 17 17 18 18 19 20 21 21 22 22 20 20 19 19 19 19 19 20 20 20 20 20 20 20 20 20 19 20 19 18 24 32 36 36 36 36 36 36 36 35 35 34 36 36 34 34 36 36 37 37 36 34 34 34 35 34
8 10 11 11 10 10 9 9 9 10 10 9 8 8 8 11 12 12 13 13 14 14 13 11 9 8 8 8 8 8 9 9 9 11 13 14 15 16 17 19 19 19 21 21 21 21 21 22 22 22 20 20 19 19 19 19 19 20 20 20 20 20 20 20 21 21 20 20 20 20 24 31 33 34 35 35 37 37 37 37 37 37 37 37 35 35 36 37 38 37 37 35 35 35 36 35
9 10 10 11 10 10 9 9 10 10 10 9 8 8 9 11 12 13 13 14 15 14 14 13 12 11 9 9 8 9 9 9 10 14 14 13 15 18 20 20 21 22 24 24 24 22 22 23 24 22 21 20 20 20 20 20 20 20 20 20 20 20 20 20 21 21 22 22 21 21 23 26 30 33 35 35 37 37 38 38 39 38 38 37 36 37 38 39 39 39 37 35 35 35 37 36
10 10 11 11 10 10 10 10 10 10 10 8 8 8 9 10 12 14 14 15 14 14 14 13 13 13 13 12 12 12 11 9 10 12 12 11 13 19 22 21 23 25 27 27 27 26 23 23 24 24 23 22 22 21 21 20 20 20 20 20 20 20 21 21 21 22 22 22 22 22 22 24 29 32 35 36 37 37 38 39 39 39 39 38 37 38 40 40 40 40 38 36 35 36 37 36
11 12 12 12 11 11 11 11 11 10 10 8 8 8 9 10 12 14 15 15 13 13 13 13 13 14 15 15 15 15 12 12 13 11 10 11 11 15 22 24 24 26 28 28 28 26 25 24 25 26 26 26 25 25 24 24 22 20 20 20 21 21 21 21 21 22 22 23 23 23 23 24 28 32 36 37 39 40 40 40 40 39 39 38 39 39 41 42 41 41 39 37 36 36 36 36
11 13 13 13 12 11 12 13 12 11 10 9 8 9 9 10 12 13 14 14 13 13 13 13 13 14 16 16 15 15 13 15 18 16 12 11 11 12 21 25 25 26 28 27 26 26 26 25 25 26 27 27 27 27 27 27 26 23 22 21 21 22 22 22 22 22 22 23 23 24 24 25 28 32 36 37 40 41 43 43 41 40 39 40 40 41 41 42 42 41 39 37 37 37 37 36
12 14 14 14 13 12 13 14 14 13 11 10 9 9 9 10 12 13 14 14 13 13 13 13 14 15 17 17 15 14 15 18 20 19 16 11 11 12 20 25 25 26 26 26 26 26 26 26 26 26 26 28 30 30 30 31 31 28 25 23 22 23 23 23 23 23 23 23 23 23 23 25 27 31 35 37 39 41 43 44 42 40 40 41 42 42 43 43 42 40 39 38 39 39 37 36
13 14 14 15 14 13 13 14 14 13 12 11 10 10 10 10 11 12 13 14 13 13 14 15 16 16 17 17 15 16 18 19 21 21 19 13 12 12 18 25 26 27 27 28 27 26 26 27 27 27 27 29 31 32 32 33 34 31 27 23 23 26 27 26 25 27 26 24 24 23 23 25 26 30 34 36 37 40 42 43 43 41 42 43 43 43 43 42 41 40 39 40 40 40 38 37
13 14 14 15 14 14 14 14 14 13 13 11 11 11 11 11 11 11 13 14 14 14 15 16 16 17 17 17 16 18 19 20 21 22 20 14 12 12 18 24 26 27 29 29 28 27 27 27 27 28 28 30 32 33 33 34 34 32 28 24 24 26 27 27 27 28 28 26 25 23 23 25 26 29 33 35 37 39 41 42 42 42 42 43 44 44 43 42 41 40 40 41 41 40 39 37
14 15 15 15 15 15 15 15 14 13 13 12 12 11 11 12 13 13 13 14 16 16 16 17 17 17 17 17 18 20 20 22 24 24 20 15 12 12 17 23 26 28 30 31 30 29 27 29 30 30 31 32 34 34 34 34 34 33 31 27 25 27 29 29 31 31 30 27 26 24 25 26 26 28 30 33 36 38 39 40 41 42 42 43 44 44 43 42 41 41 41 42 42 40 39 38
16 16 16 16 16 16 15 15 15 14 13 13 13 13 13 14 15 15 15 16 17 17 17 17 18 17 17 18 20 21 22 23 25 24 21 16 13 12 17 23 26 29 31 31 31 30 29 32 33 33 34 34 35 36 35 34 34 35 35 32 30 30 31 31 31 31 29 27 26 25 27 29 28 28 30 32 35 37 38 40 40 42 42 43 44 43 42 41 41 42 42 42 42 40 39 38
17 17 17 17 17 17 16 16 15 14 14 14 14 14 14 15 16 16 16 16 17 18 18 19 19 19 18 19 21 22 24 25 26 24 20 16 13 12 17 23 27 29 31 31 31 31 32 34 36 37 37 36 37 37 36 35 35 35 37 37 36 35 34 32 30 29 28 26 26 27 29 31 32 32 33 35 36 38 40 41 41 42 42 43 43 43 41 41 41 43 43 43 42 40 39 38
