geo_cache/5-0/elevation.txt
ncols         949
nrows         918
xllcorner     -71.37777777777778
yllcorner     41.76
cellsize      1.0E-5
NODATA_value  -9999
[rows 580 to 637 of 918, columns 768 to 863 of 949]
9 11 13 16 17 17 17 17 17 17 16 15 14 14 15 15 14 14 14 14 15 16 17 16 16 17 17 17 20 19 19 19 20 21 21 21 22 21 20 20 20 20 21 21 21 20 20 20 20 20 19 19 18 18 17 17 17 17 17 17 17 18 20 20 21 21 20 19 19 19 19 20 21 22 24 25 27 28 29 29 30 30 30 31 33 34 36 36 37 37 37 36 36 35 34 34
9 11 14 16 17 17 16 15 14 15 15 14 14 14 14 14 13 13 14 14 15 16 16 16 16 17 17 17 20 20 19 19 20 20 20 21 22 22 21 20 20 20 21 22 22 21 21 20 20 20 19 19 18 18 17 17 17 18 18 18 18 18 20 20 22 22 21 19 19 19 19 20 20 21 23 25 27 27 28 29 29 30 30 31 33 33 35 35 37 37 37 37 37 36 36 36
10 12 15 16 17 17 16 14 13 14 14 14 14 14 14 13 13 13 14 14 15 17 17 17 17 17 17 17 19 19 18 19 20 20 20 20 21 22 22 22 21 21 22 22 22 21 21 20 20 20 19 19 19 19 18 17 17 18 18 18 18 18 19 20 22 22 22 21 20 19 19 20 20 21 23 24 26 27 28 29 29 30 30 31 32 33 34 35 36 36 36 37 37 37 37 37
10 14 16 16 15 14 15 14 14 14 14 14 14 14 14 13 13 13 14 14 16 17 18 18 17 17 17 17 17 17 18 19 19 20 20 20 20 23 23 23 23 23 22 22 22 21 21 20 20 19 19 19 19 19 19 18 18 18 18 19 19 19 19 20 22 22 23 22 22 20 20 20 20 20 22 24 25 26 27 29 29 30 30 30 32 32 34 34 35 36 36 37 37 37 37 37
10 14 17 17 15 14 14 14 14 14 13 13 13 13 13 14 14 14 14 14 16 17 17 18 17 17 17 17 17 17 18 18 19 20 20 20 21 23 24 24 24 23 23 22 22 21 21 20 20 19 19 19 19 20 20 19 18 19 19 19 19 19 19 19 22 22 22 21 21 21 20 20 20 20 21 22 25 26 27 29 29 30 29 29 32 32 34 34 35 35 35 36 36 36 36 37
10 14 18 18 15 14 14 14 13 13 13 13 13 13 13 14 14 14 14 14 16 17 17 18 18 17 17 17 16 16 18 18 19 20 20 22 22 23 24 24 24 24 23 22 22 21 21 20 20 19 19 19 20 20 20 20 20 19 19 19 19 19 19 19 21 22 21 20 20 21 20 20 20 20 21 22 24 25 27 29 29 29 29 29 32 32 34 34 34 34 34 35 35 36 36 36
10 14 18 17 14 13 13 13 12 13 13 13 13 13 13 13 14 14 14 14 15 17 17 18 17 17 17 17 16 16 18 18 18 20 20 21 22 24 25 25 23 23 23 22 22 21 21 20 20 19 19 19 20 20 21 20 20 19 19 19 19 19 19 19 20 22 20 20 20 21 20 20 20 20 20 21 24 25 27 28 28 29 29 29 32 32 33 33 33 33 33 34 34 35 35 36
11 13 17 16 12 12 12 12 12 13 13 13 13 13 13 13 14 14 14 14 15 16 16 16 16 17 17 17 17 17 18 18 18 19 19 20 21 24 25 25 23 23 23 22 22 21 21 20 20 19 19 19 20 20 21 21 21 20 20 19 19 19 20 20 20 20 20 20 20 22 21 20 20 20 20 21 24 25 26 27 27 29 29 30 31 32 33 33 32 32 32 33 33 33 34 35
11 11 15 14 11 11 11 11 12 13 13 13 13 13 13 13 14 14 14 15 15 17 16 16 16 17 17 17 16 16 17 17 18 19 19 20 21 24 25 25 23 23 23 22 22 21 21 20 20 19 19 19 20 20 22 21 21 20 20 19 19 19 20 20 20 20 20 21 21 22 22 21 20 20 20 21 23 24 26 27 27 29 29 30 31 31 32 32 32 32 32 32 32 32 33 34
11 11 12 12 11 11 11 11 12 13 13 14 14 14 14 14 14 15 16 16 17 18 17 17 17 17 17 17 16 16 17 17 18 19 19 20 21 24 25 25 24 24 23 22 22 21 21 20 20 19 19 19 20 20 22 22 21 21 20 20 20 20 20 20 20 20 21 22 22 22 22 21 20 20 20 21 23 23 25 27 27 28 28 29 31 31 31 31 31 32 32 32 32 32 32 33
11 10 10 11 11 11 11 12 12 12 13 13 13 14 14 14 15 15 16 16 19 19 18 18 19 19 18 17 16 16 16 17 17 19 19 20 21 24 25 25 24 24 23 23 23 21 21 20 20 19 19 19 21 21 23 23 22 21 21 20 20 20 20 20 20 20 21 22 22 22 22 21 20 20 20 21 23 24 25 27 27 28 28 29 30 30 30 30 31 31 31 31 31 32 32 32
11 10 10 11 11 12 12 14 12 12 12 13 13 14 14 14 15 15 16 16 19 19 18 18 19 19 18 17 16 16 16 17 18 19 20 20 21 24 25 25 24 24 24 23 23 21 21 20 20 20 20 20 21 21 23 23 23 21 21 20 20 20 20 20 20 20 21 22 22 22 22 21 21 21 21 22 24 24 25 27 27 28 28 29 30 30 30 30 31 31 31 31 31 32 32 32
11 10 10 11 12 13 14 14 12 12 12 13 13 14 14 14 14 15 15 16 18 18 17 17 18 19 18 18 17 16 16 18 20 21 21 21 21 24 24 24 24 24 24 23 23 21 21 20 20 20 20 20 21 21 23 23 23 21 21 20 20 20 20 20 20 20 21 22 22 22 22 22 21 21 21 22 24 24 25 27 27 28 28 29 29 29 29 29 30 30 30 31 31 31 31 31
14 10 10 11 13 14 14 14 13 12 12 13 13 13 13 14 14 14 14 15 16 15 16 17 18 19 18 17 17 16 15 18 22 23 22 21 21 23 24 24 24 24 24 23 23 21 21 20 20 20 20 20 21 21 23 23 23 21 21 20 20 20 20 20 21 21 21 22 22 22 22 22 22 22 22 22 24 24 25 27 27 28 28 29 29 28 28 28 30 30 30 30 30 31 31 31
15 12 11 12 13 14 14 14 13 13 13 13 13 13 13 13 13 13 14 14 14 15 18 20 21 20 18 16 17 15 15 18 22 23 23 21 21 22 24 24 24 24 24 23 23 22 21 20 20 20 20 20 21 21 23 23 23 22 21 21 21 21 20 20 21 21 21 22 22 22 22 22 22 22 23 23 24 24 25 27 27 28 28 29 28 27 27 28 29 29 29 30 30 30 30 30
14 12 12 13 13 13 13 14 13 13 13 13 13 13 13 13 13 13 13 13 14 17 21 23 24 22 19 16 14 14 15 17 21 24 24 22 21 22 22 23 23 23 24 23 23 22 22 21 21 21 21 21 21 21 23 23 23 22 22 21 21 21 20 20 21 21 21 22 22 22 22 22 23 23 23 23 25 25 25 27 27 28 28 28 27 27 26 26 27 28 29 30 30 30 30 30
13 11 11 13 14 14 13 13 13 13 13 13 13 13 13 13 13 13 13 13 14 18 22 24 24 23 20 16 14 14 15 16 20 23 23 22 21 21 21 23 23 23 23 23 23 22 22 21 21 21 21 21 22 22 23 23 22 21 21 21 21 21 20 20 20 20 21 22 22 22 22 23 23 23 23 23 24 24 25 27 27 28 28 28 27 27 25 25 26 27 28 29 29 29 29 30
13 11 11 11 14 14 13 13 13 13 13 13 13 13 13 13 13 13 13 13 14 17 21 22 23 23 20 17 15 15 15 15 18 22 23 22 20 20 21 21 22 22 23 23 23 22 22 22 22 23 22 22 22 22 22 21 21 21 21 21 21 21 21 21 20 20 21 22 22 22 22 23 23 23 23 23 24 24 25 27 27 28 28 28 27 27 25 24 25 26 27 28 28 29 29 29
13 12 12 12 12 12 14 14 13 13 13 13 13 13 13 13 13 13 13 13 14 15 19 21 22 22 20 17 14 14 14 14 17 21 23 22 20 20 20 21 22 22 23 23 23 22 22 22 22 22 23 23 22 22 21 21 21 21 21 21 21 21 21 21 20 20 20 21 21 22 22 23 23 23 23 23 24 24 25 27 27 28 28 28 27 26 24 24 23 25 26 28 28 28 29 29
13 12 12 12 12 12 14 14 13 13 13 13 13 13 13 13 14 14 13 13 14 14 17 20 21 21 20 18 14 14 14 14 16 19 20 21 20 20 20 20 21 22 23 22 22 22 22 22 22 22 23 23 22 22 21 21 21 21 21 21 21 21 21 21 20 20 20 21 21 22 22 24 24 24 24 24 24 24 25 27 27 28 28 28 26 26 24 23 23 24 26 28 28 28 28 28
14 13 13 13 12 12 12 14 13 13 13 13 13 13 13 13 13 13 14 14 14 14 16 19 19 20 20 19 15 14 14 14 15 17 18 19 19 19 20 20 21 22 23 22 22 22 22 22 22 22 23 23 22 22 22 22 22 21 21 21 21 21 21 21 20 20 20 20 20 22 22 24 24 24 24 24 24 25 25 27 27 27 27 27 26 25 24 23 23 24 26 27 27 28 28 28
14 13 13 13 13 13 12 12 13 13 13 13 13 13 13 14 13 13 14 14 14 15 15 18 18 18 18 18 15 14 14 14 14 16 16 17 17 18 20 21 22 22 23 22 22 22 22 23 23 23 22 22 22 22 22 22 22 22 22 21 21 21 21 21 20 20 20 20 20 22 22 24 25 25 25 25 25 25 26 27 27 27 27 27 26 25 23 23 23 24 25 27 27 28 28 28
16 14 14 13 13 13 12 12 13 13 13 13 13 13 13 14 14 14 14 14 14 14 15 17 17 16 17 16 14 14 14 14 14 16 16 17 17 17 20 22 22 22 22 22 22 22 22 22 22 22 22 22 22 22 22 22 22 22 22 21 21 21 21 21 20 20 20 20 20 22 22 24 25 25 25 25 25 25 25 27 27 27 27 27 26 25 24 23 23 24 25 27 27 27 27 28
16 14 14 14 13 13 13 13 13 13 13 14 14 14 14 13 13 13 14 14 14 14 14 15 16 15 14 14 14 14 14 14 15 16 16 17 17 17 19 22 22 22 21 21 21 21 21 22 22 22 22 22 22 22 22 22 22 22 22 22 22 22 21 21 21 21 21 21 21 22 22 23 24 25 26 26 25 25 25 26 26 27 27 27 26 26 24 23 23 23 25 26 26 27 27 27
16 15 15 16 14 13 13 13 13 13 13 13 13 13 13 13 13 13 13 13 13 13 13 14 16 16 14 14 14 14 15 15 15 16 16 17 17 17 17 19 21 21 21 21 21 21 21 22 22 22 22 22 22 22 22 22 22 22 22 22 22 22 22 22 21 21 21 21 21 22 22 23 24 25 26 26 25 25 25 26 26 27 27 27 26 26 24 23 23 23 24 26 26 27 27 27
17 16 16 18 17 14 13 13 13 13 13 13 13 13 13 13 13 13 13 13 13 13 13 14 16 16 14 14 14 14 15 15 16 16 16 17 17 17 17 17 20 20 21 21 21 21 21 22 22 22 22 22 22 22 22 22 22 22 22 22 22 22 22 22 22 22 22 22 22 23 23 23 24 24 26 26 26 26 26 26 26 27 27 27 26 26 24 23 23 23 23 25 25 26 26 27
17 16 16 17 17 15 13 13 13 13 13 13 13 13 13 13 13 13 13 13 13 13 13 14 14 15 14 14 14 14 14 15 16 16 16 16 16 17 17 17 20 20 21 21 21 21 21 21 21 22 22 22 22 22 22 22 22 22 22 22 22 22 22 22 22 22 22 22 22 23 23 23 24 24 25 26 25 25 26 26 26 27 27 27 26 26 24 24 23 23 23 24 24 25 26 26
17 16 16 16 16 14 13 13 13 13 13 13 13 13 13 13 13 13 14 14 14 14 14 14 14 14 14 14 14 14 14 14 16 15 15 16 16 18 18 18 20 20 21 21 21 21 21 21 21 22 22 22 22 22 22 22 22 22 22 22 22 22 22 22 22 22 22 23 23 23 23 23 24 24 25 25 25 25 25 26 26 26 26 26 26 26 24 24 23 23 23 23 23 24 24 24
18 16 16 16 15 14 13 13 13 13 13 13 13 13 13 13 13 13 14 14 14 14 14 14 14 14 14 14 14 14 14 14 14 15 15 16 16 17 18 18 20 20 21 21 21 21 21 21 21 21 22 22 22 22 22 22 22 22 22 22 22 22 22 22 22 22 22 23 23 23 23 23 24 24 24 24 25 25 25 25 25 25 25 26 25 25 24 24 23 23 23 23 23 23 23 23
19 16 16 16 16 15 13 13 13 13 13 13 13 13 13 13 14 14 14 14 14 14 14 15 15 14 14 14 14 14 14 14 14 15 15 16 16 17 18 18 20 20 21 21 21 21 21 21 21 21 22 22 22 22 22 22 22 22 22 22 22 22 22 22 22 22 23 23 23 23 23 24 24 24 24 24 25 25 25 24 24 25 25 25 25 25 24 24 23 23 23 23 23 23 23 23
20 16 16 16 17 17 14 14 13 13 13 13 13 13 13 13 14 14 14 14 14 14 14 15 15 14 14 14 14 14 15 15 15 15 15 16 16 17 17 18 20 20 21 21 21 21 21 21 21 21 22 22 22 22 22 22 22 22 22 22 22 22 22 22 22 22 22 23 23 23 23 23 24 24 24 24 24 24 24 24 24 24 24 25 25 25 24 24 23 23 23 22 22 22 22 23
20 17 17 17 17 17 15 14 13 13 13 13 13 13 13 13 13 13 14 14 15 14 14 14 15 15 14 14 15 15 15 15 15 16 16 16 16 17 17 17 20 20 21 21 21 21 21 21 21 21 21 21 22 22 22 22 22 22 22 22 22 22 22 22 22 22 22 23 23 23 23 23 23 23 24 24 24 24 24 24 24 24 24 24 25 25 24 24 23 23 23 22 22 22 22 23
19 17 17 17 17 17 15 15 13 13 13 13 13 13 13 13 13 13 14 14 14 14 14 14 14 15 15 15 15 15 16 16 16 17 17 16 16 17 17 18 20 20 21 21 21 21 21 21 21 21 21 21 21 21 22 22 22 22 22 23 23 23 22 22 22 22 22 24 24 23 23 23 23 23 23 23 24 24 24 24 24 24 24 24 24 24 24 24 23 23 23 22 22 22 22 22
19 17 17 17 17 17 15 14 13 13 13 13 13 13 13 13 13 13 14 14 14 14 14 14 14 15 15 15 15 16 16 16 16 17 17 16 16 17 17 19 20 20 21 21 21 20 20 20 20 21 21 21 21 21 21 22 22 22 22 23 23 23 22 22 22 22 23 24 24 24 24 23 23 23 23 23 24 24 24 24 24 24 24 24 24 24 23 23 23 23 23 22 22 22 22 21
19 17 17 17 17 17 16 14 14 13 13 13 13 13 13 14 14 14 14 14 14 14 14 14 14 15 16 16 16 16 17 17 17 17 17 17 17 17 18 19 21 21 21 21 21 20 20 20 20 20 21 21 21 21 21 22 22 22 22 23 23 23 23 23 23 23 23 23 23 24 24 23 23 23 23 23 24 24 24 24 24 24 24 24 24 24 23 23 23 22 22 22 22 21 21 21
19 17 17 17 18 18 16 16 15 14 14 14 14 14 14 14 14 14 14 14 15 14 14 14 14 15 16 16 17 17 17 17 17 17 17 17 17 17 17 19 21 21 21 20 20 20 20 20 20 20 21 21 21 21 22 22 22 22 22 23 23 23 23 23 23 23 23 23 23 23 23 23 23 23 23 23 23 23 24 24 24 23 23 23 24 24 23 23 22 22 22 22 22 21 21 21
19 17 17 17 18 18 17 17 16 15 15 14 14 14 14 14 14 14 14 14 15 15 15 15 15 16 17 17 18 18 18 18 18 18 18 17 17 17 17 19 21 21 20 20 20 20 20 20 20 20 21 21 21 21 22 22 22 22 22 23 23 23 23 23 23 23 23 23 23 23 23 24 23 23 23 23 23 23 23 24 24 23 23 23 23 23 23 23 22 22 22 22 22 21 21 21
19 17 17 17 18 18 18 18 17 16 16 15 15 14 14 14 14 14 14 14 15 16 16 16 16 17 17 17 18 18 19 19 19 18 18 18 17 17 17 19 21 21 20 20 20 20 20 20 20 20 21 21 21 21 22 22 22 22 22 23 23 23 23 23 23 23 23 23 23 22 22 23 23 23 23 23 23 23 23 23 23 23 23 23 23 23 23 23 22 22 22 21 21 21 21 20
20 18 18 18 17 17 18 18 17 16 16 16 16 15 15 14 14 14 14 14 15 16 16 16 16 17 18 18 18 18 19 19 20 20 20 18 17 17 17 18 20 20 20 20 20 20 20 20 20 20 21 21 22 22 22 22 22 22 22 23 23 23 23 23 23 23 22 23 23 22 22 22 23 23 23 23 23 23 23 23 23 23 23 23 23 23 23 23 22 22 22 21 21 21 21 20
19 18 18 18 17 17 18 18 17 16 16 16 16 16 16 16 14 14 14 15 15 16 16 17 17 17 17 17 19 19 19 19 20 20 19 17 17 17 17 17 20 20 20 20 20 20 20 20 21 21 22 22 22 22 22 22 22 23 23 23 23 23 23 23 23 23 22 22 22 22 22 22 22 22 23 23 22 22 22 22 22 22 22 23 23 23 22 22 22 22 22 21 21 21 21 20
19 19 19 18 17 17 18 18 17 17 17 18 17 17 17 17 16 16 16 16 17 17 17 17 17 17 17 17 19 19 19 19 20 19 19 17 17 17 17 17 20 20 20 20 20 20 20 21 21 22 23 23 22 22 23 23 23 23 24 23 23 23 23 23 23 23 22 22 22 22 22 22 22 22 22 22 22 22 22 22 22 22 22 22 23 23 22 22 22 22 22 21 21 21 21 20
19 19 19 17 17 18 19 18 17 18 19 20 19 17 18 19 18 17 17 18 18 17 17 17 17 17 17 17 19 19 19 19 20 19 19 18 17 17 17 18 19 19 20 20 20 20 20 21 21 23 23 23 23 23 23 23 23 24 24 24 23 23 23 23 23 23 23 23 23 22 22 22 22 22 22 22 22 22 22 22 22 22 22 22 22 22 22 22 22 22 22 21 21 21 21 20
20 20 19 17 17 18 20 20 19 20 21 21 20 18 18 20 20 18 18 19 20 19 18 17 17 17 17 18 19 19 20 20 20 20 20 19 18 18 18 18 19 19 20 20 20 20 20 22 22 23 24 24 24 23 23 23 23 24 24 24 24 24 23 23 23 23 23 23 23 22 22 22 22 22 22 22 22 22 22 22 22 22 22 22 22 22 22 22 22 22 22 21 21 21 21 21
21 20 19 17 16 18 20 20 21 21 21 21 21 19 19 19 20 20 19 20 21 20 19 18 17 17 18 19 19 19 20 20 20 21 21 20 19 18 18 18 19 19 20 20 20 21 21 22 22 23 25 25 25 23 23 24 24 24 24 24 24 23 23 23 23 23 23 23 23 22 22 22 22 22 22 22 22 22 22 22 22 22 22 22 22 22 22 22 22 22 22 21 21 21 21 21
21 20 19 16 15 16 19 20 22 22 22 21 21 20 20 20 21 21 21 21 21 20 20 19 18 18 19 19 20 20 20 20 20 21 21 20 20 19 19 19 20 20 20 20 21 22 23 23 23 24 26 26 26 25 25 26 25 25 25 24 24 23 23 23 23 23 23 23 23 23 23 22 22 22 22 22 22 22 22 22 22 22 22 22 22 22 22 22 22 22 22 22 22 21 21 21
22 21 19 15 15 15 18 20 22 22 22 21 21 20 20 20 21 21 21 21 21 20 20 19 19 19 19 19 20 20 20 20 20 21 21 20 20 19 19 19 19 19 21 22 23 24 24 24 24 25 26 27 26 26 27 26 26 25 25 24 24 24 24 24 23 23 23 23 23 23 23 22 22 22 22 22 22 22 22 22 22 22 22 22 22 22 22 22 22 22 22 21 21 21 21 21
22 21 20 15 14 16 18 20 22 22 22 22 22 19 18 19 20 21 20 20 21 20 20 20 20 19 19 19 19 19 20 20 20 21 21 20 19 19 19 19 19 20 22 23 24 25 25 25 25 26 27 27 27 27 26 26 26 24 24 24 24 24 24 24 23 23 23 24 24 23 23 23 22 22 22 22 22 22 22 22 22 22 22 22 22 22 22 22 22 22 22 21 21 21 21 21
21 21 20 15 14 16 18 20 22 22 22 22 22 20 18 17 18 20 20 20 20 20 20 19 19 19 19 19 18 19 19 19 20 20 20 19 19 19 19 19 19 21 23 23 25 25 25 25 26 26 27 27 27 27 26 26 26 24 24 24 24 24 24 24 23 23 23 24 24 23 23 23 23 22 22 22 22 22 22 22 22 22 22 22 22 22 22 22 22 22 22 21 21 21 21 21
21 21 20 16 14 15 16 20 22 22 22 22 22 21 19 16 16 18 19 20 20 20 20 19 19 18 18 18 18 18 19 19 19 19 19 18 18 18 18 18 19 22 24 25 26 27 27 27 27 27 28 28 28 28 26 26 26 24 24 24 24 24 24 24 24 24 25 26 26 26 25 25 24 23 23 23 21 21 21 21 21 21 21 22 22 22 22 23 23 22 22 21 21 21 21 21
20 20 20 18 15 14 14 18 21 22 22 22 22 21 20 16 14 16 17 19 19 19 19 19 19 17 17 17 17 17 19 19 19 18 18 18 18 17 18 19 21 24 26 27 28 28 28 28 28 28 28 28 28 28 27 26 26 25 24 24 24 24 24 25 25 26 27 28 29 28 27 27 26 25 24 23 21 21 21 21 21 21 21 22 21 21 22 23 23 22 22 21 21 21 21 21
20 19 19 17 15 14 13 16 20 22 22 22 22 21 19 15 14 14 16 18 19 19 19 19 19 17 16 16 17 17 19 19 19 18 18 17 17 17 18 20 22 25 27 28 30 30 30 30 29 29 29 29 28 28 27 26 26 25 25 24 24 24 25 26 27 28 29 30 31 30 29 29 28 27 26 24 22 21 21 21 21 21 21 22 21 21 22 23 22 22 22 21 21 21 21 21
20 19 19 17 15 15 14 16 20 22 22 21 21 20 18 14 13 13 14 17 18 18 18 18 18 17 16 15 17 17 18 18 18 17 17 17 17 17 19 21 23 25 28 30 31 32 31 31 30 30 29 29 28 28 27 27 27 26 25 25 24 24 26 26 28 28 29 31 31 32 31 30 29 28 26 25 23 22 22 22 22 22 22 21 21 21 21 22 22 21 21 21 21 21 21 21
20 19 19 18 16 17 16 17 20 22 22 21 20 18 16 14 12 12 13 16 18 18 18 17 17 16 15 15 16 17 18 18 18 17 17 17 17 18 20 22 24 25 29 31 32 33 33 33 32 31 30 30 29 29 28 27 27 26 26 25 25 25 25 26 28 28 29 31 31 32 32 30 29 29 26 25 23 23 23 22 22 22 22 21 21 21 21 21 21 21 21 21 21 21 21 20
19 19 19 18 18 18 18 19 21 21 21 20 18 16 14 13 11 11 13 15 18 17 17 17 16 15 14 14 15 17 17 17 17 17 17 17 18 20 21 22 24 25 29 31 33 34 34 34 33 32 31 30 29 29 28 28 28 26 26 25 25 25 25 26 28 28 29 30 30 32 32 31 29 28 26 25 23 23 23 22 22 21 21 21 20 20 20 20 21 21 21 20 20 20 20 20
19 19 19 19 19 19 20 20 20 20 20 19 18 15 13 12 11 11 12 15 17 17 16 14 14 14 14 14 15 16 16 16 17 17 17 18 19 21 22 23 25 25 29 31 33 35 36 36 35 34 32 31 30 30 29 28 28 27 27 25 25 25 25 25 27 28 28 30 30 31 32 31 29 28 25 24 23 23 23 22 22 21 21 21 20 20 20 20 21 21 21 20 20 20 20 20
18 19 19 19 19 19 19 20 20 19 19 18 17 14 13 12 11 11 11 15 17 15 13 12 12 14 14 15 15 16 16 16 16 17 17 19 20 21 22 23 25 25 28 30 33 36 37 37 37 35 34 33 32 31 29 28 28 27 27 25 25 25 25 25 26 27 28 29 29 30 31 31 29 28 25 24 23 23 23 22 22 21 21 20 20 20 20 20 20 20 20 20 20 20 20 20
18 18 18 18 19 19 19 19 19 19 19 17 16 14 13 12 11 11 11 14 17 14 11 12 13 14 15 17 17 17 16 16 16 17 17 19 20 22 23 23 25 25 28 30 33 37 39 39 38 37 36 34 33 32 31 29 29 28 27 26 26 26 26 26 26 26 27 28 28 29 30 30 29 28 25 24 23 23 23 22 22 21 21 20 20 20 20 20 20 20 20 20 20 20 20 19
17 17 17 17 18 18 19 19 18 18 18 17 16 14 13 12 11 11 11 14 15 12 11 12 13 15 17 18 18 18 17 17 16 17 17 19 20 21 23 23 25 25 28 29 33 37 39 40 40 39 38 36 35 33 32 31 29 28 28 26 26 26 25 25 25 25 26 27 27 28 29 29 29 28 25 24 23 23 23 22 22 21 21 20 20 20 20 20 20 20 20 20 20 19 19 19
