geo_cache/1-3/elevation.txt
ncols         938
nrows         918
xllcorner     -72.75555555555555
yllcorner     42.504
cellsize      1.0E-5
NODATA_value  -9999
[rows 616 to 659 of 918, columns 192 to 287 of 938]
216 221 228 235 242 248 250 249 244 240 236 232 229 227 225 226 225 219 211 204 202 205 209 214 220 223 219 210 202 197 193 191 191 191 188 185 182 179 175 170 167 166 165 165 166 168 172 180 189 200 216 229 241 248 248 241 233 225 217 212 212 219 228 237 243 246 249 250 251 249 246 244 244 245 248 253 258 260 261 261 259 256 251 243 235 228 224 225 229 234 241 248 253 255 257 257
213 218 225 234 242 246 247 246 242 238 234 230 226 224 223 224 222 216 206 199 197 201 205 209 213 215 211 204 197 192 188 188 189 189 187 183 180 177 172 168 165 164 164 164 165 168 172 180 189 200 215 229 243 251 251 245 236 227 218 211 211 218 228 236 241 243 245 246 245 243 240 239 240 243 248 254 260 263 263 262 259 255 251 243 235 228 223 223 227 232 239 247 252 254 256 256
209 213 221 230 238 243 244 243 240 236 232 227 223 220 220 221 219 213 203 194 192 196 201 203 205 207 204 199 192 188 185 185 187 187 185 182 179 175 170 166 164 163 163 163 165 168 173 181 189 200 213 228 242 251 252 247 238 229 218 211 210 216 225 233 238 240 241 242 240 238 235 235 236 241 248 256 262 266 266 263 259 254 250 242 234 227 223 222 225 230 237 246 251 253 255 254
202 207 214 223 231 236 238 238 235 232 229 224 221 218 218 218 215 209 198 190 188 192 196 198 200 202 199 195 189 184 183 183 184 184 183 181 177 173 168 164 162 162 162 162 165 168 173 181 188 199 210 225 239 249 252 248 239 229 218 210 209 213 222 229 234 236 238 237 236 234 232 232 235 240 247 257 264 268 269 265 259 254 248 240 232 226 222 221 223 228 235 244 249 252 253 252
193 199 205 213 221 227 231 232 231 228 225 221 218 216 215 214 211 204 195 188 186 188 192 194 197 199 197 193 187 182 181 180 181 181 180 178 176 172 168 163 162 161 161 162 165 168 173 180 188 196 207 220 234 246 251 248 239 228 216 208 207 210 217 223 229 233 234 234 233 232 232 232 235 238 247 257 265 271 272 267 260 252 246 238 231 225 221 219 222 226 233 241 248 250 252 251
184 190 196 204 212 219 225 226 226 224 221 218 216 214 212 210 206 199 191 186 184 185 189 192 196 198 197 192 186 182 179 178 177 176 176 176 175 172 168 162 162 161 161 161 165 169 173 179 185 193 203 214 228 240 247 246 237 225 215 208 205 207 212 217 224 230 232 232 232 232 232 232 235 238 246 256 265 273 275 270 260 251 244 236 229 223 219 219 220 225 231 238 245 249 250 249
177 182 189 197 205 212 218 220 221 219 217 214 213 211 209 206 201 195 189 184 183 183 186 190 195 197 196 191 187 182 179 176 173 171 172 173 174 171 167 162 161 161 161 161 165 169 173 178 183 190 198 209 221 233 242 242 234 222 213 207 205 206 209 214 222 228 231 232 232 232 232 233 235 238 245 255 265 274 276 272 260 250 242 235 227 223 219 219 220 223 229 236 243 246 248 247
172 178 185 193 201 208 213 216 216 214 212 211 209 208 205 201 196 191 187 183 183 184 186 189 195 197 195 191 187 184 178 174 171 169 169 170 171 169 165 162 161 161 161 161 165 169 173 177 182 186 194 203 214 224 233 235 229 219 211 207 206 208 211 216 223 230 233 234 233 232 233 234 235 237 244 254 265 272 275 270 260 249 240 233 227 223 220 219 220 222 227 233 240 243 245 245
170 176 183 192 199 206 212 214 212 210 208 206 204 203 199 196 191 189 186 184 184 185 187 190 195 196 193 190 186 183 178 173 170 167 167 168 168 166 163 161 161 161 161 162 165 169 173 177 180 184 190 198 207 216 225 227 223 216 210 208 209 211 215 222 228 233 236 237 236 235 234 235 235 237 243 252 263 270 272 267 258 247 238 231 227 223 221 220 221 222 225 231 237 241 243 243
170 176 184 192 199 206 212 212 210 208 205 202 200 198 194 191 189 187 186 186 186 187 189 192 195 195 192 188 185 183 178 173 170 167 166 166 166 164 161 160 160 162 162 163 166 170 173 177 179 183 187 194 202 210 218 221 218 214 210 210 211 215 220 227 233 238 240 240 238 237 236 236 236 236 242 251 261 268 270 265 256 245 237 230 227 224 222 222 222 222 225 229 235 240 241 241
170 177 186 193 200 207 212 212 209 206 202 199 196 193 190 188 186 186 186 186 188 189 191 193 195 194 191 187 184 182 178 173 170 166 165 164 163 161 159 159 160 162 162 163 166 170 173 176 178 181 185 191 198 205 211 215 214 213 211 212 214 219 225 231 238 242 243 243 241 239 237 236 236 237 242 251 259 265 267 262 254 244 236 230 226 224 223 222 222 223 224 228 233 237 240 240
171 179 188 196 202 208 211 211 207 203 199 194 191 188 184 184 183 185 186 188 190 192 193 195 195 193 189 184 183 181 177 173 170 166 164 162 159 157 157 158 160 161 162 163 167 170 172 176 177 180 183 188 193 198 204 208 210 211 213 215 219 225 232 239 244 247 248 248 245 242 240 239 238 239 243 251 257 262 262 258 250 241 233 228 225 225 224 224 224 224 224 228 232 235 238 239
172 181 190 198 204 208 209 208 204 200 196 191 188 186 183 183 183 185 187 189 192 193 195 195 194 191 186 181 180 178 177 173 170 167 164 160 157 155 155 157 158 160 161 163 167 170 173 176 177 179 182 185 189 194 200 205 208 212 216 219 225 231 238 244 248 251 252 251 249 246 244 243 242 242 246 251 256 260 259 254 246 237 229 226 224 224 224 224 224 224 225 228 232 235 238 238
171 180 189 197 203 206 206 205 201 198 194 189 188 186 184 184 185 187 188 190 192 193 194 194 193 188 183 178 176 175 175 172 170 167 164 159 155 155 155 156 157 159 160 162 167 171 173 176 177 178 180 183 186 192 198 204 208 213 219 224 231 238 244 249 252 254 255 255 253 251 250 248 247 246 249 253 256 258 256 249 241 232 226 224 223 223 224 224 224 224 226 229 233 235 238 239
168 177 186 194 200 203 203 202 199 196 192 188 188 187 187 187 188 190 191 191 192 193 194 193 190 185 180 174 172 172 172 171 170 167 164 159 155 155 155 155 157 157 158 161 167 171 174 176 178 178 179 181 184 191 198 204 209 215 222 229 237 244 249 253 256 257 258 258 257 256 255 253 252 251 252 254 255 256 253 245 236 229 223 221 221 222 223 223 224 226 228 231 233 236 239 241
165 173 181 189 195 199 200 200 197 194 191 189 189 188 188 189 190 192 193 192 192 192 192 191 188 182 176 170 168 169 170 171 170 167 164 159 155 154 154 155 155 157 158 162 167 171 174 177 178 177 178 179 183 191 199 205 211 218 226 234 242 249 254 257 259 260 261 261 260 259 258 256 255 254 255 255 255 254 251 242 233 226 221 219 219 221 222 223 224 226 229 234 236 239 242 243
163 170 178 185 191 197 198 198 196 194 191 188 188 186 186 187 189 190 190 191 191 192 191 189 186 180 173 168 166 167 169 171 171 167 164 159 155 154 154 154 154 157 159 163 167 172 174 178 178 176 176 177 183 191 199 207 213 220 229 237 245 253 259 262 263 264 264 263 262 259 257 257 255 255 255 255 255 253 249 240 231 224 219 217 217 219 221 222 224 226 231 237 240 243 245 246
162 168 175 182 188 194 197 197 195 194 192 188 186 183 181 182 185 187 188 188 189 190 190 187 183 177 170 166 164 165 169 171 171 167 165 160 155 153 153 154 154 157 160 164 169 172 175 177 177 175 174 176 182 191 199 207 215 223 231 240 248 256 263 266 268 268 267 265 262 258 256 255 255 255 255 255 254 252 248 239 230 222 217 214 215 217 220 221 224 228 234 240 244 247 249 249
160 166 172 179 186 192 195 196 195 193 191 187 183 179 174 176 180 183 185 185 187 188 188 185 180 174 168 164 163 164 169 171 170 167 164 160 154 153 153 153 154 158 162 166 171 174 177 178 176 173 171 174 181 190 199 209 217 225 233 242 250 258 266 270 272 272 270 266 262 257 254 253 253 253 253 253 253 251 246 237 228 221 215 212 213 215 219 220 225 229 236 244 249 252 253 254
158 164 170 177 184 190 194 195 194 192 190 186 181 175 169 170 175 180 182 183 185 187 185 182 177 171 165 162 162 164 168 170 169 167 163 159 154 153 153 153 155 159 163 168 173 176 177 178 176 172 169 172 180 189 198 208 217 226 234 242 250 259 266 271 274 275 273 269 264 258 254 253 252 252 252 253 252 249 243 235 227 219 214 211 211 214 218 221 225 231 239 247 253 256 256 256
155 162 169 177 183 190 194 194 192 190 187 183 179 172 166 166 171 177 180 181 184 184 182 178 173 168 163 160 161 163 166 168 166 164 161 158 155 153 153 153 156 160 165 170 175 177 178 178 176 172 169 171 178 186 195 206 216 225 233 240 248 256 264 271 275 277 277 274 269 261 255 253 250 250 250 250 249 246 239 232 224 217 212 209 210 214 218 222 226 233 242 250 256 259 259 258
151 160 169 177 184 191 193 193 190 187 184 180 176 171 164 164 168 174 178 180 182 182 180 174 168 164 160 159 160 162 164 165 163 160 158 157 155 154 154 155 157 162 167 172 176 177 178 178 177 173 170 170 175 183 193 203 213 222 230 237 245 253 261 270 276 279 281 280 275 266 258 253 250 248 247 247 246 243 236 229 221 215 210 208 209 213 218 222 228 235 244 252 258 261 261 259
148 159 169 179 185 191 193 191 188 184 181 177 174 168 163 162 165 172 177 179 180 180 177 171 164 160 158 157 159 161 162 161 158 156 156 156 156 156 156 157 159 163 168 172 176 178 178 178 176 172 169 169 173 181 191 201 211 219 227 233 241 249 258 267 275 281 285 285 280 270 261 254 249 246 245 244 242 239 233 225 218 212 208 207 208 212 218 222 229 237 246 254 260 262 261 260
145 157 169 178 185 191 192 189 185 181 178 174 171 165 161 160 163 170 175 178 179 178 175 167 160 157 156 156 158 160 159 157 154 153 154 155 156 157 158 159 161 164 168 172 175 177 178 176 174 171 168 168 172 180 189 200 209 217 224 230 236 245 255 265 274 283 288 289 285 275 263 255 249 244 243 241 239 235 229 222 216 210 206 205 207 211 217 222 228 237 246 253 259 262 261 260
143 155 167 177 184 189 190 187 182 178 174 170 167 162 159 159 163 170 174 177 177 176 173 165 158 155 155 155 158 158 157 153 151 151 152 154 157 158 159 160 161 164 167 171 174 176 175 174 171 169 167 167 172 180 189 200 208 215 222 228 233 241 251 263 274 283 290 292 287 277 265 257 250 244 241 239 236 231 226 220 214 208 204 203 206 210 215 221 227 235 243 251 258 261 261 261
141 152 164 174 181 186 188 184 179 174 170 165 161 158 156 158 164 170 174 175 175 174 171 164 156 154 154 156 157 157 154 150 148 149 151 154 157 158 160 160 161 163 166 169 172 174 173 171 168 166 166 167 173 180 189 199 208 214 221 226 230 237 248 261 273 283 292 294 289 278 266 258 251 244 240 237 233 228 223 217 211 206 202 202 204 208 212 218 224 232 240 248 255 260 261 261
139 149 160 170 178 183 185 182 175 170 166 159 155 152 153 157 165 170 173 173 173 172 169 162 155 153 154 156 157 156 152 148 146 149 152 154 157 158 160 160 160 162 163 166 169 171 171 167 164 163 164 167 172 180 189 198 207 214 220 223 227 234 245 258 271 283 292 295 291 280 268 259 252 245 239 235 230 226 221 215 209 204 201 200 202 206 210 214 221 228 237 244 252 257 260 260
138 146 156 166 174 180 182 179 172 167 162 154 150 148 151 157 164 169 171 171 170 170 167 161 154 152 154 156 157 155 150 146 145 148 152 154 156 158 159 159 159 160 161 164 167 169 168 165 162 161 163 167 171 178 187 195 204 212 218 221 225 232 243 256 270 283 294 297 291 281 269 261 254 245 239 233 228 223 218 213 207 202 199 199 201 204 207 212 217 224 232 241 248 254 257 258
138 143 152 161 169 175 177 174 168 163 158 151 147 146 150 156 163 167 168 168 167 167 164 159 153 151 154 156 156 154 149 145 145 148 151 154 155 157 157 157 158 158 159 162 165 167 165 163 160 160 162 165 170 176 184 192 201 209 216 220 226 232 242 255 270 283 295 297 292 282 271 263 256 247 239 232 226 221 216 210 205 200 198 198 199 202 204 209 214 220 228 236 244 250 254 256
137 140 147 156 164 170 171 168 164 158 154 149 146 146 150 155 161 164 165 165 164 164 161 156 151 150 153 155 155 154 149 145 145 148 151 153 154 155 156 156 156 157 158 160 163 164 163 160 158 158 161 164 169 174 180 188 197 205 214 220 227 233 243 255 269 283 295 298 293 283 272 265 258 248 240 232 226 219 214 208 203 199 196 195 197 199 202 205 210 216 224 232 239 246 250 253
137 138 143 151 158 163 165 164 159 154 150 147 146 146 149 155 159 162 162 162 161 161 158 154 149 149 151 153 154 153 149 146 146 148 151 152 154 154 154 154 154 156 157 159 162 162 161 158 156 157 161 164 168 173 178 185 194 203 212 220 227 235 243 255 269 283 296 298 293 284 274 267 259 250 241 231 225 219 213 207 202 197 194 193 195 196 199 201 206 212 221 228 235 242 246 249
137 137 141 147 153 157 160 159 155 151 148 145 145 145 148 153 157 159 159 158 158 158 155 151 147 147 150 152 153 152 149 148 148 149 152 153 154 154 154 153 153 154 155 158 160 160 159 157 155 156 161 164 168 173 178 185 193 202 212 220 227 235 244 256 270 284 296 298 294 285 276 268 260 250 240 231 225 218 213 207 201 196 192 191 192 193 195 198 203 209 218 226 233 238 243 246
139 137 139 144 148 151 154 154 150 147 146 145 145 145 147 151 154 156 156 156 156 156 153 149 146 147 148 150 151 151 150 150 150 152 153 154 155 155 154 153 153 153 155 156 158 158 157 155 154 156 161 165 171 176 181 187 195 203 212 219 227 236 245 256 271 284 296 298 294 286 277 270 260 249 239 230 224 218 214 207 200 194 191 189 190 191 193 195 200 207 216 225 232 236 240 243
142 139 139 140 144 146 148 148 145 144 145 145 145 145 147 149 151 153 153 153 154 155 152 148 146 146 148 148 148 149 151 151 153 155 156 157 157 156 155 153 153 153 154 156 156 156 156 154 153 156 162 167 174 180 186 191 197 204 212 219 227 236 245 257 271 285 296 298 295 288 278 271 260 247 237 229 224 218 214 208 201 194 190 188 188 188 190 193 198 205 215 225 232 235 237 240
145 141 139 138 140 141 143 142 140 141 144 145 145 146 146 147 149 150 150 151 152 153 151 148 146 146 147 147 146 147 151 153 157 158 159 160 160 159 157 154 153 153 154 155 155 155 154 152 152 156 162 169 177 184 190 196 200 206 213 220 228 236 246 259 273 285 296 298 295 288 280 271 260 247 235 228 223 218 214 209 201 194 189 186 185 186 187 191 196 204 214 226 231 233 234 236
147 143 139 136 137 138 138 136 136 138 141 144 145 145 145 145 147 147 148 149 150 151 149 147 146 146 147 147 146 148 151 155 159 161 161 162 162 161 160 157 155 154 154 155 155 154 153 152 152 156 164 171 179 186 194 200 205 211 217 224 230 237 248 259 273 285 295 298 295 288 280 272 261 247 235 227 222 218 214 208 200 193 187 184 184 184 185 189 196 204 215 226 230 230 231 233
150 145 140 136 135 135 134 132 131 133 137 141 143 143 144 144 144 145 145 146 147 149 148 146 145 145 147 147 147 150 154 157 161 163 163 164 164 164 163 160 158 157 156 156 156 154 153 152 152 156 164 171 180 188 196 203 210 216 222 228 233 240 249 259 272 285 295 298 296 289 280 272 261 248 236 227 220 216 211 206 199 192 186 183 183 183 184 188 196 205 216 226 228 227 227 229
152 147 141 136 135 133 132 129 127 129 133 138 141 141 142 142 142 142 142 143 144 146 146 144 143 145 147 150 151 154 157 160 162 164 165 165 166 166 166 164 162 160 159 158 157 155 153 152 152 155 164 172 181 189 198 207 214 222 228 233 237 242 249 259 272 284 295 298 296 289 280 272 261 249 236 226 218 213 209 204 197 191 185 182 182 182 184 188 196 207 217 225 225 223 223 225
154 149 143 137 135 132 129 125 124 124 128 134 138 140 141 141 141 140 140 140 142 144 144 142 142 145 148 152 155 158 160 162 164 165 166 166 167 168 168 168 166 164 162 160 158 157 154 152 152 155 164 172 181 190 199 209 218 226 232 238 241 245 251 260 272 284 295 298 296 288 280 271 261 249 235 224 216 211 207 202 196 189 184 181 181 181 183 187 195 205 216 222 222 219 219 223
157 151 144 139 135 131 127 123 121 120 124 131 136 139 140 140 139 138 137 138 139 141 142 142 142 146 150 154 158 161 163 165 165 166 167 168 169 170 170 170 169 167 165 163 160 158 155 153 152 155 163 171 181 190 199 210 220 229 235 241 246 250 255 265 275 286 295 299 296 288 279 269 260 247 233 221 213 209 206 202 197 189 184 181 181 181 182 186 193 202 212 217 217 215 217 221
159 153 146 141 137 132 127 123 119 118 122 129 134 136 138 138 137 136 135 136 137 139 141 141 143 147 152 156 160 164 166 167 167 167 168 169 170 171 171 171 171 169 167 165 162 159 156 154 153 156 163 171 180 190 199 210 220 229 237 244 250 256 263 272 281 290 297 299 296 287 277 266 256 242 228 218 210 207 206 203 197 189 184 181 181 181 181 184 191 199 206 210 211 212 215 219
160 154 149 144 139 134 129 124 117 116 120 127 131 134 136 136 135 134 133 133 134 136 139 141 144 149 153 157 162 166 169 170 169 169 170 171 172 171 171 171 171 171 170 167 164 161 157 155 154 156 162 170 180 190 199 210 220 228 237 246 255 263 270 279 287 294 299 299 295 286 274 263 251 236 223 213 208 207 206 204 197 189 184 180 180 180 180 183 188 195 200 203 205 208 213 218
161 156 151 146 141 136 130 124 117 114 118 125 128 131 134 134 133 132 131 131 132 134 138 141 146 151 155 159 164 168 171 172 171 170 172 173 173 171 170 170 171 172 171 169 165 162 159 156 155 157 162 170 180 190 200 210 220 228 237 248 259 268 277 285 292 297 299 298 292 283 271 259 247 231 219 209 205 206 206 203 197 189 183 179 179 179 179 182 186 191 196 199 201 205 211 217
163 158 153 147 143 138 132 125 117 114 117 123 126 128 131 131 130 129 129 129 130 133 138 142 148 153 157 161 166 170 173 173 172 172 172 174 173 172 169 169 170 171 171 168 165 163 160 158 157 158 163 171 181 192 203 213 221 229 238 249 261 271 280 288 294 297 297 294 288 278 266 256 243 228 216 207 203 203 204 201 195 188 182 179 179 179 179 180 184 189 193 196 199 203 209 217
