geo_cache/1-3/elevation.txt
ncols         938
nrows         918
xllcorner     -72.75555555555555
yllcorner     42.504
cellsize      1.0E-5
NODATA_value  -9999
[rows 748 to 791 of 918, columns 480 to 575 of 938]
90 91 86 79 77 78 80 80 77 75 74 76 79 84 89 94 99 102 101 96 90 83 78 75 75 73 73 73 70 68 64 61 59 58 52 47 46 46 46 45 45 45 44 44 43 42 42 41 39 36 32 30 30 30 30 30 30 33 38 41 42 43 43 44 45 45 46 47 47 48 48 48 48 48 48 48 48 48 48 48 47 47 47 47 47 47 48 48 49 49 49 50 51 51 52 53
86 89 85 78 76 75 77 78 76 74 72 76 80 84 89 93 99 101 101 95 89 82 78 75 74 73 72 72 70 68 63 58 55 54 50 47 46 46 46 45 45 44 44 44 43 42 42 40 38 34 30 30 30 30 30 30 30 36 41 42 42 44 44 44 46 46 46 47 47 48 48 48 48 48 48 48 48 48 48 48 47 47 47 47 47 47 48 48 48 49 49 50 51 51 52 53
83 84 82 78 75 72 74 76 75 73 71 76 81 84 89 93 99 101 101 94 88 82 77 75 74 72 70 70 69 68 64 58 52 48 47 47 46 46 46 45 45 44 43 43 42 42 41 39 36 32 30 30 30 30 30 30 31 39 42 43 43 44 44 44 46 46 46 47 47 48 48 48 48 48 48 48 48 48 48 48 47 47 47 47 47 47 48 48 48 48 49 49 50 50 52 52
84 83 80 78 75 72 71 72 73 71 71 76 81 84 89 93 99 102 101 96 89 83 79 76 74 72 69 68 67 66 64 59 52 47 47 47 46 45 45 44 44 44 43 43 42 41 40 37 34 30 30 30 30 30 30 30 35 41 43 43 43 44 44 45 46 46 46 47 47 48 48 48 48 48 48 48 48 48 47 47 47 47 47 47 47 47 48 48 48 48 48 49 50 50 51 52
87 83 80 78 76 73 71 69 68 69 70 77 81 84 88 93 100 103 102 97 90 84 79 76 73 72 69 66 65 64 60 56 50 47 46 46 46 45 45 44 44 44 43 43 42 41 40 35 32 30 30 30 30 30 30 30 38 42 43 43 43 45 45 45 46 46 46 48 48 48 48 48 48 48 48 48 48 48 47 47 47 47 47 47 47 47 48 48 48 48 48 49 50 50 51 52
88 83 79 77 75 73 70 67 65 66 70 76 81 84 88 93 100 103 103 97 91 85 80 76 73 71 68 66 65 64 58 52 48 47 46 46 45 45 45 44 44 44 43 43 42 41 39 34 30 30 30 30 30 30 30 34 41 42 43 44 44 45 45 45 46 46 47 48 48 48 48 48 48 48 48 48 48 48 47 47 47 47 47 47 47 47 48 48 48 48 48 49 50 50 51 52
87 83 79 77 76 73 69 65 63 65 70 75 79 83 87 92 100 103 102 97 91 85 79 75 71 69 66 64 65 65 59 51 47 46 46 46 45 45 45 44 44 44 43 43 42 41 37 33 30 30 30 30 30 30 32 39 42 42 43 44 44 45 45 45 47 47 47 48 48 48 48 48 48 48 48 48 48 48 47 47 47 47 47 47 47 47 48 48 48 48 48 49 50 50 51 52
86 84 83 81 79 75 70 65 62 64 69 73 78 82 87 92 98 102 102 96 90 83 77 74 71 67 65 64 64 65 61 52 47 46 46 46 45 45 45 44 44 44 43 43 41 39 34 31 30 30 30 30 30 30 35 40 43 43 44 44 44 45 45 46 47 47 47 48 48 48 48 48 48 48 48 48 48 48 47 47 47 47 47 47 47 47 48 48 48 48 48 49 50 50 51 52
89 88 87 85 82 78 72 66 61 62 67 72 77 82 87 92 99 102 101 94 87 80 76 74 72 69 67 65 62 63 61 52 47 45 45 45 45 45 45 44 44 43 43 43 40 37 33 30 30 30 30 30 30 33 38 40 43 43 44 45 45 45 45 46 47 47 47 48 48 48 48 48 48 48 48 48 48 48 47 47 46 46 46 47 47 47 48 48 48 48 48 49 50 50 51 52
93 92 89 87 84 80 73 68 60 59 65 71 77 82 88 93 99 101 100 93 86 80 76 74 72 70 68 66 62 60 59 52 46 43 44 45 45 44 44 44 44 43 42 42 40 35 32 30 30 30 30 30 30 36 41 41 43 43 45 45 45 46 46 46 47 47 48 48 48 48 48 48 48 48 48 48 48 48 47 47 46 46 46 47 47 47 48 48 48 48 48 49 50 50 51 52
96 95 92 89 85 80 73 68 61 59 63 70 76 81 87 93 99 101 100 93 86 81 77 73 71 68 66 66 63 58 56 50 44 42 43 44 44 44 44 43 43 43 42 41 39 34 30 30 30 30 30 30 33 39 41 42 43 43 45 45 45 46 46 46 47 47 48 48 48 48 48 48 48 48 48 48 48 48 47 47 46 46 46 47 47 47 48 48 48 48 48 49 50 50 51 51
98 97 95 91 86 80 74 69 63 59 61 68 75 80 86 92 98 101 99 92 86 81 77 73 70 66 64 65 62 55 51 48 43 42 42 43 44 43 43 43 43 43 42 41 37 32 30 30 30 30 30 30 35 41 42 42 43 43 45 46 46 46 46 47 47 47 47 48 48 48 48 48 47 47 47 48 48 48 47 47 46 46 46 46 47 47 48 48 48 49 49 49 50 50 51 51
100 98 96 93 89 82 76 70 65 59 60 66 73 79 84 90 96 99 98 92 86 82 77 73 69 66 64 64 61 53 47 45 43 42 42 42 43 43 43 43 43 43 41 40 34 30 30 30 30 30 30 33 37 41 42 43 44 44 45 46 46 47 47 47 47 47 47 48 48 48 48 48 47 47 47 48 48 48 47 47 46 46 46 46 47 47 48 48 48 49 49 49 50 50 51 51
101 99 97 94 90 83 76 71 65 59 58 63 71 77 84 89 95 98 96 92 86 80 76 72 69 67 66 65 61 51 46 44 42 42 42 42 43 43 43 42 42 42 41 38 33 30 30 30 30 30 30 35 38 41 42 43 44 45 46 46 46 47 47 47 47 47 47 48 48 48 48 48 47 47 47 48 48 48 47 47 46 46 46 46 47 47 48 48 48 49 49 49 50 50 51 51
101 100 97 94 89 82 75 70 64 59 58 61 70 77 84 90 94 96 95 90 84 80 75 71 69 68 68 66 63 54 47 43 42 42 42 42 43 43 43 42 42 42 40 35 31 30 30 30 30 30 31 36 39 42 42 43 45 45 47 47 47 47 47 48 48 48 48 48 48 48 48 48 48 48 48 48 48 47 46 46 46 46 46 46 47 47 48 48 49 49 49 49 49 49 50 51
102 100 98 93 89 82 75 71 66 61 58 61 70 77 85 90 94 95 94 89 83 80 75 71 70 68 67 67 64 56 47 42 42 42 42 42 43 43 43 42 42 41 38 33 30 30 30 30 30 30 34 37 40 42 43 44 45 46 47 47 47 48 48 48 48 48 47 48 48 48 48 48 47 47 47 47 47 46 46 45 45 45 45 46 47 47 48 48 48 49 49 49 49 49 50 50
104 102 99 95 90 83 77 73 69 64 59 62 71 77 84 89 92 94 94 90 85 81 75 71 69 66 64 63 62 55 46 42 42 42 42 42 43 43 43 42 42 41 36 31 30 30 30 30 30 30 36 39 41 42 43 44 46 46 48 48 48 48 48 48 48 48 47 47 47 48 48 48 47 47 47 47 47 46 45 45 45 45 45 46 47 47 48 48 48 49 49 49 49 49 50 50
107 105 102 98 93 87 81 76 70 64 59 61 69 76 82 86 90 93 93 90 86 79 73 70 69 66 63 58 56 50 44 42 42 42 42 42 43 43 43 41 41 38 33 30 30 30 30 30 30 32 37 39 41 43 43 45 47 47 48 48 48 48 48 48 48 48 47 47 47 48 48 48 47 46 46 46 45 44 43 43 43 44 44 45 46 46 48 48 48 48 48 48 49 49 49 49
111 108 104 99 94 88 82 77 70 64 60 60 67 74 80 85 89 93 93 89 83 77 72 70 69 66 64 59 53 47 43 42 42 42 42 42 43 43 43 41 40 35 31 30 30 30 30 30 30 35 38 40 42 43 43 45 47 47 47 48 48 48 48 48 47 47 47 47 47 48 48 48 47 44 43 43 43 43 42 42 43 44 44 45 46 46 47 47 47 48 48 48 49 49 49 48
115 111 104 99 95 89 82 76 69 65 60 59 64 72 80 85 89 92 91 86 81 77 75 71 68 65 63 59 52 46 43 42 42 42 42 42 43 43 43 41 39 34 30 30 30 30 30 30 32 37 39 41 42 44 44 45 47 47 47 48 48 48 48 48 47 46 46 46 47 47 47 46 44 42 41 41 42 42 42 42 42 43 43 44 45 46 46 46 47 47 47 48 48 48 48 48
118 112 104 98 93 88 82 76 71 66 61 59 61 71 79 84 88 91 90 84 80 79 76 71 67 63 60 54 48 45 43 42 42 42 42 42 43 43 43 41 38 33 30 30 30 30 30 31 35 38 40 41 42 44 44 45 47 47 47 48 48 48 48 48 46 46 45 45 46 47 44 43 41 40 40 41 41 42 42 42 42 43 43 44 44 45 46 46 46 47 47 47 48 48 48 47
119 112 104 97 93 88 82 77 72 67 62 59 61 70 78 82 87 89 89 84 82 80 77 72 67 59 54 48 45 44 42 42 42 42 42 42 43 42 42 40 36 32 30 30 30 30 30 32 36 39 41 42 43 44 45 46 47 47 48 48 48 48 48 48 47 46 45 43 44 44 41 40 40 40 40 41 41 41 42 42 42 42 42 43 43 44 44 44 45 45 46 46 46 46 46 46
120 113 105 98 93 89 82 77 72 67 63 58 59 67 75 81 86 88 87 84 82 79 77 73 68 60 53 47 44 43 42 42 42 42 43 43 42 42 42 39 34 31 30 30 30 30 30 32 37 40 42 43 44 45 45 46 47 47 48 48 48 49 49 49 47 47 44 42 42 42 40 40 40 40 40 41 41 41 41 41 41 42 42 42 42 42 43 43 44 44 45 45 45 45 46 46
121 113 105 98 93 88 82 76 71 66 62 56 56 64 74 81 85 86 86 82 79 78 76 73 69 63 56 48 44 43 42 42 42 42 43 43 42 42 42 39 32 30 30 30 30 30 30 35 38 41 42 44 46 47 47 47 47 48 48 49 49 49 49 49 47 46 44 41 41 40 40 40 40 40 40 41 41 41 41 41 41 41 42 42 42 42 42 43 43 43 43 43 43 44 44 44
121 112 104 97 92 86 80 74 69 64 60 55 54 62 73 80 84 85 84 79 76 75 73 71 68 63 57 50 45 43 42 42 42 42 42 42 42 41 40 37 32 30 30 30 30 30 30 36 39 41 44 45 46 48 48 48 48 48 49 49 49 49 49 48 47 46 44 40 40 40 40 40 40 40 40 41 41 41 41 41 41 41 41 42 42 42 42 42 42 42 42 42 42 43 43 44
120 110 101 95 89 83 79 74 68 63 58 53 52 59 71 77 81 82 81 76 73 71 70 68 67 63 57 50 45 43 42 42 42 42 42 42 42 41 39 34 30 30 30 30 30 30 32 36 39 42 45 46 47 48 48 48 49 49 49 49 49 49 49 48 46 46 43 39 39 40 40 40 40 40 40 41 42 42 42 42 41 41 41 41 41 41 42 42 42 42 42 42 42 42 42 43
118 108 99 93 89 84 79 74 70 66 59 53 51 57 67 73 78 79 79 75 71 69 67 65 65 61 55 48 44 43 42 42 42 42 42 42 41 41 37 32 30 30 30 30 30 30 33 36 40 42 45 47 47 48 48 48 49 49 50 50 50 49 49 47 45 44 41 39 39 40 40 40 41 41 41 42 43 43 43 42 41 41 41 41 41 41 42 42 42 42 42 42 42 42 42 42
116 106 98 93 91 87 82 77 72 68 62 56 51 54 61 69 76 78 77 75 71 69 66 64 61 57 52 47 44 43 42 42 42 42 42 42 41 40 36 31 30 30 30 30 30 31 33 37 41 43 46 47 48 48 48 48 49 49 50 50 50 49 48 46 44 43 41 39 39 40 40 40 42 42 43 43 43 44 44 43 43 43 43 41 41 41 42 42 42 42 42 42 42 42 42 42
115 106 100 96 92 89 84 78 74 69 63 57 53 51 55 65 73 75 74 73 71 70 67 65 62 58 53 47 44 43 42 42 42 42 42 42 41 39 33 30 30 30 30 30 30 31 36 40 42 44 47 47 48 48 48 48 50 50 50 50 50 49 47 44 42 41 41 40 40 40 40 40 43 43 44 45 46 46 46 45 45 46 46 44 43 42 42 42 42 42 42 42 42 42 42 42
116 109 104 99 93 90 84 79 74 69 64 57 53 51 53 62 70 73 73 71 70 68 66 65 64 61 55 48 44 42 42 42 42 42 42 42 40 37 32 30 30 30 30 30 30 31 37 41 43 45 47 47 48 48 48 49 50 50 51 51 51 48 44 41 40 40 40 40 40 40 40 40 43 45 46 46 47 47 46 46 46 47 47 47 45 43 42 42 43 43 43 42 42 42 42 42
117 111 105 99 94 89 83 78 73 68 63 57 53 49 52 59 67 70 71 70 69 67 65 63 62 60 54 47 44 42 42 42 42 41 41 40 37 34 30 30 30 30 30 30 30 33 38 42 44 45 47 47 48 48 49 49 50 50 51 50 50 47 42 39 39 39 39 40 40 40 40 40 43 46 47 48 48 48 48 48 48 48 48 47 45 44 44 43 43 43 43 43 43 42 43 43
117 112 106 99 93 86 82 78 72 68 64 56 51 47 49 56 63 69 70 70 68 67 64 61 59 59 53 47 44 42 42 41 41 41 40 38 35 32 30 30 30 30 30 30 31 36 41 43 45 46 48 48 48 49 49 50 51 51 51 50 48 45 42 39 39 39 39 40 40 40 41 42 44 46 47 49 49 49 49 49 49 48 48 46 46 45 44 44 44 44 44 44 44 43 44 44
117 112 106 99 92 86 81 78 74 71 66 59 53 47 47 53 62 69 69 69 68 67 64 60 57 56 51 46 44 43 42 39 39 41 39 36 33 30 30 30 30 30 30 30 34 39 43 44 45 46 48 48 48 49 49 50 51 51 51 50 45 41 39 39 39 39 39 40 40 40 41 43 45 47 47 49 50 50 50 50 49 48 48 47 47 46 45 44 44 44 44 45 45 45 45 45
116 112 106 98 92 87 83 79 75 72 67 61 54 48 47 53 62 68 68 68 67 66 64 60 56 52 48 46 44 44 42 39 38 38 36 35 32 30 30 30 30 30 30 31 37 42 43 45 46 47 48 48 48 49 49 50 51 51 50 48 42 37 38 38 39 39 39 40 40 41 43 44 46 47 48 50 51 51 51 51 49 48 48 48 47 46 45 45 45 45 45 45 46 46 46 46
116 112 106 100 93 89 84 80 75 71 67 61 54 49 46 52 62 67 67 67 66 65 63 61 56 49 47 46 44 44 43 41 40 37 35 32 30 30 30 30 30 30 30 34 40 43 44 45 47 47 48 48 48 48 49 49 50 50 49 47 41 37 37 38 39 39 39 40 41 42 44 45 47 48 50 51 52 53 53 52 48 48 48 48 47 46 46 46 46 46 46 46 46 46 47 48
116 112 107 101 95 90 84 79 73 68 64 59 54 49 46 49 58 64 66 67 66 65 63 61 55 48 47 46 44 44 43 42 41 37 34 31 30 30 30 30 30 30 30 36 42 44 44 46 47 47 48 48 48 48 48 49 49 49 48 46 41 38 38 38 40 40 40 41 43 44 45 46 48 50 51 52 53 54 54 52 49 48 48 47 47 47 46 46 46 46 47 48 48 48 50 51
115 111 106 101 95 91 84 78 72 68 65 61 54 49 46 46 52 60 63 66 66 65 62 59 52 47 46 45 44 44 43 42 42 37 32 30 30 30 30 30 30 30 32 39 43 44 45 46 47 47 48 48 48 48 48 49 49 49 47 46 41 39 39 39 40 40 40 42 44 45 47 48 49 51 53 54 55 56 55 53 51 50 49 47 47 47 46 46 46 46 49 51 52 52 53 55
113 109 104 99 95 89 83 77 73 71 69 64 56 49 45 45 47 53 57 62 64 64 62 58 50 46 46 45 44 44 43 42 39 35 31 30 30 30 30 30 30 30 36 42 44 45 45 47 47 47 48 48 48 48 48 49 49 49 46 42 40 39 39 39 40 40 42 43 44 46 49 51 52 53 55 56 57 57 58 56 54 52 50 48 47 47 47 47 47 47 52 55 56 57 57 57
110 106 103 98 94 89 83 79 76 72 69 64 57 52 49 47 44 47 50 55 59 61 61 57 50 46 46 45 44 43 42 41 37 32 30 30 30 30 30 30 30 34 40 43 44 45 46 47 48 48 48 48 48 48 48 48 48 46 43 40 39 39 39 39 40 41 43 45 45 47 52 54 54 54 56 58 59 60 60 60 57 54 51 48 47 47 47 48 50 52 55 59 60 61 61 59
109 105 103 98 96 92 86 81 75 70 66 63 61 59 55 50 49 48 48 47 51 57 61 57 50 46 46 45 43 43 42 38 34 30 30 30 30 30 30 30 31 38 42 43 45 46 46 48 48 48 48 48 48 47 47 48 46 43 40 39 38 39 39 39 41 43 45 47 46 48 53 55 56 57 58 60 60 61 61 61 60 57 52 49 48 48 50 54 58 60 61 63 63 65 64 62
108 105 103 100 97 94 88 81 74 69 67 65 65 64 58 54 58 56 53 47 47 53 59 58 50 45 45 45 43 43 42 37 31 30 30 30 30 30 30 30 35 41 43 44 45 46 47 48 48 48 48 48 48 46 46 45 43 40 38 38 38 39 39 39 41 44 47 50 49 50 54 57 59 59 60 61 63 63 64 64 62 57 54 54 52 51 57 62 64 66 66 66 66 68 68 66
107 105 103 100 98 95 88 82 77 73 70 67 66 65 58 58 64 61 58 50 46 51 59 58 51 45 45 44 43 42 40 36 31 30 30 30 30 30 30 31 39 42 44 44 46 47 47 48 48 48 48 48 48 47 46 42 40 39 38 38 38 39 39 39 42 45 49 53 53 52 55 59 61 61 62 63 64 65 65 65 62 57 58 60 56 54 60 64 66 68 68 69 69 70 71 69
107 105 102 100 98 95 89 84 79 75 71 67 66 64 59 62 66 63 60 50 45 50 58 57 49 45 45 44 42 42 37 32 30 30 30 30 30 30 30 34 40 42 44 44 46 47 47 49 49 49 49 49 49 47 46 42 39 38 37 38 38 39 39 39 43 46 51 54 55 55 58 62 63 64 64 65 66 66 66 66 63 61 63 65 61 56 60 64 67 69 70 72 72 72 72 71
105 102 101 99 97 95 90 85 79 75 70 66 64 62 62 67 69 64 60 49 42 48 56 54 47 45 44 43 41 39 35 30 30 30 30 30 30 30 31 37 41 43 44 45 46 47 48 49 49 49 49 48 46 45 42 39 37 36 37 37 37 39 39 39 43 48 53 57 58 58 61 65 66 67 67 68 68 69 69 67 65 66 68 68 65 60 61 64 67 70 71 73 74 75 75 74
