geo_cache/1-3/elevation.txt
ncols         938
nrows         918
xllcorner     -72.75555555555555
yllcorner     42.504
cellsize      1.0E-5
NODATA_value  -9999
[rows 836 to 879 of 918, columns 480 to 575 of 938]
135 132 130 127 127 128 128 127 125 121 115 108 103 99 93 88 84 80 79 76 74 74 72 71 68 61 49 36 30 30 30 30 30 30 30 30 32 38 36 36 36 40 42 42 43 44 44 45 46 46 47 47 47 47 47 48 50 50 53 56 58 59 60 68 78 86 94 101 105 108 109 110 116 125 131 131 131 129 129 131 130 129 130 132 135 140 145 149 151 149 147 147 146 146 148 147
132 131 130 128 128 129 128 127 124 120 115 109 104 99 94 89 85 82 80 77 75 75 74 72 69 62 50 37 31 30 30 30 30 30 30 30 32 40 38 36 37 40 42 42 43 43 43 45 46 46 47 47 47 47 47 48 50 50 53 55 58 59 59 67 78 87 95 102 105 109 110 110 114 122 130 132 131 128 126 128 129 128 129 130 133 139 144 147 148 146 143 142 141 142 148 147
131 131 130 129 129 130 130 129 125 119 114 109 104 100 94 90 86 83 82 79 77 77 75 73 70 63 51 40 33 30 30 30 30 30 30 30 31 38 40 39 39 40 42 42 43 43 43 45 46 46 46 46 46 47 47 48 50 50 52 54 57 59 59 66 77 87 96 102 106 109 111 112 114 120 129 133 132 128 125 124 126 127 128 130 133 137 141 144 144 143 140 137 135 138 147 147
133 131 131 130 130 131 131 130 128 121 114 109 104 100 95 91 87 85 83 81 79 78 77 74 71 63 52 41 33 30 30 30 30 30 30 30 30 33 40 40 40 41 42 42 43 43 43 45 46 46 46 46 46 47 47 48 49 50 52 53 55 57 60 66 76 87 96 102 106 110 112 114 115 119 127 132 132 129 124 124 125 127 127 129 132 136 138 140 139 138 136 133 131 136 144 145
135 132 131 130 130 131 131 131 128 121 115 109 105 101 97 92 89 86 84 82 81 79 77 75 72 63 52 41 33 30 30 30 30 30 30 30 30 31 38 41 41 41 42 42 43 44 44 45 45 45 46 46 46 47 47 47 49 49 51 52 54 56 60 66 74 84 94 101 105 110 113 115 116 119 124 130 132 130 124 122 124 125 126 128 131 134 135 135 134 133 132 131 129 133 139 140
136 132 131 131 131 131 131 131 127 121 116 109 106 103 99 94 90 87 86 84 82 80 78 75 72 63 52 41 33 30 30 30 30 30 30 30 30 30 34 42 42 42 43 43 43 44 44 45 45 45 46 46 46 47 47 47 48 49 50 52 53 55 57 64 73 82 92 100 104 109 113 116 118 120 123 127 130 129 123 120 122 123 125 127 129 131 132 131 130 128 128 126 126 128 133 132
138 133 131 131 131 131 131 131 126 120 116 111 107 104 101 97 92 88 87 85 83 81 79 76 72 63 52 41 33 30 30 30 30 30 30 30 30 30 33 42 42 42 43 43 43 44 44 44 44 44 45 45 46 47 47 47 48 48 49 51 52 53 56 63 72 81 90 99 104 108 113 116 119 121 122 126 128 126 121 120 121 123 124 125 126 127 129 129 128 126 125 124 123 124 125 123
138 134 131 131 131 131 131 131 126 119 116 112 108 105 102 98 93 88 87 85 83 82 79 77 72 63 53 44 33 30 30 30 30 30 30 30 30 30 31 38 41 42 43 43 43 44 44 44 44 44 45 45 46 47 47 47 48 48 48 50 51 53 55 62 72 80 89 98 103 106 111 116 120 122 123 126 127 124 119 119 120 121 122 123 124 125 126 127 126 124 123 121 121 120 118 116
138 135 133 132 132 132 131 130 125 119 116 113 109 106 103 99 94 89 88 85 83 82 79 77 71 62 53 45 35 30 30 30 32 30 30 30 30 30 30 34 41 42 43 43 43 43 43 44 44 44 45 45 46 47 47 47 48 48 48 50 51 53 56 62 72 80 87 95 100 104 107 112 118 121 123 125 125 122 118 118 118 119 120 121 122 123 125 125 125 123 121 120 117 117 116 112
138 136 134 133 132 132 131 129 124 119 116 113 109 107 103 99 94 90 88 85 83 80 78 76 70 61 52 45 35 29 29 31 34 32 30 30 30 30 30 34 41 41 43 43 43 43 43 44 44 44 45 45 46 47 47 47 48 48 48 50 52 54 56 61 68 77 85 92 96 100 103 109 116 120 122 123 124 121 117 117 117 117 118 119 121 121 122 122 122 120 119 116 114 114 114 111
138 136 135 134 133 133 131 128 124 121 117 113 110 107 104 100 96 92 90 86 82 79 76 73 68 60 52 45 37 31 30 31 34 32 30 30 30 30 30 31 37 42 42 42 43 43 43 44 44 44 45 45 45 47 47 47 48 48 49 50 52 54 56 58 64 74 83 88 91 96 102 108 113 118 121 122 122 120 117 116 115 115 116 118 118 118 119 120 119 118 115 112 111 111 111 108
139 137 136 134 133 132 130 127 124 121 118 113 110 108 105 102 98 93 91 87 82 79 75 71 65 58 53 46 39 32 29 32 35 33 30 30 30 30 30 30 35 42 42 42 43 43 43 44 44 44 45 45 45 46 46 47 48 48 48 50 51 53 55 57 61 71 80 84 88 94 101 107 112 117 120 122 122 120 116 115 114 113 114 115 116 114 116 118 115 114 113 110 107 108 108 105
140 137 136 134 132 131 129 127 124 122 119 115 112 109 106 103 99 94 92 87 82 78 74 69 63 54 50 47 40 34 30 30 33 33 31 30 30 30 30 30 32 39 42 42 43 43 43 44 44 44 45 45 45 46 46 46 47 47 48 50 51 53 54 55 59 68 77 81 86 93 100 104 109 115 119 122 122 119 114 113 112 111 112 113 114 113 114 115 114 112 111 108 104 104 104 102
140 138 136 133 132 130 127 125 124 124 120 116 113 110 106 104 100 94 93 87 81 77 74 69 63 54 46 40 37 35 32 29 30 32 32 30 30 30 30 30 30 35 42 42 43 43 43 43 44 44 44 44 45 46 46 46 47 47 48 49 51 53 53 54 59 66 74 79 83 91 97 102 106 112 118 122 122 118 113 111 111 110 110 112 113 112 112 114 114 110 108 106 102 101 101 98
140 137 135 133 131 129 126 124 124 124 122 118 114 111 106 104 100 94 93 87 82 77 74 71 66 58 48 39 36 36 34 30 30 31 32 30 30 30 30 30 30 32 39 42 42 43 43 43 44 44 44 44 45 46 46 46 47 47 48 48 49 49 50 53 57 63 70 75 81 87 94 100 104 109 116 120 120 117 112 110 108 108 107 110 113 110 109 112 113 110 107 103 100 97 96 94
140 137 134 132 130 128 124 121 123 125 123 118 114 111 106 104 100 95 93 88 83 78 74 71 68 61 52 42 37 39 39 32 30 30 31 30 30 30 30 30 30 30 36 41 42 42 42 43 43 43 44 44 45 45 45 46 47 47 48 48 48 48 48 50 54 59 66 72 78 84 91 97 103 107 114 118 119 116 110 107 106 105 106 109 110 109 107 110 113 111 107 101 97 94 93 90
139 136 134 131 130 127 122 120 122 125 123 119 114 111 107 104 100 96 94 88 83 79 74 71 69 62 53 43 39 43 43 33 30 30 30 30 30 30 30 30 30 30 32 39 42 42 42 43 43 43 44 44 44 45 45 45 46 46 47 49 52 52 52 51 53 56 61 68 75 81 89 96 101 106 112 116 117 114 108 104 103 102 104 108 109 108 107 109 112 111 108 101 96 91 90 88
137 135 132 130 129 127 121 119 121 124 123 119 115 111 107 104 101 96 94 88 82 77 74 71 68 62 54 47 41 43 46 35 30 30 30 30 30 30 30 30 30 30 30 34 40 42 42 43 43 43 44 44 44 45 45 45 46 46 47 49 52 54 54 54 54 55 59 64 72 79 86 94 100 105 110 114 115 113 107 102 100 99 103 107 108 108 104 106 109 108 105 101 95 89 86 85
135 133 131 129 128 127 121 119 119 122 122 119 115 111 106 104 101 95 93 87 81 77 73 70 68 62 56 50 42 43 47 41 31 30 30 30 30 30 30 30 30 30 30 30 38 42 42 43 43 43 44 44 44 45 45 45 46 46 47 48 52 54 54 55 55 56 58 61 69 77 85 92 98 104 109 113 114 111 105 100 96 96 100 105 107 106 102 101 104 104 102 99 94 88 84 83
133 132 131 129 128 126 121 119 119 121 121 118 113 108 104 101 99 95 93 88 83 78 74 71 68 64 59 52 43 43 47 45 38 31 30 30 30 30 30 30 30 30 30 30 35 41 41 42 43 43 43 43 44 44 44 45 46 46 46 47 49 52 53 54 55 56 57 60 66 74 82 90 97 102 107 111 112 110 103 98 95 94 97 101 103 103 100 97 97 98 97 96 91 86 82 81
132 131 130 128 127 125 121 118 118 120 120 117 111 106 102 98 96 94 92 88 83 79 75 72 69 65 60 53 45 44 46 46 43 38 31 30 30 30 30 30 30 30 30 30 30 36 41 42 43 43 43 43 43 44 44 45 45 45 46 47 48 49 52 53 55 56 57 60 65 71 80 88 96 102 106 108 110 108 101 96 93 91 93 96 98 99 98 94 91 91 92 91 87 84 80 79
130 129 128 127 126 122 118 115 117 118 118 115 110 106 102 99 97 94 92 87 83 80 76 73 70 65 61 54 47 46 47 46 44 43 33 30 30 30 30 30 30 30 30 30 30 30 37 42 42 42 43 43 43 44 44 44 45 45 46 46 47 48 51 53 55 56 58 60 63 69 77 86 94 100 104 106 106 105 100 95 91 90 91 93 95 96 95 91 85 84 85 84 82 80 78 78
128 127 127 126 125 120 116 114 115 116 117 114 111 108 106 104 102 99 97 92 86 81 77 73 71 66 62 54 50 49 48 46 45 43 38 30 30 30 30 30 30 30 30 30 30 30 31 37 42 42 43 43 43 44 44 44 45 45 46 46 46 48 50 53 55 56 57 60 62 67 74 83 91 98 101 103 104 103 99 95 90 89 89 91 93 93 92 88 83 79 77 78 77 77 76 76
126 125 125 125 123 119 115 113 114 114 115 114 111 109 107 105 103 99 98 94 88 82 76 72 67 62 60 57 53 51 48 46 44 43 41 34 29 30 30 30 30 30 30 30 30 30 30 31 40 42 43 43 43 43 43 44 44 44 45 46 46 47 50 53 54 54 55 59 62 66 71 80 89 94 97 100 102 102 99 95 91 88 86 89 91 90 88 85 81 78 77 77 76 75 75 76
125 124 123 123 120 117 114 113 113 113 114 114 112 110 107 103 100 98 96 93 88 82 74 67 63 60 60 56 53 50 47 45 42 41 40 36 35 30 30 30 30 30 30 30 30 30 30 30 37 41 42 42 43 43 43 43 44 44 45 46 46 47 48 50 50 52 54 58 61 65 69 76 84 89 93 97 100 100 98 95 91 87 84 87 90 90 87 84 81 79 78 77 75 74 74 74
125 123 122 120 119 115 113 113 112 110 111 112 110 107 104 100 97 93 92 89 84 80 73 70 70 64 60 57 53 50 47 47 45 43 40 41 42 36 30 30 30 30 30 30 30 30 30 30 31 39 42 42 42 43 43 43 44 44 44 45 45 46 47 47 48 50 54 57 60 63 67 72 78 84 88 94 98 98 97 95 91 89 84 84 89 90 88 86 83 81 79 77 74 73 72 72
124 123 121 119 118 115 113 113 111 109 108 108 107 104 100 96 95 92 90 85 79 77 75 76 75 68 63 60 56 52 51 50 49 47 45 44 44 43 36 30 30 30 30 30 30 30 30 30 30 34 40 41 41 43 43 43 44 44 44 45 45 46 46 46 47 49 53 56 59 62 65 69 74 78 83 90 94 96 96 94 91 89 85 84 86 88 88 87 84 81 78 76 74 72 72 72
124 123 121 119 118 116 115 114 112 109 108 107 105 103 101 98 96 95 93 88 82 79 79 79 76 70 64 61 59 55 53 53 51 49 48 47 46 45 44 37 35 30 30 30 30 30 30 30 30 30 35 39 41 42 42 43 43 43 44 44 44 45 45 45 47 49 51 54 59 62 64 67 70 74 78 84 90 93 94 94 91 89 86 82 80 82 85 85 84 80 77 74 72 71 71 72
124 123 123 122 120 118 116 115 112 112 109 107 105 104 102 100 98 96 96 92 87 84 82 79 76 70 65 62 60 57 56 55 54 52 50 48 46 46 47 47 45 36 30 30 30 30 30 30 30 30 31 37 41 42 42 42 43 43 44 44 44 43 43 44 46 47 48 52 57 60 62 65 67 70 73 79 84 88 91 92 91 88 86 81 78 79 81 82 81 79 76 72 71 71 73 75
124 124 125 125 122 119 117 115 114 113 111 108 106 105 102 101 99 97 97 94 91 87 84 81 76 70 66 64 61 59 58 56 55 53 51 49 47 47 48 49 49 46 35 30 30 30 30 30 30 30 30 31 38 41 41 42 43 43 43 43 42 42 42 43 45 46 47 50 55 59 62 63 65 68 70 75 78 83 87 90 90 88 86 82 78 77 78 80 80 78 74 71 71 74 76 78
125 125 126 126 123 120 118 117 115 114 113 110 108 105 103 101 99 97 97 94 91 89 85 81 76 71 68 65 63 61 59 58 56 54 52 50 49 50 49 50 50 49 44 35 30 30 30 30 30 30 30 30 32 37 40 41 43 43 43 42 42 42 42 42 44 45 46 49 54 59 61 62 64 65 68 72 76 80 85 88 88 87 85 82 79 77 77 78 79 77 74 71 71 76 79 81
126 127 128 127 124 121 118 118 117 116 114 111 109 106 104 101 100 98 97 94 92 90 87 82 77 73 69 66 64 62 61 59 57 55 53 52 51 51 51 51 51 51 49 44 33 30 30 30 30 30 30 30 30 30 33 41 43 43 43 42 42 42 42 42 44 44 45 48 54 59 61 62 63 64 67 71 74 77 81 84 85 85 83 81 79 77 77 77 78 76 73 71 73 77 80 82
127 128 129 129 125 122 119 119 119 117 114 111 109 107 104 102 101 99 98 94 92 91 87 83 78 74 71 68 66 63 62 59 58 55 53 53 52 52 52 52 52 52 51 49 41 30 30 30 30 30 30 30 30 30 32 40 42 42 42 42 42 42 42 42 43 44 45 48 54 60 61 61 63 64 66 70 73 75 78 81 81 81 81 80 79 78 77 77 78 76 73 71 74 77 81 83
127 128 130 130 125 122 119 120 120 118 115 111 109 108 105 104 102 101 99 95 92 90 87 84 79 75 73 71 68 64 62 59 58 56 54 54 53 52 52 52 52 53 52 51 43 32 30 30 30 30 30 30 30 30 30 33 41 41 42 42 42 42 42 42 43 43 45 48 54 60 61 61 63 64 65 68 70 72 74 75 77 77 77 78 78 78 76 74 76 75 71 69 73 77 81 83
128 129 131 130 125 123 121 122 120 118 116 112 109 108 106 105 103 101 100 96 92 90 87 84 80 77 74 73 70 67 64 60 58 57 55 54 53 52 52 52 52 53 53 52 48 39 30 30 30 30 30 30 30 30 30 30 34 40 42 42 42 42 42 42 42 43 45 49 54 60 61 61 62 63 64 66 67 69 71 72 72 73 74 76 77 77 74 71 72 71 68 67 72 77 81 83
129 129 131 130 127 125 123 123 120 119 116 114 111 109 107 106 104 101 99 96 92 90 86 84 81 77 75 76 73 69 65 62 59 57 56 55 53 52 52 52 52 53 53 52 49 42 33 30 30 30 30 30 30 30 30 30 30 34 40 42 42 42 42 42 42 43 44 48 53 58 60 60 62 63 63 65 66 67 69 70 70 71 73 75 76 74 73 71 70 68 66 66 72 79 83 83
130 130 131 130 128 126 124 123 121 120 119 117 114 111 108 106 104 100 99 95 92 89 86 84 82 78 78 77 75 71 66 62 60 57 56 55 53 52 51 50 51 53 53 52 49 45 42 37 30 30 30 30 30 30 30 30 30 30 34 40 41 42 42 42 42 42 44 46 49 55 59 60 62 62 63 65 65 66 68 69 70 71 72 74 74 73 72 72 70 67 65 66 74 81 84 85
130 130 130 129 128 126 124 123 122 122 121 120 117 113 108 106 104 99 99 94 91 89 86 83 82 80 79 78 76 72 66 61 58 57 55 55 53 51 49 47 49 52 53 52 48 45 44 42 37 30 30 30 30 30 30 30 30 30 30 34 40 42 42 42 42 42 42 44 46 53 58 60 61 62 62 65 65 66 68 69 70 72 72 73 73 73 71 71 69 66 65 67 76 82 86 87
130 130 128 127 127 125 124 124 123 124 123 122 119 114 109 106 104 101 99 95 91 89 86 83 82 80 79 78 75 70 65 60 57 56 54 53 52 50 48 47 47 51 53 51 47 46 45 43 42 36 30 30 30 30 30 30 30 30 30 30 34 40 41 42 42 42 42 43 45 52 58 59 60 62 62 65 65 66 68 69 71 71 71 72 72 72 70 69 68 66 65 68 77 84 89 89
129 127 126 126 126 125 124 124 124 125 125 125 121 115 110 108 105 101 100 95 92 89 86 84 83 80 79 77 73 70 64 59 57 55 53 52 51 50 48 47 47 50 52 50 47 46 45 43 42 42 36 30 30 30 30 30 30 30 30 30 30 35 40 41 42 42 42 43 44 49 52 57 60 62 62 64 65 65 67 68 68 67 69 70 72 71 68 67 66 65 65 68 77 84 91 92
128 127 125 126 126 125 125 125 125 126 126 125 122 115 110 109 105 100 99 96 92 90 86 84 83 80 79 76 72 69 64 58 57 54 52 52 50 49 48 47 47 49 52 50 47 46 46 44 43 43 38 31 30 30 30 30 30 30 30 30 30 33 39 41 42 42 42 43 44 47 50 56 60 62 62 64 64 65 67 67 66 65 67 70 71 70 67 66 66 65 65 69 77 84 92 93
126 124 124 126 126 125 125 125 126 126 126 126 122 116 110 108 104 100 98 96 92 90 87 85 83 80 78 76 71 69 64 59 57 54 52 52 50 49 48 47 47 48 50 49 47 46 46 44 43 43 42 37 31 30 30 30 30 30 30 30 30 30 33 39 42 42 42 42 41 43 49 57 61 61 62 64 64 65 65 62 58 57 62 67 69 66 64 64 65 65 65 70 77 84 92 94
124 123 124 125 125 124 124 124 125 126 126 126 123 117 110 107 103 99 98 95 92 90 87 85 84 81 78 75 71 68 64 59 57 54 52 52 50 49 48 48 48 48 49 48 47 46 44 44 43 43 42 41 36 30 30 30 30 30 30 30 30 30 30 34 40 41 42 41 41 43 49 57 60 60 61 63 64 64 61 54 49 50 57 63 63 60 62 66 70 69 68 70 74 80 87 91
121 122 123 125 125 123 123 123 124 126 126 125 123 118 111 106 102 98 98 94 91 89 87 85 84 81 78 75 70 68 63 59 56 54 52 51 49 49 48 48 48 48 48 48 46 45 43 43 43 43 42 42 40 34 30 30 30 30 30 30 30 30 30 30 35 41 41 41 41 44 48 53 57 60 60 62 63 61 54 47 46 48 51 54 57 61 66 72 76 74 70 70 74 77 81 84
