geo_cache/1-3/elevation.txt
ncols         938
nrows         918
xllcorner     -72.75555555555555
yllcorner     42.504
cellsize      1.0E-5
NODATA_value  -9999
[rows 220 to 263 of 918, columns 768 to 863 of 938]
54 54 54 56 60 60 60 60 60 61 61 61 61 61 62 62 62 62 62 62 63 63 63 64 64 65 65 65 67 70 72 75 77 78 79 81 83 84 85 88 89 89 90 90 90 91 91 91 92 92 91 90 90 90 90 90 90 90 90 90 90 89 89 89 89 89 89 90 90 90 91 91 91 92 92 92 93 93 94 94 94 95 97 99 100 100 100 100 103 105 108 111 113 113 115 116
54 54 55 58 60 60 60 60 61 61 61 61 61 61 61 61 61 62 62 62 63 63 63 64 64 65 65 65 66 70 72 75 77 77 79 81 83 85 86 88 89 89 90 90 90 91 91 92 92 92 91 91 91 91 91 90 90 90 90 90 90 89 89 89 89 89 89 90 90 90 91 91 91 92 92 92 93 93 94 94 94 94 94 95 96 97 98 99 101 103 106 109 112 113 114 115
54 54 55 60 60 60 60 60 61 61 61 61 61 61 61 61 61 62 62 62 63 63 63 64 64 65 65 65 69 71 73 75 77 78 80 82 83 85 86 88 90 90 90 90 91 91 91 92 92 92 92 92 92 91 91 90 90 90 90 90 90 89 89 89 89 90 90 90 90 90 91 91 92 92 92 92 93 93 94 94 94 94 94 95 95 95 96 98 100 102 105 107 111 113 114 114
54 54 57 60 60 60 61 61 61 60 60 60 60 60 60 61 61 61 61 62 63 63 63 64 64 65 65 67 71 73 75 77 78 80 82 83 83 85 86 89 90 90 90 90 91 91 91 92 92 92 92 92 92 91 91 90 90 90 90 90 90 89 89 89 89 90 90 90 90 90 91 91 92 92 92 93 93 93 94 94 94 95 95 95 95 95 96 98 99 101 103 107 110 113 114 114
54 55 59 60 60 60 61 61 60 60 60 60 60 60 60 61 61 61 61 62 63 63 63 64 64 65 66 69 72 74 75 78 80 82 84 84 84 85 87 89 90 90 91 91 91 91 91 92 92 92 93 92 92 91 91 91 90 90 90 90 90 89 89 89 90 90 90 90 90 91 91 91 92 93 93 93 93 93 94 94 94 95 95 96 96 96 97 98 98 100 102 105 107 111 111 111
54 56 59 60 60 60 60 60 60 60 60 60 60 60 60 60 60 61 61 61 63 63 63 64 64 65 66 69 73 74 75 78 80 83 84 84 84 87 88 90 90 90 91 91 92 92 92 92 92 92 93 93 93 91 91 91 90 90 90 90 90 89 89 89 90 90 90 91 91 91 92 92 92 93 93 93 93 93 94 94 94 95 95 96 97 97 98 99 99 100 101 103 105 107 108 108
54 56 59 60 60 60 60 60 60 60 60 60 60 60 60 60 60 61 61 61 62 62 63 64 64 65 66 70 73 75 76 78 80 83 83 83 85 87 89 90 90 91 91 91 92 92 92 92 93 93 93 93 93 92 92 91 90 90 90 90 90 89 89 89 90 90 90 91 91 91 92 92 93 93 93 93 94 94 94 94 95 96 96 96 97 98 98 99 99 100 100 102 104 105 106 106
54 57 59 60 60 60 60 60 60 60 60 60 60 60 60 60 60 61 61 61 62 62 63 64 64 65 66 71 73 75 76 78 79 81 82 83 86 88 89 91 92 92 92 92 92 93 93 93 93 93 93 93 93 92 92 92 90 90 90 90 90 90 90 90 90 90 90 91 91 92 93 93 93 93 93 94 94 94 94 94 95 95 95 96 98 98 99 100 100 100 100 102 104 104 105 106
56 59 59 60 60 60 60 60 60 60 60 60 60 60 60 60 60 61 61 61 62 62 63 64 64 65 69 73 74 75 76 79 79 81 82 84 87 89 89 90 91 92 93 93 93 93 93 93 93 93 93 93 93 93 93 92 90 90 90 90 90 90 90 90 90 91 91 92 92 93 93 93 94 94 94 94 94 94 95 95 95 95 96 97 98 99 100 100 100 101 101 102 104 104 105 106
57 60 60 60 60 60 60 60 60 60 60 60 60 60 60 60 60 61 61 61 62 62 63 64 64 66 72 75 75 75 76 79 79 81 83 84 87 89 89 90 91 92 94 94 94 94 94 94 94 94 94 93 93 93 93 92 90 90 90 90 90 90 91 91 91 92 92 93 93 93 94 94 94 94 94 94 94 94 95 95 97 97 98 99 100 101 101 101 102 102 102 103 104 105 106 106
57 60 60 60 60 60 60 60 60 60 60 60 60 60 60 60 60 60 60 61 62 62 63 64 64 67 74 76 76 76 76 79 80 82 83 85 87 89 89 90 91 92 94 95 95 94 94 94 94 94 94 93 93 93 93 92 91 91 91 91 91 91 91 92 92 93 93 93 94 94 94 94 95 95 95 95 95 95 96 97 100 101 101 102 103 103 103 103 104 104 105 106 106 107 108 110
57 60 60 59 59 59 60 60 60 60 60 60 60 60 60 60 60 60 60 61 62 62 63 64 64 67 74 76 75 75 76 79 80 83 84 86 88 89 89 91 92 92 95 95 96 95 95 95 95 95 94 94 94 93 93 92 92 92 92 93 92 92 92 92 93 94 94 94 94 95 95 96 96 96 96 98 98 98 98 99 101 103 104 106 106 106 105 105 106 107 107 107 108 110 112 114
57 59 59 59 59 59 59 59 60 60 60 60 60 60 60 60 60 60 60 61 62 62 62 63 63 66 72 74 73 75 76 79 81 83 85 86 88 89 89 91 92 92 94 95 95 95 95 95 95 95 95 95 94 93 93 92 92 93 93 94 94 93 93 94 94 95 95 96 96 97 98 99 99 100 101 103 104 103 102 101 102 104 106 108 109 108 107 107 107 108 109 109 109 111 113 116
57 59 59 59 59 59 59 59 59 60 60 60 60 60 60 60 60 60 60 60 62 62 62 63 63 65 68 71 73 75 76 79 81 83 85 86 89 90 90 91 92 92 94 94 94 95 95 95 95 95 96 95 94 93 93 93 93 93 94 94 94 94 94 94 95 96 97 98 99 100 101 103 104 105 106 107 109 107 105 104 104 105 106 108 110 110 109 108 108 109 109 110 110 111 113 116
57 59 59 59 59 59 59 59 59 60 60 60 60 60 60 60 60 60 60 60 61 61 62 63 63 64 65 69 73 75 76 79 81 83 86 87 89 90 90 91 92 92 93 93 93 94 94 94 95 95 96 95 94 94 94 93 94 94 94 95 95 95 95 95 96 97 98 99 100 102 104 106 108 109 110 110 112 110 108 106 106 106 106 108 111 112 112 108 107 108 108 109 111 112 114 118
57 59 59 59 59 59 59 59 59 60 60 60 60 60 60 60 60 60 60 60 61 61 62 63 63 64 65 69 73 75 76 80 81 83 86 87 89 90 90 91 92 92 93 93 93 94 94 94 95 95 95 95 95 94 94 94 94 94 94 95 95 96 96 96 97 97 98 100 101 102 105 107 109 110 111 112 114 113 110 108 107 107 107 107 109 112 113 109 107 107 107 108 111 112 116 121
57 59 59 59 59 59 59 59 59 60 60 60 60 60 60 60 60 60 60 60 61 61 62 63 63 64 66 69 73 75 76 80 81 83 86 87 89 90 90 91 92 92 93 93 93 94 94 94 95 95 95 95 95 94 94 94 94 94 94 95 95 96 96 96 97 98 98 100 101 102 106 107 109 110 111 113 114 114 112 110 108 108 108 108 109 112 113 110 106 106 106 107 111 114 119 127
57 59 59 59 59 59 59 59 59 60 60 60 60 60 60 60 60 60 60 60 61 61 61 62 62 64 65 69 73 75 76 80 81 83 86 87 89 90 90 91 92 92 92 92 93 94 94 95 95 95 95 95 95 94 94 94 94 94 94 95 95 96 96 96 97 97 98 99 100 102 104 106 108 109 110 112 113 114 113 111 110 110 110 110 111 113 113 110 106 106 106 108 111 116 124 133
55 58 59 59 59 59 59 59 59 59 59 60 60 60 60 60 60 60 60 60 61 61 61 62 62 64 65 68 73 75 77 80 81 83 86 87 89 90 90 91 91 91 91 92 92 93 94 95 96 96 95 94 94 93 93 93 93 93 94 94 94 95 95 95 95 96 97 98 99 101 102 104 106 107 109 111 113 114 113 112 112 112 112 112 113 114 114 112 107 106 106 109 113 119 129 138
54 57 59 60 59 59 59 59 59 59 59 60 60 60 60 60 60 60 60 60 60 60 61 62 62 64 64 68 72 75 77 80 81 83 86 86 89 90 90 90 90 90 90 91 91 93 94 94 96 96 95 94 94 93 93 93 93 93 93 94 94 95 95 95 95 96 96 97 98 99 100 102 104 105 107 109 112 113 113 113 113 113 113 113 114 114 114 112 108 106 107 109 114 122 132 142
54 57 59 60 60 60 59 59 59 59 59 59 60 60 60 60 60 60 60 60 60 60 61 62 62 63 64 66 71 75 77 80 81 83 85 86 89 90 90 90 89 89 90 90 91 92 93 94 95 95 95 94 94 92 92 92 92 92 93 93 93 93 94 94 94 95 95 96 97 98 99 100 102 104 106 108 111 113 114 114 113 114 114 115 114 114 114 112 109 106 107 109 115 123 134 144
54 58 59 60 60 60 60 60 59 59 59 59 60 60 60 60 60 60 60 60 60 60 61 62 62 63 64 65 71 75 77 80 81 82 85 86 89 89 89 89 89 89 89 89 90 92 92 93 94 94 95 94 94 92 91 91 92 92 92 92 92 93 93 93 94 94 94 96 96 97 98 99 101 103 105 107 110 112 114 114 114 115 115 115 115 115 114 112 108 106 107 109 115 123 135 145
54 56 59 60 60 60 60 60 60 60 60 59 60 60 60 60 60 60 60 60 60 60 61 62 62 63 64 65 71 75 76 79 81 82 85 86 88 89 89 89 89 89 89 89 90 92 92 93 94 94 95 95 94 91 91 91 91 91 91 92 92 92 93 93 94 94 94 96 96 96 96 97 99 101 103 106 109 112 114 114 115 116 116 116 115 115 113 110 107 106 107 110 115 123 135 146
54 54 56 58 60 60 60 60 60 60 60 60 60 60 60 60 60 60 60 59 59 60 60 61 62 63 64 65 70 74 76 79 80 82 85 86 87 89 89 89 88 88 88 89 90 90 91 91 92 94 95 95 94 90 89 89 90 90 90 91 91 90 91 92 93 94 94 95 95 95 95 96 98 100 102 105 108 111 114 115 115 116 116 116 115 113 111 108 106 107 108 111 115 122 133 144
54 54 54 56 59 59 60 60 60 61 61 61 60 60 60 60 60 61 62 59 59 59 60 61 62 63 64 64 70 74 76 79 80 82 84 85 86 87 88 88 88 88 88 88 89 90 90 90 90 92 94 93 92 90 89 89 90 90 90 90 90 90 90 91 93 94 94 95 95 95 95 95 98 100 101 104 106 110 114 115 116 116 115 114 113 111 108 106 106 107 109 112 116 121 131 142
54 54 54 54 56 59 60 60 60 61 61 62 61 61 62 61 60 63 65 62 61 61 62 63 65 66 66 66 70 74 76 78 80 82 83 84 85 85 87 87 86 86 87 87 88 88 88 88 88 88 90 90 89 88 88 89 89 89 90 90 90 90 90 91 93 94 94 94 94 95 95 96 98 100 101 103 105 109 113 115 115 115 114 112 110 107 106 106 107 109 111 113 117 121 129 139
54 54 54 54 54 58 60 60 60 62 62 62 62 62 62 62 62 65 69 68 67 68 69 70 72 72 72 73 74 75 76 78 80 81 83 83 84 84 85 86 85 85 85 86 87 87 87 87 86 85 85 85 86 87 88 89 89 89 90 90 90 90 90 91 93 94 94 94 94 95 96 96 98 99 100 102 104 107 111 113 115 114 112 109 107 106 106 106 109 111 113 115 118 122 128 136
54 54 54 54 54 57 59 59 60 61 62 63 63 64 64 64 64 66 69 71 72 72 73 75 75 77 77 77 77 77 77 79 79 81 82 82 83 84 84 85 84 83 84 84 85 86 86 85 84 83 84 84 84 87 88 89 90 90 90 90 90 90 91 91 93 94 94 94 94 95 96 96 98 99 99 102 103 106 108 110 112 111 110 108 106 106 106 108 111 114 115 117 120 123 127 133
55 54 54 54 54 54 59 59 60 60 62 64 64 63 63 63 63 64 65 67 68 68 69 69 70 71 72 73 74 76 77 79 79 80 82 82 83 84 84 84 83 83 83 83 84 85 85 84 83 83 84 84 85 87 88 89 90 90 90 91 91 91 92 92 93 94 94 95 95 95 96 96 98 99 100 102 103 104 105 107 108 108 107 107 107 107 107 110 113 115 117 119 121 123 126 132
57 54 54 54 54 54 57 59 60 60 61 63 63 61 60 60 61 60 61 63 63 63 62 62 61 63 65 66 70 74 77 79 79 80 80 80 81 83 84 84 83 81 81 82 83 83 84 83 83 83 84 85 86 87 88 89 90 90 91 91 91 92 92 92 93 94 94 95 95 95 96 96 97 99 100 101 102 102 104 105 105 106 106 106 107 108 109 112 114 116 117 119 122 124 127 131
58 55 54 54 54 54 54 57 59 60 60 60 60 59 60 59 59 59 59 60 61 60 59 58 57 59 61 63 69 74 77 79 79 79 78 78 79 81 83 83 80 79 78 80 81 81 82 82 83 83 84 85 87 88 89 89 90 90 91 91 91 92 93 93 94 95 95 95 95 95 96 96 97 99 99 101 102 102 103 104 104 106 106 106 108 109 111 113 114 117 118 120 123 125 127 131
59 57 54 54 54 54 54 55 58 60 60 59 59 59 60 59 59 59 59 59 60 59 58 57 57 58 60 65 71 75 77 79 79 78 77 76 78 80 82 81 77 76 76 77 78 79 80 82 83 84 85 86 87 89 89 90 91 91 91 92 92 93 93 93 94 95 95 96 96 96 96 96 98 99 100 101 102 102 103 103 104 106 106 106 108 109 112 114 115 117 118 120 123 125 127 129
61 60 55 54 54 54 54 54 57 59 59 59 59 59 60 60 60 60 60 60 59 59 58 57 57 58 60 67 72 76 77 78 78 76 75 74 76 78 78 77 76 76 76 76 77 79 81 82 84 84 86 87 87 89 89 90 91 91 91 92 92 93 94 94 95 96 96 96 96 96 97 97 99 100 100 101 102 102 103 103 104 106 106 106 108 109 112 114 115 117 118 120 122 124 125 126
64 63 57 54 54 54 54 54 54 57 59 60 60 60 59 59 59 59 59 59 59 59 58 57 57 58 60 67 72 76 77 78 76 73 72 72 72 74 74 74 74 75 76 77 79 81 83 84 84 85 86 87 88 89 89 90 91 91 91 92 92 93 94 94 95 95 95 96 96 97 97 98 99 100 100 102 102 102 103 104 105 106 106 107 108 109 112 113 114 116 118 119 120 122 123 123
65 63 58 54 54 54 54 54 54 55 59 60 60 60 59 59 59 59 59 59 59 59 58 58 58 58 60 67 72 75 77 76 73 70 69 70 71 72 75 75 74 75 77 79 82 83 84 85 85 85 87 88 89 90 90 90 91 91 91 92 92 93 93 93 95 95 95 96 96 97 98 98 99 100 100 102 103 103 104 104 105 107 107 107 109 109 111 112 113 114 116 117 118 119 120 120
64 61 57 54 54 54 54 54 54 54 57 60 60 60 59 59 59 59 59 59 59 59 59 59 58 58 60 66 71 74 75 72 70 69 70 74 76 78 80 80 77 76 77 79 82 84 84 85 86 86 88 88 89 90 90 90 90 90 90 92 92 93 93 93 95 95 95 96 96 97 98 98 100 100 100 102 102 102 104 104 105 107 107 107 109 109 111 112 112 113 114 115 117 118 119 120
63 60 57 54 54 54 54 54 54 54 55 59 60 60 59 59 59 59 59 59 59 59 59 59 59 59 61 65 71 72 72 70 70 70 72 77 80 82 83 84 80 76 77 79 82 84 84 84 86 86 87 88 88 89 89 89 90 90 90 92 92 93 93 93 94 95 95 96 96 97 98 98 100 100 100 102 102 102 104 104 105 107 107 107 109 109 111 112 112 113 114 115 117 118 119 120
62 60 58 55 54 54 54 54 54 54 54 58 60 60 59 59 59 59 59 59 59 59 59 60 60 60 60 63 69 72 72 71 70 70 73 77 80 81 83 84 81 77 77 79 82 83 83 84 85 86 87 88 88 89 89 89 90 90 90 92 92 93 94 94 94 95 95 96 96 97 98 98 100 100 100 102 102 102 104 104 105 106 106 107 109 109 111 112 112 114 114 115 118 119 120 121
60 60 59 56 54 54 54 54 54 54 54 55 58 59 60 59 59 59 59 59 59 59 60 60 60 61 60 61 67 71 71 71 71 71 74 77 80 81 82 83 83 80 77 78 80 81 83 84 84 84 86 88 88 89 89 89 90 90 90 92 92 93 94 94 94 95 95 96 96 96 98 98 99 100 100 102 102 102 104 104 105 106 106 107 108 109 111 112 112 114 114 116 118 119 121 122
60 60 60 58 55 54 54 54 54 54 54 54 57 60 60 60 60 59 59 59 60 60 60 61 61 61 61 61 65 71 71 71 71 71 75 77 80 81 81 83 83 83 80 79 79 80 82 83 84 84 86 88 88 89 91 91 92 92 91 92 93 94 94 94 95 95 95 95 95 96 98 98 99 100 100 102 102 102 104 104 105 106 106 107 108 108 111 112 112 114 115 116 118 119 122 124
60 60 60 59 55 54 54 54 54 54 54 54 55 59 60 60 60 60 60 60 60 60 60 61 61 62 62 62 65 71 71 71 71 71 75 77 79 81 81 82 83 83 83 81 81 81 81 82 83 83 86 88 90 91 92 94 95 93 92 93 93 94 95 95 95 95 95 95 95 96 98 98 99 100 100 102 102 102 104 104 105 106 106 107 108 109 111 112 112 114 115 117 118 121 124 126
60 60 60 59 55 54 54 54 54 54 54 54 54 56 58 60 60 60 60 60 60 60 61 61 61 62 62 62 66 70 70 70 70 71 75 77 79 80 81 82 83 83 84 84 83 83 82 82 83 83 86 88 90 91 92 94 95 94 93 93 93 95 96 96 95 95 95 95 95 96 98 98 99 100 100 101 102 102 104 104 105 106 106 107 109 109 111 112 112 115 117 119 120 123 126 128
60 60 60 59 57 55 54 54 54 54 54 54 54 54 57 60 60 60 60 60 60 60 61 61 61 61 61 61 65 70 69 70 70 71 74 77 79 80 80 82 83 83 85 87 87 86 85 84 83 83 84 86 88 90 91 93 94 93 92 92 92 94 95 95 94 95 95 95 95 96 98 98 99 100 100 101 102 102 104 104 104 106 106 107 109 109 111 112 113 116 119 121 123 125 128 130
60 60 60 59 59 56 54 54 54 54 54 54 54 54 55 59 59 60 60 60 60 60 61 61 61 61 61 61 63 67 68 69 69 71 74 76 79 80 80 82 83 83 86 88 89 90 88 86 85 84 84 84 86 88 89 90 91 91 90 90 91 93 93 93 93 95 95 96 96 96 98 98 99 100 100 101 102 102 104 104 105 106 106 107 109 110 112 113 115 118 121 124 126 128 130 132
