geo_cache/0-3/elevation.txt
ncols         938
nrows         918
xllcorner     -73.1
yllcorner     42.504
cellsize      1.0E-5
NODATA_value  -9999
[rows 336 to 377 of 918, columns 282 to 375 of 938]
416 408 401 396 392 390 389 389 391 393 394 395 396 394 391 387 383 374 365 362 358 357 358 360 358 358 356 355 352 348 341 332 325 319 312 302 294 285 278 269 262 255 246 233 222 218 217 216 216 214 213 213 212 209 209 209 209 209 211 218 226 238 251 264 274 285 295 304 305 295 283 273 271 267 259 255 266 278 288 295 306 319 328 336 343 350 357 363 371 380 383 368 348 327
426 419 412 407 403 401 401 402 403 403 403 403 403 400 397 393 389 382 375 372 370 368 369 370 369 367 365 363 360 355 349 343 335 330 323 314 305 297 290 284 276 267 258 245 231 222 218 217 217 214 213 213 212 210 209 210 211 213 219 226 237 250 263 273 283 293 304 313 313 303 291 282 279 275 266 264 276 286 299 305 318 328 338 347 354 361 368 377 386 393 382 362 342 320
437 431 425 420 417 414 413 414 413 412 411 411 409 405 402 398 394 390 385 384 382 380 378 378 377 375 373 372 368 363 358 353 348 342 337 329 320 311 303 296 288 278 268 256 242 232 225 224 223 218 215 213 212 211 213 219 220 223 230 239 251 262 274 282 292 303 314 322 321 310 299 291 287 283 274 272 284 295 308 316 327 338 348 356 364 373 382 392 399 396 378 357 336 314
448 443 437 432 429 426 425 423 422 421 419 417 414 410 406 402 398 395 392 390 389 387 386 387 387 385 384 381 378 374 369 364 360 355 349 342 335 326 318 308 299 288 278 265 252 245 239 238 235 228 224 223 221 219 227 233 236 239 245 255 266 274 284 293 302 314 325 332 328 318 307 299 296 291 281 280 291 304 317 324 335 346 357 366 375 385 396 405 404 393 373 352 329 310
456 452 448 443 439 436 434 432 431 429 425 422 419 416 411 406 402 400 396 395 394 394 394 395 397 396 395 392 388 384 380 376 372 368 362 355 347 339 330 321 310 297 286 274 266 262 254 252 248 240 236 238 238 235 242 249 252 258 264 271 278 286 295 303 313 325 335 342 335 324 315 309 304 298 289 289 301 313 325 332 343 355 366 378 388 398 409 414 402 388 368 347 325 311
463 459 456 452 448 445 442 440 438 436 432 428 424 420 416 411 406 405 403 403 402 402 403 404 405 405 405 403 399 394 391 387 383 379 374 368 360 351 342 331 319 305 294 286 282 277 268 264 260 253 251 255 255 251 253 263 268 274 279 285 292 298 305 316 326 336 347 351 343 331 322 317 313 305 296 297 309 321 333 338 350 364 377 390 401 412 421 418 399 382 363 343 325 314
469 466 462 459 456 453 450 447 444 441 438 434 430 426 421 417 413 411 411 410 409 409 409 409 410 410 410 410 408 405 402 397 393 389 384 379 372 363 353 341 327 314 306 301 296 289 281 276 268 264 264 269 271 266 262 272 281 286 293 298 305 311 319 328 338 349 360 362 354 341 330 325 321 314 304 305 316 328 340 346 360 373 389 402 413 423 427 416 395 376 359 343 328 315
475 472 468 465 462 459 456 453 449 446 442 438 435 432 428 423 419 417 417 417 415 415 415 415 415 415 415 415 414 412 410 407 404 400 394 387 381 372 362 349 335 326 322 317 310 301 292 284 277 275 274 280 284 280 273 278 289 298 306 313 320 326 333 342 353 363 372 373 364 351 341 335 330 325 315 313 324 335 347 356 368 384 398 412 424 430 428 413 391 373 359 345 330 316
481 478 475 471 468 465 462 459 455 451 447 443 440 437 434 430 426 423 422 422 422 421 420 420 420 420 420 419 418 416 414 413 410 407 403 396 389 379 369 357 345 340 336 330 322 312 300 292 290 290 287 292 296 293 285 284 295 308 319 328 334 339 348 357 368 378 385 383 373 360 351 344 339 335 325 322 331 343 357 365 377 393 407 421 430 432 424 409 390 373 360 345 331 317
488 485 482 479 474 471 467 464 460 457 453 449 445 442 439 436 433 429 427 427 428 426 425 425 425 424 423 421 420 419 417 415 414 411 408 403 395 384 374 364 356 352 347 340 331 321 307 302 304 303 300 304 308 305 299 292 300 316 330 341 347 353 362 373 384 393 398 392 382 369 358 353 348 344 335 330 338 351 364 371 385 400 415 428 435 432 420 405 389 373 360 345 331 317
495 492 489 485 481 476 472 469 465 462 458 454 450 447 444 441 438 434 432 432 432 430 429 428 427 426 424 423 421 420 418 416 415 412 409 405 399 388 378 372 367 361 356 348 337 326 318 317 317 316 312 315 318 317 312 303 307 324 341 353 361 370 379 390 399 406 409 400 389 378 366 360 356 352 346 338 346 359 370 379 394 408 423 433 438 430 417 401 386 372 359 345 330 315
502 499 496 492 488 483 478 473 469 466 462 458 455 452 448 445 442 438 436 436 435 434 432 431 430 428 425 424 421 421 418 416 414 412 409 405 399 392 386 381 376 370 363 353 342 332 331 331 330 325 321 326 330 329 324 318 315 332 350 365 375 384 393 403 412 420 419 408 396 386 377 371 365 362 357 350 354 364 378 387 400 415 428 437 438 428 413 397 383 369 358 344 328 314
508 505 502 499 495 490 485 479 474 470 466 462 458 455 452 449 445 442 439 438 437 436 435 433 431 429 426 424 421 419 416 414 412 409 407 403 400 396 394 389 382 376 368 358 347 342 344 344 340 334 331 338 342 342 339 332 327 341 359 374 386 397 406 416 425 430 428 418 407 395 388 383 378 374 369 361 361 372 387 395 407 422 433 441 437 425 410 393 380 367 356 341 326 312
513 511 507 504 501 498 492 485 479 474 470 465 461 458 455 452 449 445 442 441 440 439 438 436 433 430 427 424 420 419 416 414 412 409 407 404 403 401 399 394 387 380 372 361 355 355 357 353 349 344 346 352 355 356 353 347 339 349 367 382 395 407 419 427 434 439 436 427 418 407 400 395 391 386 381 372 368 380 394 401 415 427 438 443 436 423 406 391 378 365 354 337 323 310
517 515 512 509 506 503 499 493 485 479 474 469 465 460 457 454 451 448 445 444 443 442 440 439 435 431 428 424 421 420 418 415 413 411 409 407 405 404 402 398 391 384 374 366 366 368 368 363 358 356 360 365 368 369 366 360 352 358 373 389 402 414 426 434 440 445 444 437 429 421 413 407 402 397 392 383 376 387 399 408 421 433 442 443 435 421 405 391 377 363 353 336 323 310
519 517 515 512 509 506 503 499 492 484 478 473 468 464 460 456 453 451 449 448 446 444 443 440 438 434 430 427 424 422 420 417 416 414 413 410 408 406 403 400 393 387 378 374 376 378 378 375 369 369 373 378 381 379 376 371 364 366 379 394 405 418 430 439 445 451 453 449 440 433 426 421 414 409 403 394 385 393 406 415 426 438 445 443 434 420 404 391 377 364 353 338 323 310
521 519 517 514 511 509 506 503 498 490 482 477 472 467 463 460 456 454 452 451 449 447 445 442 440 436 432 429 426 424 422 421 419 417 415 412 409 407 404 401 394 388 382 384 387 388 389 388 386 386 389 392 393 389 384 378 373 375 385 398 408 420 432 441 449 457 461 458 450 443 437 432 427 421 413 404 394 400 414 420 432 442 448 443 434 420 404 391 380 366 353 339 325 312
523 521 519 516 513 510 508 506 502 496 488 481 476 471 467 463 460 458 456 455 452 450 448 445 442 439 435 433 430 427 425 424 422 420 417 413 410 408 404 401 395 390 390 393 397 399 401 401 400 400 401 402 402 397 390 386 383 383 391 402 412 423 434 443 452 461 466 466 459 452 446 441 437 431 423 414 402 408 419 426 437 447 452 445 434 420 405 392 381 368 354 340 327 314
523 523 522 518 515 513 511 508 505 501 494 487 480 475 471 467 464 461 459 458 455 453 451 448 444 441 438 436 433 431 429 427 425 421 418 414 410 408 404 401 396 394 399 403 407 410 411 413 412 412 411 411 407 402 397 394 393 391 399 410 418 428 438 447 456 465 471 471 465 459 454 449 445 440 432 423 411 416 426 433 444 453 455 448 436 421 407 393 382 369 355 341 329 317
519 521 521 518 516 516 513 510 507 503 499 493 486 481 476 471 468 465 462 461 458 455 454 451 448 445 442 439 436 434 432 429 427 423 419 415 410 408 404 401 399 401 407 413 418 422 423 424 423 421 420 416 412 408 406 405 402 400 405 415 425 434 443 452 460 469 474 476 472 466 461 456 451 446 440 431 421 423 434 441 452 460 459 451 439 423 409 394 383 370 355 342 331 318
515 517 517 515 516 516 514 512 509 506 503 499 493 487 482 477 473 469 466 465 462 458 457 455 451 448 445 442 440 437 435 432 429 426 420 416 412 408 405 402 403 409 417 423 428 431 432 432 430 428 425 419 417 418 418 414 408 407 411 420 430 440 449 458 465 472 478 481 477 473 468 463 457 451 445 437 430 432 443 450 459 465 463 454 442 426 411 395 384 370 355 345 334 321
513 513 513 513 513 514 512 512 510 508 506 504 499 493 488 483 478 474 470 469 465 462 460 458 455 452 449 446 443 441 437 435 432 429 424 420 415 410 406 406 411 418 426 433 438 442 442 440 437 433 428 423 425 427 426 420 414 416 420 426 435 445 455 463 470 476 484 486 484 479 474 468 463 457 450 442 437 442 452 458 465 471 468 457 445 429 414 396 385 373 359 348 336 324
509 510 510 510 510 510 510 510 510 510 508 506 503 498 493 489 484 478 475 473 469 466 463 462 459 457 453 449 447 444 441 438 435 431 428 424 418 412 409 412 419 427 434 442 448 452 450 445 442 437 431 431 433 432 430 424 421 425 430 434 439 449 459 468 475 482 489 491 490 486 480 473 468 462 455 447 443 450 459 465 472 478 475 461 449 433 417 399 388 377 365 353 340 328
506 507 507 507 507 507 507 509 511 511 510 507 505 501 498 494 489 483 479 476 472 469 466 464 461 459 457 453 450 447 444 440 437 433 429 426 420 415 413 419 427 435 442 450 456 459 456 450 445 440 437 439 438 437 433 428 430 434 439 441 446 453 462 472 479 487 494 497 495 492 487 480 473 467 460 451 449 458 467 472 481 486 482 469 453 437 421 403 391 381 370 359 346 332
503 504 504 504 505 504 504 506 508 510 510 508 506 503 500 497 493 487 482 480 476 472 469 466 464 462 460 457 453 450 447 444 439 435 431 427 422 419 419 425 434 442 451 458 462 465 461 455 447 444 443 444 444 441 437 435 440 443 446 449 453 457 466 475 484 492 498 501 500 497 492 486 479 472 465 455 457 465 476 481 489 493 488 474 457 441 425 408 396 385 375 365 352 337
499 501 502 501 501 500 501 503 505 507 508 508 507 504 501 499 495 491 486 484 480 476 473 469 467 465 462 460 457 453 450 446 442 437 433 428 425 423 425 433 441 449 458 464 469 470 465 459 451 448 450 450 449 446 442 443 449 451 454 458 462 465 471 479 489 497 503 505 505 502 497 491 485 476 469 460 465 474 484 489 495 498 493 479 463 446 429 413 401 390 380 370 357 343
495 497 498 498 498 498 499 500 502 504 506 507 506 504 502 500 498 494 489 487 484 480 477 473 470 469 466 463 460 457 453 449 445 440 436 432 429 428 433 440 446 456 464 470 474 474 469 463 456 454 456 456 455 452 448 451 458 460 463 467 471 472 476 485 493 501 506 509 510 507 503 496 490 481 472 466 474 483 492 495 500 502 498 484 469 452 435 418 405 395 385 375 362 349
492 493 494 494 495 496 497 498 500 502 504 504 504 504 502 501 499 497 493 491 487 484 481 478 474 472 470 467 463 460 456 452 447 442 439 436 434 434 439 445 451 461 468 474 478 479 474 468 464 463 463 463 461 458 455 460 466 469 472 477 482 483 484 490 497 503 509 514 514 512 507 501 495 485 476 475 483 491 498 501 504 504 500 486 473 456 441 425 411 400 390 380 367 355
491 492 492 493 493 494 496 497 499 500 501 502 503 503 502 502 500 499 495 494 490 487 485 482 478 475 472 471 467 463 459 455 450 446 443 440 438 439 444 449 455 464 470 477 482 483 479 474 470 469 469 469 468 465 464 469 474 479 482 486 491 492 492 494 500 505 511 516 517 514 511 505 498 488 480 483 492 499 503 505 506 506 501 488 475 460 446 433 418 405 395 385 375 365
490 491 492 492 493 494 495 496 497 498 499 500 501 501 501 501 500 500 498 496 493 490 488 486 483 479 476 475 471 468 463 459 454 450 448 446 443 444 448 453 458 466 472 480 485 488 485 480 475 475 475 476 474 472 472 477 482 488 492 495 497 499 499 499 502 506 513 517 518 516 513 507 500 490 486 492 500 504 507 508 508 507 501 488 476 463 451 438 424 412 402 394 386 375
490 491 493 493 493 494 494 495 496 497 498 499 499 500 500 500 501 501 499 498 496 494 491 489 487 484 481 479 476 473 468 464 460 456 453 451 449 449 452 457 462 469 475 482 488 491 490 486 481 481 482 483 482 480 480 484 490 494 498 501 503 504 505 506 506 509 514 517 518 518 515 508 501 494 494 501 505 509 510 510 509 506 501 488 476 464 453 441 429 419 411 404 396 385
490 491 493 493 494 495 495 494 493 495 496 497 498 498 498 499 499 500 500 500 499 497 495 493 491 489 486 484 482 478 474 470 466 463 460 457 455 454 458 464 468 473 479 485 491 494 495 492 488 487 488 489 489 489 490 494 498 502 505 508 510 511 512 513 512 512 514 517 518 518 516 508 502 499 500 506 510 512 512 512 509 506 499 487 475 466 458 446 437 429 421 413 405 396
489 491 494 494 494 495 495 494 493 493 495 496 497 497 498 498 499 499 500 500 500 499 498 497 495 493 491 489 488 485 481 477 473 470 467 464 462 460 465 470 475 480 484 489 494 498 499 498 494 494 495 496 497 498 500 504 506 510 514 516 518 519 520 519 517 515 514 516 516 515 513 508 505 502 505 509 512 514 513 513 509 504 497 486 479 471 463 454 447 440 432 422 414 404
487 491 493 493 494 494 494 494 493 493 493 494 495 496 497 497 498 499 500 500 500 500 501 500 499 497 496 494 492 491 488 484 481 477 474 471 468 467 471 477 482 486 490 494 499 501 502 502 500 500 501 502 504 506 509 511 515 519 521 522 524 525 524 521 519 517 515 515 514 512 512 510 507 505 507 511 515 516 514 513 508 503 495 486 486 481 470 463 457 451 441 432 421 411
484 487 490 493 493 494 494 493 492 492 492 493 494 495 496 496 497 498 499 500 500 501 502 503 503 502 500 499 497 496 494 492 488 485 481 478 475 473 477 483 489 494 498 501 504 506 507 506 504 504 505 508 511 513 515 517 521 525 527 528 529 529 527 524 521 518 516 516 514 512 512 512 510 508 509 513 517 517 516 513 508 503 496 492 493 487 476 470 465 459 450 440 430 417
481 484 487 490 493 493 493 493 492 491 491 492 493 494 494 495 496 497 498 499 499 500 502 504 505 505 504 502 501 499 499 498 495 492 489 485 481 479 483 489 496 500 504 507 510 512 512 510 509 508 509 513 517 519 520 522 525 529 531 533 534 533 531 527 522 518 516 516 514 514 514 514 512 510 512 515 517 518 517 513 508 503 499 498 498 492 483 477 471 465 459 447 437 423
477 481 484 486 489 491 493 493 492 491 490 491 492 493 493 494 495 496 497 497 498 499 500 503 506 506 505 505 504 503 502 502 501 498 496 493 489 486 489 496 502 506 510 512 515 516 516 515 514 512 512 516 518 520 522 525 530 534 538 540 540 538 534 529 524 519 516 516 515 515 516 517 516 513 514 516 518 519 518 515 509 505 503 503 503 497 490 483 477 471 465 455 443 431
473 477 481 483 485 487 490 490 489 489 488 489 490 491 491 492 493 494 495 495 496 497 498 501 504 506 506 508 508 507 505 505 505 504 502 500 497 494 496 502 506 509 513 516 518 519 520 519 517 514 513 516 519 521 524 529 535 540 544 545 544 539 535 530 525 519 516 515 515 516 516 517 518 516 516 518 520 521 519 517 511 508 508 508 508 502 496 489 483 477 470 461 449 440
469 472 476 480 483 485 488 488 486 486 486 487 488 490 490 491 492 493 494 494 494 495 497 500 503 505 506 509 511 511 510 509 508 507 507 506 503 502 502 505 507 511 514 517 519 521 523 520 517 513 511 514 519 522 527 532 540 544 546 548 544 539 535 530 525 518 514 512 514 517 517 517 519 518 518 520 522 523 520 518 514 513 514 514 513 509 501 495 489 482 476 467 457 453
468 470 474 479 482 484 487 487 485 485 485 486 487 489 489 490 491 492 493 493 493 494 497 499 502 504 506 510 512 512 512 510 509 508 508 507 506 505 505 506 507 512 514 517 520 522 523 521 517 512 511 513 519 523 527 533 541 544 547 548 544 538 535 529 524 518 513 512 514 518 518 518 519 519 519 521 522 524 521 519 516 515 517 517 516 512 504 497 491 485 477 469 461 459
466 466 469 474 477 480 482 483 483 483 484 485 486 488 489 489 490 490 491 491 492 493 495 498 501 504 506 509 512 512 512 512 511 510 510 509 507 506 506 506 507 510 513 516 518 521 522 519 514 509 508 513 519 523 529 534 542 547 548 547 540 535 532 527 522 516 512 511 516 518 519 521 522 522 521 522 524 524 523 522 519 520 520 521 520 517 510 502 496 490 481 473 471 469
465 463 464 468 472 475 477 479 480 481 482 484 485 487 488 488 488 489 489 489 490 491 493 496 499 502 505 508 511 512 513 513 512 511 511 510 507 506 505 505 505 506 509 512 515 518 519 516 511 506 505 512 519 523 529 535 542 547 548 542 534 530 528 524 519 513 510 511 517 519 521 523 524 524 522 524 526 526 525 524 523 524 524 525 524 522 517 508 501 494 486 481 483 483
