geo_cache/0-3/elevation.txt
ncols         938
nrows         918
xllcorner     -73.1
yllcorner     42.504
cellsize      1.0E-5
NODATA_value  -9999
[rows 294 to 335 of 918, columns 564 to 657 of 938]
490 484 481 478 477 474 470 465 461 456 450 444 437 432 425 417 409 401 399 401 405 413 417 421 425 428 431 427 421 413 406 403 395 389 381 376 369 361 356 359 361 364 364 368 374 379 385 390 397 404 408 414 421 428 434 440 444 446 449 453 457 461 467 467 466 462 461 461 458 453 448 444 439 435 433 431 428 424 419 413 408 403 396 388 381 372 361 352 355 367 380 390 398 405
486 480 478 476 475 472 468 464 460 455 450 443 437 432 426 418 411 401 394 397 404 412 417 421 425 430 433 429 422 413 405 401 395 389 381 376 370 361 355 353 356 359 361 367 372 377 383 388 395 402 406 413 420 427 434 439 442 445 448 451 455 461 465 466 466 463 462 460 456 453 448 445 441 437 435 433 430 426 421 416 411 405 398 391 384 375 366 354 351 361 375 386 395 402
483 478 476 473 470 469 466 463 458 453 448 442 436 432 426 419 412 402 392 394 403 411 416 421 425 431 437 430 423 413 404 400 394 388 381 376 371 362 355 350 352 354 358 366 371 375 381 387 393 400 404 411 418 425 432 438 441 444 447 449 453 459 463 464 464 463 462 460 456 453 449 447 443 440 437 434 432 428 423 417 412 407 400 394 387 379 370 358 349 355 370 381 392 400
483 480 476 472 468 466 463 460 456 451 446 440 436 431 426 418 410 401 391 390 401 409 415 420 426 433 438 430 423 413 404 400 394 387 380 375 371 362 355 349 349 350 356 365 369 374 379 385 391 397 402 409 416 423 430 436 440 444 446 449 453 457 461 462 462 462 462 461 458 454 451 449 446 443 439 435 433 430 425 419 413 409 403 397 390 382 373 362 350 349 363 377 388 396
483 480 477 472 467 464 460 457 453 448 443 438 434 429 424 416 408 399 389 386 398 407 413 420 426 433 438 430 422 412 404 398 393 385 379 375 370 362 354 348 346 348 355 362 367 373 378 384 390 394 399 406 414 421 429 435 439 443 446 449 452 455 457 459 461 462 462 462 459 455 455 453 449 446 441 436 434 432 427 421 415 410 405 399 393 385 376 367 354 347 357 373 384 393
484 481 478 473 469 464 458 454 450 445 440 435 430 425 419 413 405 397 386 383 393 403 411 417 424 432 435 429 420 411 404 396 392 384 378 374 369 361 354 347 345 346 352 359 365 372 377 383 389 394 398 404 412 420 428 433 437 441 445 449 451 453 455 456 459 461 462 463 460 457 456 455 452 448 444 439 436 434 430 424 417 411 406 401 395 388 379 370 357 347 352 368 379 388
484 481 479 474 470 465 459 453 449 442 437 432 427 421 415 409 401 392 381 379 389 398 406 413 421 428 430 426 418 409 402 395 391 383 377 373 368 361 354 347 344 344 349 356 364 372 377 382 389 394 398 404 410 418 426 432 436 441 444 449 451 453 455 456 458 461 462 462 460 459 457 455 453 449 446 443 439 436 432 426 419 413 408 402 396 390 382 373 360 348 348 361 374 383
484 482 479 475 471 466 459 454 449 442 436 431 426 419 412 405 396 388 378 376 384 393 400 407 415 422 424 421 414 407 400 394 390 382 376 372 366 360 354 347 344 342 346 356 364 371 377 382 390 394 398 402 409 416 423 430 435 440 444 449 452 455 456 457 459 461 462 462 461 460 459 457 454 451 448 445 442 439 434 428 421 416 410 404 398 392 384 375 364 351 345 353 368 378
484 482 480 476 471 467 460 454 450 443 437 432 426 419 412 403 395 387 378 374 378 386 393 399 405 414 417 415 409 404 398 392 389 381 375 372 365 360 353 347 344 340 344 355 364 370 376 381 388 393 397 400 407 413 420 428 435 440 445 450 453 455 457 457 459 462 462 463 463 462 461 460 458 454 450 446 443 440 436 429 422 417 411 405 399 393 386 378 369 356 344 346 359 372
484 482 480 476 471 467 461 455 451 444 438 433 426 419 412 403 395 387 379 372 373 379 385 391 396 403 408 408 404 399 395 391 387 380 375 371 365 359 353 347 345 340 342 353 362 368 374 379 386 391 395 399 405 412 420 427 435 440 445 449 452 455 455 456 459 461 462 465 465 464 463 461 460 456 452 447 445 441 436 431 424 418 412 406 400 394 388 381 373 361 346 341 350 362
484 481 479 475 471 467 462 456 452 446 438 433 426 419 411 403 396 388 379 372 368 372 378 383 388 394 398 400 398 394 392 390 385 380 375 370 364 358 353 348 346 340 339 349 359 365 371 377 383 388 393 398 404 412 419 427 434 440 444 448 450 453 455 456 458 461 463 465 466 466 463 461 461 457 453 449 446 443 437 432 426 419 413 407 400 395 390 384 377 366 353 342 343 352
483 481 479 475 470 467 462 458 453 447 439 433 426 419 411 403 396 388 379 372 366 366 372 377 381 387 391 393 392 390 390 389 384 380 374 370 364 359 354 349 347 341 336 344 354 363 368 374 380 385 390 396 403 410 418 426 433 439 443 447 450 452 454 455 458 461 463 465 467 467 464 463 462 459 454 450 446 444 439 433 428 422 415 408 402 397 392 387 380 371 360 348 341 343
483 481 479 475 471 467 463 458 454 448 440 433 427 419 411 403 396 388 380 375 369 364 365 372 376 381 385 387 388 387 389 389 384 380 374 369 364 359 355 351 348 342 335 337 348 358 364 370 376 382 387 394 402 410 418 425 432 439 443 447 450 451 453 455 456 460 463 466 467 467 465 466 465 460 455 451 446 444 440 434 429 424 418 411 405 398 393 387 381 374 366 357 346 340
483 481 479 475 471 468 463 459 454 449 442 435 428 420 411 404 396 388 383 377 372 366 362 366 372 376 379 382 384 386 389 389 386 381 375 370 365 359 356 352 349 343 335 333 342 352 360 366 373 381 387 394 402 411 419 426 432 438 443 448 449 449 450 453 455 459 462 464 467 467 466 466 465 460 455 450 446 444 441 436 431 427 420 414 406 399 393 387 382 376 370 364 355 345
482 480 478 475 471 468 463 459 455 449 443 436 429 421 412 405 397 389 385 380 375 369 362 360 367 372 375 378 380 384 389 390 388 382 376 370 366 360 356 352 349 343 335 332 338 348 356 363 373 381 387 395 403 411 420 426 431 436 442 446 448 448 448 452 455 458 460 462 464 465 465 465 463 459 455 450 446 445 442 439 433 428 422 415 407 399 394 388 382 377 373 368 362 352
481 480 478 475 471 468 463 459 455 450 444 437 431 423 414 408 400 392 386 382 376 371 364 358 361 368 372 374 376 381 387 390 389 385 377 371 367 360 353 349 347 341 334 332 337 348 356 363 373 381 387 395 403 411 419 426 431 435 440 445 446 447 448 451 455 458 459 461 463 464 466 467 463 459 456 451 447 445 443 441 435 429 422 417 408 401 395 390 385 379 375 370 365 357
479 478 476 474 470 467 463 459 456 451 445 438 431 425 417 409 403 395 388 383 378 373 367 358 357 363 368 371 373 377 384 389 390 386 378 372 367 360 352 346 344 338 331 332 339 350 358 366 374 381 386 393 401 410 418 424 430 435 439 444 446 446 448 450 454 456 458 461 463 463 466 467 464 459 456 452 448 446 444 442 436 429 423 418 410 403 397 392 386 381 376 371 366 359
477 476 475 472 469 467 463 459 456 451 445 439 432 426 418 410 404 398 391 384 379 374 369 360 353 358 364 366 369 374 381 387 390 387 380 372 367 359 352 344 340 336 329 332 342 352 361 369 375 381 386 392 399 407 415 423 429 434 439 444 445 445 446 448 451 453 457 461 462 462 464 464 462 458 456 453 448 448 446 442 437 430 423 418 411 404 398 394 388 382 376 371 366 359
474 474 473 470 468 465 462 459 457 451 445 439 432 427 419 412 406 399 393 385 380 375 370 361 353 354 359 362 364 371 377 384 389 388 381 373 367 359 352 342 339 333 327 333 344 353 362 370 376 381 387 393 401 408 415 422 428 434 439 444 444 444 445 446 449 451 455 459 460 461 461 461 459 458 456 453 449 449 447 442 437 431 423 418 411 405 399 394 388 382 375 371 366 359
471 471 470 469 467 464 461 459 457 451 445 439 432 427 420 412 407 400 393 386 380 376 371 362 354 350 354 358 360 365 374 381 388 388 381 373 367 358 351 341 337 330 326 334 344 353 362 370 377 383 389 396 404 411 417 423 429 435 440 444 443 443 444 445 448 450 454 456 457 458 459 459 458 456 454 452 450 449 446 442 437 432 424 418 412 406 400 395 389 382 375 371 366 361
469 469 468 467 465 463 461 458 456 451 445 438 432 427 420 412 407 400 393 387 381 377 372 365 357 350 350 353 356 361 369 378 385 386 381 373 366 357 350 340 336 328 324 334 344 353 361 370 377 383 389 397 405 413 419 425 429 435 439 442 443 443 443 445 447 448 451 453 454 455 457 457 456 455 453 452 450 449 446 441 437 431 424 418 412 406 401 396 389 383 376 371 366 362
467 467 466 465 464 462 460 458 456 450 443 436 430 425 419 411 406 400 393 387 381 377 373 367 360 352 346 349 352 358 364 374 382 384 380 372 365 356 350 340 336 327 322 331 343 351 358 368 376 382 388 397 405 413 420 426 429 434 437 439 440 442 443 444 446 446 448 449 450 452 454 455 455 454 452 451 450 449 446 441 436 430 423 417 412 406 401 396 389 383 376 372 367 362
464 464 464 463 462 461 459 458 455 448 440 434 428 423 418 411 406 399 392 387 382 378 373 368 362 355 347 345 349 355 360 368 377 381 377 371 363 355 349 339 335 326 320 328 340 349 356 365 373 379 385 394 404 412 420 426 429 431 434 436 437 440 442 442 442 442 444 445 447 449 451 452 453 451 449 449 449 447 445 441 435 428 422 417 412 407 401 395 389 383 376 371 366 362
462 463 463 462 461 460 458 457 453 445 438 432 425 421 416 410 404 398 392 388 383 378 374 368 362 356 348 343 345 352 357 364 372 376 374 370 362 355 348 339 334 325 319 324 336 346 354 363 370 376 382 391 401 410 418 424 428 429 431 432 434 437 439 436 436 436 438 442 444 446 448 449 451 450 448 448 447 444 442 439 434 427 422 418 412 407 401 395 389 383 376 371 365 360
460 461 461 460 459 458 457 455 450 442 436 429 424 420 415 409 404 397 391 388 384 379 374 368 362 357 349 343 342 348 354 360 367 372 371 367 360 353 346 339 334 325 319 320 330 343 351 360 367 373 380 389 398 407 415 421 425 426 426 427 430 431 432 431 431 432 433 436 439 442 444 447 449 449 448 446 445 441 439 436 432 428 424 419 413 408 402 396 390 383 376 371 365 359
459 460 460 459 458 458 456 452 447 441 435 429 423 419 415 409 404 397 392 388 384 379 374 367 362 357 352 345 340 343 350 356 362 367 368 364 358 351 345 338 334 325 318 317 325 338 348 357 364 370 377 386 395 404 411 416 420 421 421 422 424 425 424 424 425 426 426 429 433 436 441 444 446 448 447 446 443 437 433 434 433 430 425 420 414 408 403 396 390 383 376 371 365 360
458 458 458 457 457 456 454 450 445 439 434 428 422 419 415 409 404 398 393 389 384 379 373 367 363 358 353 346 339 339 344 352 358 363 363 361 355 349 343 337 334 325 317 315 321 333 345 354 361 367 374 382 391 399 407 412 414 415 415 416 417 418 417 417 418 418 420 425 429 433 437 442 445 448 447 446 440 433 431 433 433 431 425 421 415 409 404 396 390 383 377 371 365 360
457 457 457 457 455 454 451 448 444 438 433 428 422 419 415 409 404 399 393 389 384 379 372 367 363 359 353 346 339 335 339 346 352 357 358 357 353 347 342 337 333 325 317 314 317 329 341 350 357 363 369 378 387 394 401 406 408 409 409 409 410 410 411 411 412 413 418 424 429 432 436 440 443 446 447 446 441 434 431 433 433 430 425 421 415 409 403 396 390 384 377 372 366 360
457 456 455 455 453 452 450 447 443 438 433 428 422 419 415 409 403 398 393 388 384 378 372 367 363 360 354 348 341 335 335 340 346 351 352 353 350 345 341 336 332 324 317 312 315 324 338 346 354 359 365 372 381 388 394 398 401 401 400 401 402 403 403 405 406 409 417 422 426 430 434 437 442 444 445 445 443 438 434 434 433 429 425 420 414 408 403 396 389 383 376 371 365 358
456 455 455 453 451 450 448 445 441 436 432 427 422 417 413 408 402 396 391 386 382 377 372 368 365 362 357 353 348 339 334 333 338 344 346 347 346 342 339 334 331 324 317 310 312 320 334 343 350 356 361 368 375 382 387 390 393 393 393 394 394 395 394 396 399 406 413 419 423 428 434 437 441 444 445 445 443 440 436 434 433 429 424 420 413 408 403 396 390 383 376 371 365 356
456 456 455 452 450 449 446 443 438 434 431 426 420 415 411 406 399 393 389 385 381 376 372 369 367 365 361 357 353 347 338 332 332 336 340 342 342 339 336 332 329 322 316 309 310 317 329 340 347 352 358 364 370 375 380 382 384 385 385 387 387 387 387 391 397 404 411 417 424 430 436 440 443 444 444 444 443 439 437 434 433 430 424 420 414 408 401 396 391 384 377 371 365 355
455 455 453 451 449 447 444 440 436 432 429 424 418 413 409 403 396 391 388 385 381 379 375 372 369 367 365 361 357 352 345 336 330 329 333 336 337 336 333 329 327 322 315 308 308 314 325 337 344 350 355 361 365 369 373 375 377 378 378 380 380 382 386 391 397 404 411 418 425 431 438 443 445 445 444 443 441 437 436 434 432 429 424 420 414 408 401 396 391 384 377 371 363 353
452 452 452 450 448 446 442 438 434 431 427 422 416 411 407 401 396 391 388 386 384 382 378 375 372 370 367 364 360 355 350 343 334 328 327 329 331 331 329 327 325 320 314 308 305 310 322 333 341 347 352 357 361 363 366 368 369 370 371 372 375 380 386 391 398 404 411 419 426 432 439 444 445 445 443 441 438 436 435 433 432 428 424 419 413 407 401 396 390 383 375 369 361 351
449 450 449 448 447 444 441 437 433 430 426 421 415 411 407 402 397 393 390 388 386 384 381 378 375 373 370 367 362 358 354 348 340 333 327 325 326 325 326 324 322 318 314 308 305 306 316 330 338 344 349 353 356 357 359 360 361 363 364 366 373 379 386 391 398 405 411 419 426 432 439 443 445 445 443 441 437 435 434 432 431 427 423 418 412 406 401 396 389 380 374 367 359 349
447 447 447 447 445 444 440 436 433 429 425 421 416 412 409 405 400 396 393 391 388 386 384 381 378 375 372 368 364 361 357 351 345 339 333 326 322 321 321 321 319 315 312 308 305 303 309 323 335 340 345 349 352 353 352 353 354 356 358 363 371 377 384 391 397 404 411 419 426 432 437 442 444 445 445 441 436 435 433 432 430 426 421 416 411 406 400 395 386 378 373 367 358 348
445 446 446 445 444 443 440 437 435 431 427 423 418 415 412 409 405 401 396 394 391 388 387 383 380 376 373 371 367 363 359 354 348 343 337 333 327 322 320 317 316 313 310 305 304 302 304 314 328 335 339 343 347 349 348 347 349 349 352 360 368 376 383 390 396 403 411 418 425 431 436 440 443 444 445 442 436 433 432 430 428 424 420 415 410 405 399 394 385 377 372 366 358 346
442 444 444 444 443 443 440 439 438 434 430 426 421 418 415 412 409 405 401 397 394 391 390 386 382 378 375 372 369 364 360 355 350 345 341 338 334 330 326 323 322 318 315 310 306 302 301 305 316 327 332 337 341 344 342 342 343 344 348 356 365 373 381 389 395 402 410 418 425 431 435 438 440 443 444 443 436 433 430 429 426 422 418 413 408 403 397 391 383 376 370 364 355 343
440 441 442 442 441 441 440 440 440 438 433 429 424 420 417 414 412 409 405 401 398 395 393 389 384 380 377 374 371 366 362 357 352 347 344 342 340 338 336 335 334 331 327 319 312 305 301 300 305 316 322 330 335 337 336 336 336 338 345 353 362 370 378 387 395 401 409 417 424 430 433 436 438 440 442 440 435 432 429 427 424 420 416 411 405 400 394 388 381 374 367 361 352 336
437 439 440 440 440 440 440 440 440 439 437 432 428 423 419 417 414 411 408 404 401 398 396 392 387 383 379 376 373 368 363 358 354 350 347 345 346 347 346 345 343 340 336 328 319 311 303 299 300 306 311 321 328 330 331 330 330 333 341 349 357 366 375 384 393 400 408 416 424 429 433 435 436 438 439 438 434 430 428 425 422 418 414 409 403 396 390 385 378 371 365 358 347 330
434 436 436 437 437 437 439 440 440 440 439 435 430 425 421 418 415 412 409 406 402 399 397 394 390 386 382 379 375 371 365 360 356 352 350 349 351 352 353 351 349 345 340 334 325 316 307 302 298 299 301 309 319 324 325 324 325 329 337 345 353 362 371 382 391 400 408 416 423 428 432 434 435 437 437 436 433 429 425 423 421 417 413 407 401 393 387 383 375 368 362 355 345 329
429 431 432 433 434 434 437 439 440 440 440 438 432 427 423 420 417 415 411 408 404 401 399 396 393 389 385 382 378 373 367 362 357 355 353 353 355 356 357 355 354 349 344 338 331 322 312 304 298 295 294 297 307 316 320 320 321 325 332 340 348 358 368 379 389 398 406 415 422 427 431 434 435 436 436 435 432 428 424 422 419 415 411 405 399 391 386 382 374 366 360 353 344 331
422 427 428 429 430 432 435 438 440 440 440 439 434 429 425 422 419 416 413 410 406 403 400 398 395 392 389 385 381 376 370 364 359 356 356 356 358 359 360 359 358 353 348 342 335 327 317 309 302 297 295 293 295 306 313 314 315 320 325 333 342 354 366 377 388 396 405 414 422 428 431 433 435 435 434 434 431 428 423 421 417 413 409 403 396 389 384 379 371 364 357 351 343 331
