geo_cache/0-3/elevation.txt
ncols         938
nrows         918
xllcorner     -73.1
yllcorner     42.504
cellsize      1.0E-5
NODATA_value  -9999
[rows 546 to 587 of 918, columns 0 to 93 of 938]
364 365 365 365 366 368 369 369 371 372 371 369 367 372 377 382 387 393 396 397 400 402 405 409 412 417 424 429 437 442 445 451 456 461 465 469 473 481 492 500 506 509 503 495 487 483 478 471 470 473 486 504 517 530 538 537 541 545 546 547 546 549 554 557 560 562 559 557 556 551 552 560 568 574 578 584 591 597 600 598 595 594 595 595 596 603 614 621 624 627 627 627 629 633
366 367 366 365 367 369 370 370 372 373 371 369 369 372 377 381 386 390 395 397 401 403 406 409 412 417 423 429 437 442 446 451 456 461 464 467 474 481 491 498 503 504 490 482 475 469 468 467 471 479 493 511 527 540 546 546 545 548 550 550 550 554 556 561 566 568 566 566 567 561 556 557 563 568 572 578 584 588 590 588 586 588 590 592 596 606 614 621 625 630 632 632 634 638
368 369 370 370 370 370 371 372 373 376 374 370 370 371 376 379 383 387 393 398 401 404 407 410 413 418 423 428 437 443 447 452 456 460 463 468 475 482 489 496 500 497 480 470 463 461 465 473 479 487 501 518 534 546 553 553 549 550 552 553 555 560 561 566 571 573 573 575 576 570 562 560 564 565 569 572 576 578 581 581 586 591 593 596 600 607 615 621 626 632 636 637 639 644
370 372 373 374 373 372 373 376 378 382 381 374 371 372 374 376 380 386 393 398 402 405 408 412 415 420 424 430 437 443 447 452 456 460 464 469 475 482 488 494 498 491 474 461 459 465 474 484 492 500 509 524 541 553 559 559 555 555 556 556 562 565 567 571 576 578 578 581 582 578 568 564 571 574 571 570 573 574 577 582 589 594 598 603 607 612 617 624 630 635 637 639 643 649
370 373 375 377 378 378 379 381 384 388 388 380 376 376 374 375 379 386 392 398 404 408 409 412 415 420 425 430 436 442 447 451 456 460 465 470 476 483 488 493 495 484 471 457 460 471 481 494 502 510 519 534 547 560 565 566 561 559 558 560 567 571 572 574 580 582 583 585 586 583 576 568 571 579 580 579 580 579 582 588 593 597 603 609 613 618 622 628 632 637 639 641 647 652
376 377 378 381 383 384 386 388 390 394 395 391 385 382 379 376 379 385 389 394 403 408 409 412 414 419 424 429 435 440 445 450 455 459 464 470 478 485 488 491 491 478 467 456 460 473 487 502 512 520 530 542 554 566 573 573 569 563 561 565 572 577 578 579 583 587 588 590 590 587 584 578 573 578 583 585 586 587 587 593 597 602 605 610 616 620 624 629 634 638 641 644 649 656
380 382 383 385 387 389 392 394 397 400 403 400 396 392 385 378 379 382 385 391 398 405 408 411 414 417 422 427 434 440 444 449 455 459 464 471 479 484 486 486 483 472 461 453 461 481 495 506 518 528 537 548 560 574 579 579 574 568 564 568 577 582 585 585 586 590 592 595 594 591 589 586 579 578 584 587 590 591 591 595 601 606 608 612 617 621 626 631 635 639 643 646 651 660
385 386 388 389 391 393 396 398 402 405 407 407 405 402 394 384 379 380 383 388 392 398 404 409 413 417 421 425 431 439 444 450 455 460 465 472 479 483 477 470 468 464 454 449 463 485 498 509 520 530 542 555 568 580 584 583 579 574 570 572 581 590 592 591 590 594 594 599 598 595 594 591 585 579 585 589 591 594 596 599 603 608 612 617 622 626 628 633 636 641 644 647 654 663
389 390 392 393 394 397 400 402 406 409 411 412 411 409 402 389 384 382 381 383 387 393 398 406 412 417 420 424 428 437 444 450 456 461 466 473 478 478 463 451 449 450 449 448 468 486 500 512 523 534 547 561 576 586 588 587 585 582 577 575 582 594 597 595 593 597 598 603 601 599 599 596 589 583 585 592 593 595 600 603 607 610 613 619 625 630 633 637 641 644 645 648 656 663
392 394 397 398 399 401 404 406 409 412 414 416 416 414 408 398 393 389 384 383 387 391 396 403 409 414 419 424 428 434 444 452 457 462 466 471 478 471 452 440 440 444 448 454 479 493 506 518 528 539 553 569 584 591 593 593 589 586 582 580 583 595 601 598 597 601 602 605 604 603 603 600 594 588 586 594 596 598 602 606 611 615 617 621 626 632 637 642 647 650 650 651 657 663
396 398 401 402 403 405 407 410 412 414 417 419 420 419 413 409 404 399 389 383 387 390 393 399 405 413 419 423 428 434 443 453 459 463 466 471 475 465 445 435 442 452 457 463 487 500 509 521 533 546 561 577 590 596 600 598 593 590 589 589 587 595 602 602 601 605 606 607 606 607 606 602 598 592 588 596 600 602 605 609 613 619 624 628 631 635 639 645 651 655 656 657 661 667
399 401 403 405 406 408 410 414 415 417 419 422 424 424 421 419 415 408 398 388 387 389 392 396 402 409 416 423 429 435 443 452 459 463 467 471 474 461 441 434 446 458 463 468 487 501 513 528 541 553 565 582 595 601 605 602 598 594 595 596 593 596 605 606 606 609 610 611 610 611 608 605 602 594 590 599 604 606 609 614 617 622 629 634 637 640 644 648 654 660 663 664 667 671
401 404 405 407 409 411 414 416 418 419 421 424 427 428 426 425 423 417 406 398 392 390 391 394 397 400 408 420 428 434 443 451 458 462 466 470 471 456 437 433 450 462 468 473 488 506 523 538 548 557 567 586 599 604 607 607 602 598 599 600 599 599 605 608 610 613 613 613 611 612 610 607 603 598 595 601 608 610 612 618 623 626 632 638 643 646 649 653 658 664 669 670 672 676
404 406 408 409 411 412 415 417 420 421 423 425 429 431 430 429 426 422 414 409 402 397 393 393 393 396 403 416 426 433 440 448 454 459 463 468 463 448 433 436 454 465 474 482 498 516 532 546 553 560 568 588 602 606 610 612 606 601 603 605 603 603 606 608 611 616 616 616 614 614 611 608 604 603 601 602 611 614 616 622 629 633 637 641 646 651 656 659 663 667 673 677 680 683
407 408 411 413 414 414 416 419 422 424 425 426 429 431 433 432 429 426 423 419 413 407 400 394 393 394 401 413 425 431 437 444 450 456 460 463 453 439 429 441 458 469 480 493 510 525 539 550 557 562 569 588 602 608 614 616 608 606 609 610 607 605 607 609 611 615 616 617 616 616 614 611 607 608 607 605 611 617 622 628 635 641 644 646 648 653 660 665 668 672 678 682 685 689
410 412 414 415 417 418 418 421 424 426 428 428 430 431 434 434 432 431 429 427 422 417 412 404 397 395 399 407 421 429 435 441 446 451 455 455 444 431 427 447 462 474 486 500 514 529 542 554 561 565 570 589 601 610 614 616 609 612 615 614 610 608 609 609 611 614 615 617 618 618 617 613 611 613 612 612 613 618 625 632 639 645 648 650 653 657 663 669 675 678 682 686 689 691
412 414 416 418 419 421 422 424 426 430 432 433 434 435 436 437 437 436 434 431 428 425 422 414 403 395 399 403 415 427 433 437 441 445 447 442 433 424 432 452 466 478 492 503 515 528 542 557 565 567 572 589 601 610 614 614 612 617 621 619 614 612 611 610 611 614 616 617 618 619 619 616 615 618 617 618 620 620 625 633 640 647 651 654 658 661 666 672 678 681 685 687 690 691
415 417 418 420 422 424 426 428 431 433 436 437 439 440 440 441 442 440 438 435 433 431 428 422 410 400 400 403 411 423 428 432 432 431 429 426 423 424 438 454 469 482 495 504 515 524 540 556 567 568 573 588 600 610 614 614 616 622 626 624 619 616 612 611 611 615 617 616 618 620 620 619 619 622 622 624 627 626 626 632 640 648 652 656 661 665 669 674 678 683 685 687 689 691
417 419 421 423 424 427 430 432 435 436 439 441 443 444 444 445 446 444 442 439 437 436 434 427 419 409 403 403 407 416 423 424 419 416 416 419 422 429 443 455 471 482 495 505 515 517 534 553 564 565 570 585 599 610 613 614 618 626 630 628 624 620 613 611 610 613 615 615 618 622 623 622 623 626 627 628 632 633 631 632 640 647 652 656 662 666 670 675 678 682 684 685 687 690
419 422 424 426 428 430 433 436 438 439 442 444 446 447 448 449 450 449 447 444 442 441 439 434 427 418 407 403 405 408 415 415 412 413 418 424 433 444 451 458 471 482 494 504 510 510 525 550 557 559 563 579 598 609 613 614 619 626 631 629 625 619 613 610 610 611 611 615 619 624 625 624 625 629 632 633 635 639 638 635 638 645 650 656 661 666 670 674 678 681 681 680 682 687
422 424 427 429 431 433 436 438 441 443 444 447 449 451 453 454 455 454 452 449 447 446 444 441 434 422 412 405 407 408 409 411 414 417 423 431 441 451 458 462 472 482 493 502 505 506 518 545 551 551 558 571 593 606 611 614 620 625 632 630 625 616 611 609 610 611 611 615 621 625 627 627 628 632 637 638 639 644 645 642 639 642 648 655 660 664 668 672 676 678 678 675 677 680
424 427 429 431 432 436 439 442 444 446 447 450 452 455 457 458 459 458 457 455 453 452 449 445 438 427 419 410 410 414 414 416 421 425 430 437 445 455 462 466 473 482 492 498 501 504 515 535 541 546 554 567 586 601 607 612 620 626 635 632 624 614 609 609 610 612 614 617 622 626 630 631 632 637 642 645 644 647 650 649 645 642 646 651 658 662 666 669 673 675 673 672 674 674
426 428 432 433 435 437 440 444 447 449 450 452 455 457 459 461 462 462 461 461 459 457 454 449 443 434 426 416 412 418 420 423 429 432 435 441 449 457 464 468 474 482 490 495 500 503 510 519 527 542 554 567 583 597 605 611 619 626 636 633 624 614 608 608 610 614 618 621 623 628 632 635 639 643 647 650 650 652 655 655 651 647 647 648 653 658 662 666 669 670 669 670 670 671
429 431 433 436 438 439 442 445 449 452 454 456 457 459 461 463 465 466 465 465 464 462 458 453 447 440 431 421 412 417 423 429 432 435 438 444 452 459 464 469 474 480 486 494 499 502 504 506 518 541 555 567 584 595 604 611 618 625 632 631 623 613 608 608 610 616 621 625 627 630 633 638 644 648 650 654 655 657 659 661 656 652 652 650 650 653 658 661 664 665 665 666 668 671
432 434 435 437 440 441 444 448 452 455 457 459 461 461 462 465 468 468 468 468 468 466 462 457 450 443 435 426 417 415 420 427 431 434 438 443 452 459 464 468 473 477 484 492 497 499 500 503 518 542 557 569 585 594 602 606 613 619 624 625 620 610 606 608 612 618 623 628 631 633 635 641 648 651 653 656 661 663 664 666 661 658 660 657 655 654 656 658 660 663 664 666 668 672
436 437 438 439 442 444 446 450 454 457 460 462 464 464 465 467 469 470 471 471 471 470 466 459 452 445 439 431 423 419 417 423 429 434 437 443 449 455 461 465 470 475 481 487 492 494 497 503 517 542 557 572 585 591 597 602 607 613 616 618 611 603 605 608 614 620 624 631 634 635 638 644 651 655 656 658 665 669 670 670 665 664 665 663 659 657 657 659 661 663 666 669 671 675
438 440 441 442 443 447 450 453 457 460 463 465 467 467 468 470 472 472 473 474 474 472 468 462 455 447 441 435 430 426 418 422 429 433 436 441 446 451 457 462 467 473 479 483 486 490 495 502 515 540 557 572 582 588 592 597 601 607 610 610 603 600 603 607 616 621 625 631 634 638 641 648 655 658 658 659 668 673 674 673 669 668 668 667 663 659 659 661 663 664 666 671 673 675
440 442 444 445 446 449 453 456 459 462 465 468 470 471 472 473 474 473 475 475 475 474 471 467 460 451 445 440 436 432 421 421 428 432 434 437 442 448 454 460 465 471 476 478 481 486 495 502 514 537 555 571 578 583 588 591 596 602 603 601 596 598 602 606 616 622 627 632 635 639 643 651 659 663 663 663 668 675 678 676 673 671 671 670 666 663 660 661 664 668 670 672 675 677
441 444 446 448 450 452 454 457 461 464 467 470 472 473 474 475 476 476 476 477 478 477 475 472 464 455 448 444 439 434 425 422 424 428 431 435 440 446 452 458 461 466 471 474 478 485 494 501 512 532 550 565 573 578 583 585 590 593 592 591 592 598 602 605 615 621 628 633 637 641 645 654 664 669 671 670 672 676 678 678 676 674 674 672 670 668 665 666 666 669 672 673 676 678
444 446 449 451 453 454 455 458 462 465 468 471 474 476 477 477 477 477 478 479 481 481 479 475 467 456 448 444 440 434 426 423 424 427 429 432 436 442 448 454 458 462 467 471 475 483 491 500 510 529 545 558 566 573 576 577 582 582 582 585 591 598 602 605 612 618 626 632 637 644 648 654 666 673 676 676 676 678 679 679 678 676 677 675 673 673 669 670 671 669 672 674 677 678
445 448 450 452 454 456 458 460 463 466 469 472 475 477 479 480 479 479 480 483 485 485 483 478 468 456 449 444 439 434 430 427 427 431 432 433 435 438 444 450 456 460 466 470 474 480 490 498 509 525 539 550 558 566 567 568 572 571 576 585 591 597 601 605 611 618 624 632 637 645 650 653 665 672 677 678 679 680 681 681 680 679 679 676 676 676 673 674 675 673 673 675 677 678
446 448 450 453 455 458 460 462 465 467 470 473 476 478 480 481 481 482 483 486 489 490 486 480 469 456 451 447 442 438 436 432 429 431 435 440 440 438 441 449 456 461 465 469 473 478 487 496 505 519 530 540 549 557 555 554 558 563 575 584 590 596 600 604 610 617 624 632 638 645 650 654 662 670 676 678 680 681 682 683 683 681 681 678 678 678 676 677 678 676 676 676 677 677
445 446 449 453 455 459 461 463 466 470 472 474 477 478 480 482 483 484 486 489 493 494 489 480 469 459 455 452 448 444 440 436 433 430 435 442 445 442 441 446 453 458 463 466 469 476 484 493 500 509 518 528 541 545 541 540 549 561 574 582 588 595 600 605 610 617 626 634 641 646 652 655 660 668 673 677 680 681 683 684 684 683 683 681 680 679 679 679 679 678 678 677 676 676
442 444 450 455 457 460 462 464 467 472 475 476 478 479 480 482 484 486 488 491 496 497 491 480 469 463 461 457 454 449 444 440 436 432 435 442 447 447 445 445 448 452 458 462 466 473 481 489 495 501 507 515 527 526 520 528 548 559 571 580 589 597 604 609 612 620 629 637 645 649 653 657 661 668 673 677 680 681 684 685 685 684 683 683 683 682 682 681 682 681 679 678 676 675
441 446 453 457 460 462 464 466 468 473 476 479 480 481 482 483 484 486 489 491 497 498 491 480 470 467 465 462 458 454 451 445 440 436 436 442 450 453 453 451 451 451 454 458 463 470 477 484 490 496 499 503 507 506 507 526 547 558 569 581 591 600 610 614 615 622 631 640 649 652 654 657 662 667 672 677 679 681 683 685 685 685 684 684 684 684 684 684 684 683 681 679 676 674
444 448 454 458 461 464 467 469 471 474 478 481 483 484 485 485 485 487 490 491 497 498 490 480 473 471 468 465 462 459 456 451 445 443 440 442 451 457 460 459 460 458 454 456 462 467 473 478 484 489 491 490 492 498 508 529 546 557 568 582 591 602 614 617 618 623 631 641 650 653 656 657 660 663 668 674 679 680 683 685 685 685 684 684 684 684 684 685 685 683 683 679 676 673
448 452 455 459 462 465 469 471 474 477 479 483 485 487 487 487 487 488 490 491 497 497 490 481 477 474 471 468 465 462 460 456 452 451 447 442 450 458 463 464 464 462 457 456 460 463 469 473 477 480 481 481 489 499 511 529 545 556 568 581 592 604 616 619 620 623 631 640 649 653 655 656 657 660 666 672 678 680 683 685 685 684 682 683 683 682 682 683 682 682 680 676 674 671
451 455 457 460 463 466 469 472 475 479 482 485 486 488 489 490 490 490 490 492 496 497 490 483 480 477 474 471 468 465 463 459 457 455 452 446 448 455 464 467 465 464 460 457 459 460 466 469 473 474 476 481 492 502 514 528 541 553 565 578 592 604 613 617 619 622 630 638 646 651 653 654 656 660 666 672 676 678 682 684 683 680 678 679 677 674 675 676 674 676 675 673 672 670
453 457 459 462 464 467 470 473 476 480 484 487 489 490 491 491 491 491 491 493 496 496 491 486 483 480 477 474 471 468 465 462 461 459 456 450 447 451 461 467 465 465 463 463 463 460 463 466 470 473 477 485 493 503 514 526 537 549 562 574 590 597 604 611 615 620 627 635 642 646 650 653 656 660 665 671 674 676 680 679 676 673 674 674 668 666 668 668 667 672 672 670 669 668
455 458 460 463 466 470 472 474 477 481 485 488 490 492 493 493 493 493 493 494 496 496 493 488 485 482 479 476 472 468 466 464 463 462 459 455 451 449 457 464 464 464 465 466 468 465 465 464 469 474 480 486 494 505 514 523 534 546 558 570 583 587 590 602 611 616 622 630 637 641 646 652 655 659 663 667 670 672 672 669 667 668 669 667 659 659 661 661 663 668 669 665 664 666
455 458 460 464 468 471 474 477 479 483 487 490 492 493 494 495 495 495 495 495 496 496 494 490 487 484 480 476 472 468 466 464 463 462 462 460 456 452 454 460 463 463 465 467 472 474 473 469 468 472 479 486 495 504 513 521 530 542 554 565 574 577 580 595 604 609 616 625 631 635 640 648 652 655 659 662 665 665 663 659 661 664 661 659 652 654 656 658 660 665 665 661 662 663
456 458 460 465 469 472 475 478 482 486 488 491 493 494 495 496 497 497 497 497 497 496 494 491 488 485 480 475 471 467 466 464 464 464 462 462 458 455 453 457 460 461 465 469 476 481 483 480 475 472 474 480 490 501 512 519 526 537 548 556 562 566 577 590 595 602 610 618 623 628 634 642 647 650 651 653 656 655 651 651 657 659 654 651 648 651 653 656 659 662 661 659 660 660
