geo_cache/0-3/elevation.txt
ncols         938
nrows         918
xllcorner     -73.1
yllcorner     42.504
cellsize      1.0E-5
NODATA_value  -9999
[rows 294 to 335 of 918, columns 752 to 845 of 938]
499 504 508 510 512 513 513 512 510 509 506 504 502 500 500 501 503 503 505 507 509 512 516 519 522 525 528 529 530 530 530 529 529 528 527 524 519 516 513 510 508 508 510 511 514 515 517 520 523 525 528 530 534 536 538 540 541 539 535 533 531 530 528 527 527 525 524 523 522 519 516 512 509 507 505 503 500 501 501 500 499 497 496 494 492 490 489 489 488 488 487 487 487 486
502 506 510 512 513 514 514 513 511 510 506 503 499 497 497 499 501 501 502 504 505 509 512 516 518 520 523 524 525 525 523 523 523 522 521 518 514 512 508 505 505 506 508 511 514 516 518 521 524 527 530 533 536 538 540 543 544 541 537 535 535 533 532 531 531 529 527 526 524 520 518 515 512 510 509 506 504 505 505 505 504 502 501 499 497 495 494 494 493 493 493 493 492 491
506 509 511 514 515 515 515 513 511 510 506 501 497 496 497 498 499 498 499 501 502 505 509 512 514 515 518 519 519 518 517 516 516 515 514 512 510 507 502 501 502 506 507 511 515 516 519 522 525 529 532 534 537 539 543 545 545 542 539 538 538 537 536 536 535 533 530 527 525 522 519 517 515 513 512 509 507 508 509 509 508 506 505 503 501 499 499 499 499 499 499 498 497 497
509 512 513 515 516 516 515 513 511 509 505 499 496 494 496 498 498 497 497 499 501 502 505 508 511 512 513 514 514 513 511 510 510 509 508 507 505 500 498 500 502 506 509 511 514 516 520 523 526 530 533 536 538 541 543 546 546 543 540 540 539 539 539 539 538 535 530 528 525 523 521 519 518 516 514 511 510 511 512 512 511 510 508 507 505 504 503 504 504 504 504 503 502 501
511 513 515 516 516 516 515 512 510 507 503 497 494 492 494 496 497 495 496 498 499 500 502 505 506 507 508 509 509 508 506 504 505 505 505 502 498 495 497 501 504 508 510 511 513 516 520 524 528 531 534 536 539 541 544 545 545 544 542 541 540 540 540 539 538 535 532 529 526 525 523 521 520 519 517 514 514 514 514 514 514 513 512 511 509 509 508 509 510 510 510 509 508 507
512 515 516 516 517 515 514 512 509 505 500 495 493 490 492 495 495 493 493 495 496 497 499 500 501 501 503 504 504 503 500 499 502 502 500 496 492 493 499 503 506 509 510 511 513 516 521 525 528 532 535 538 540 542 544 545 545 544 542 542 541 541 541 539 538 537 534 531 528 527 525 524 523 522 519 517 517 517 517 517 517 516 515 514 514 514 514 514 515 515 515 515 514 513
513 515 517 517 517 515 513 511 507 503 497 493 489 488 490 493 493 492 491 492 493 494 495 495 495 495 497 499 499 497 495 497 499 497 495 489 488 494 500 504 506 508 509 509 512 517 522 526 529 533 536 538 541 542 543 545 545 544 543 542 542 541 541 539 539 539 535 532 530 529 527 526 526 525 521 519 520 520 519 519 519 519 518 518 518 519 519 519 520 520 519 518 517 518
514 515 517 517 517 515 512 509 505 500 495 490 486 486 490 492 492 491 490 490 491 490 490 490 490 490 491 493 493 491 492 495 495 491 487 483 487 495 500 503 503 504 504 508 512 518 523 527 530 534 537 539 541 542 543 544 544 544 543 543 542 542 542 540 540 540 535 533 533 531 529 528 528 526 523 523 523 523 523 522 522 522 522 523 523 524 525 525 526 525 524 523 522 523
514 515 517 517 516 514 511 507 502 497 492 487 484 484 489 491 492 489 488 488 488 487 486 485 485 484 486 487 486 487 489 491 489 483 480 480 488 495 499 499 498 498 502 508 514 519 524 528 532 535 538 540 542 542 543 544 544 544 543 543 542 542 542 541 540 539 536 535 534 532 532 531 528 527 526 526 526 526 526 525 525 525 526 527 528 529 530 531 532 531 528 526 527 529
515 516 516 516 515 512 509 504 500 494 489 484 482 484 487 489 490 487 485 485 486 485 483 481 481 481 480 481 481 484 487 486 482 477 475 480 489 495 497 495 494 497 503 509 515 519 524 529 532 536 539 540 543 543 544 544 544 544 543 543 542 541 541 540 540 539 537 536 534 533 534 532 528 527 528 528 528 528 528 528 528 529 529 530 531 534 536 537 538 535 531 531 532 534
516 516 516 516 513 510 505 500 496 492 487 481 480 483 486 487 487 485 483 484 484 482 480 478 477 476 475 475 478 482 483 481 476 471 472 480 489 493 492 491 492 497 503 509 516 519 523 528 532 536 539 542 544 545 545 545 545 544 543 543 542 541 541 540 539 537 536 535 534 534 534 530 527 528 529 529 530 530 530 531 531 532 532 533 535 537 539 540 540 538 535 536 538 539
516 516 515 514 512 507 501 497 493 489 484 478 479 483 484 485 485 483 481 482 482 480 478 475 473 471 471 473 476 479 478 474 469 468 470 479 487 488 487 488 491 498 503 509 515 519 523 528 532 537 540 544 546 547 546 546 545 545 544 544 542 540 540 539 537 535 534 534 534 534 532 527 527 529 530 531 532 532 532 533 534 534 535 535 537 539 540 540 540 539 539 541 543 544
515 515 513 511 509 503 497 493 490 485 481 478 479 481 482 482 481 479 479 480 479 476 474 471 469 468 469 472 475 475 471 467 463 466 469 478 483 482 482 487 493 499 504 509 513 518 523 528 533 538 541 545 549 551 550 550 548 546 544 543 541 539 538 536 534 534 534 534 534 532 529 527 529 530 532 532 533 533 533 533 535 535 535 536 537 539 540 540 540 540 542 545 546 547
513 513 512 509 505 499 494 490 486 482 478 475 477 480 480 479 478 477 477 477 476 474 472 468 467 466 468 471 473 471 465 460 461 467 471 477 478 477 480 487 493 500 504 508 513 518 524 529 535 538 543 547 550 552 554 554 552 549 545 543 540 538 536 534 534 534 534 534 534 531 530 529 530 532 533 533 533 533 534 534 535 535 535 536 536 536 538 539 540 541 544 546 548 548
512 511 509 506 501 496 491 488 485 480 474 473 475 477 477 475 475 474 475 476 475 473 470 465 464 465 467 470 470 465 458 458 462 468 471 473 472 474 480 487 493 499 503 508 514 520 525 531 535 540 545 548 551 554 556 557 555 551 547 544 540 537 534 534 534 534 534 534 533 531 531 531 532 533 534 534 534 534 534 535 535 535 534 533 533 533 534 536 540 542 545 547 547 546
509 508 506 501 496 492 489 486 482 477 473 472 474 474 473 472 471 472 474 474 473 470 467 462 462 464 466 468 468 462 455 457 462 466 467 467 468 473 481 487 493 498 503 508 515 521 526 532 536 541 546 549 552 555 557 558 557 553 548 545 540 535 533 533 534 534 534 534 533 532 532 532 533 533 534 534 534 534 534 534 534 534 533 531 530 530 531 535 540 543 544 543 541 538
506 505 502 497 491 488 486 483 479 475 471 470 472 472 470 469 468 471 472 472 471 467 463 460 462 462 463 465 466 462 455 455 459 461 461 461 465 472 479 485 491 498 503 509 516 522 527 533 537 542 547 549 553 556 558 559 558 554 549 543 537 533 533 533 534 534 534 534 534 533 533 533 534 534 534 533 533 533 533 534 532 532 530 528 527 527 529 534 539 540 537 535 532 529
504 502 498 493 487 484 482 479 476 472 468 469 470 469 467 466 466 469 470 469 468 464 461 460 461 461 460 462 463 461 455 453 454 455 455 458 464 470 477 484 491 498 503 510 517 522 528 533 538 543 547 550 554 556 558 558 558 554 549 540 533 533 533 533 534 534 533 533 533 534 534 534 534 534 533 533 532 532 532 532 530 529 528 526 525 525 527 531 535 533 529 526 523 522
501 499 495 490 484 480 478 475 473 469 466 468 469 466 463 462 463 467 468 467 465 462 459 459 460 459 457 459 461 460 455 451 450 451 452 457 463 469 477 485 492 498 503 510 517 523 529 534 538 544 548 550 554 556 556 556 556 553 548 539 533 533 533 533 534 534 533 533 533 534 534 534 533 533 533 532 531 531 530 529 528 527 525 524 523 523 525 528 529 526 522 519 516 515
498 495 492 487 482 478 474 471 470 467 464 466 467 463 459 458 460 464 465 464 462 459 457 456 457 457 455 457 458 457 453 449 446 447 450 456 463 470 478 486 492 499 503 510 518 523 529 534 538 543 548 551 553 553 553 553 553 551 546 538 532 532 532 533 534 534 533 533 533 533 533 533 531 531 531 530 530 529 528 527 526 525 524 522 521 521 522 523 522 519 515 512 511 510
495 492 488 484 480 476 473 469 467 464 461 463 464 460 456 454 456 460 461 461 459 457 455 455 456 455 453 454 455 452 448 445 443 445 449 456 463 470 479 487 492 498 503 510 517 523 529 534 538 543 548 551 552 551 550 552 551 548 543 537 533 532 533 533 534 534 535 534 533 533 532 531 529 528 529 530 530 528 528 526 525 524 523 521 519 518 519 519 516 513 510 508 508 508
492 489 485 481 478 475 472 468 465 462 460 460 460 456 452 452 452 455 457 458 456 455 453 452 453 452 450 451 451 446 442 440 439 445 448 457 463 470 478 485 491 497 503 509 516 523 529 534 537 542 547 550 551 548 547 549 549 546 541 537 535 535 535 536 536 536 536 535 533 532 531 529 527 527 528 529 529 528 527 526 524 524 523 520 517 517 515 514 511 509 508 507 507 507
488 485 481 478 476 474 470 466 462 459 457 457 455 451 448 449 449 451 452 454 453 452 450 449 450 450 448 448 447 441 437 435 437 444 448 456 463 469 476 484 490 497 503 508 516 522 528 533 537 541 545 548 548 546 545 546 546 544 540 537 538 538 538 539 539 539 537 535 533 531 529 527 527 527 528 528 528 528 526 524 523 523 521 519 515 514 512 510 508 507 506 506 506 506
485 482 478 476 474 472 468 463 459 455 453 452 449 447 445 445 446 447 448 450 449 447 446 447 449 447 446 446 443 439 433 431 435 443 447 455 462 468 475 484 489 496 502 508 515 521 527 532 536 539 543 545 546 544 543 544 545 543 539 539 540 541 541 541 541 540 537 536 533 531 529 527 526 526 527 527 527 526 524 523 522 522 520 517 514 511 509 508 506 505 505 505 505 505
482 480 477 474 472 470 467 463 458 453 450 448 445 442 440 440 442 444 445 447 445 442 443 446 446 444 443 444 442 438 432 430 433 442 446 454 461 467 475 484 489 496 501 508 515 520 526 530 534 537 541 543 544 541 540 541 542 542 542 542 543 543 544 544 543 540 538 536 533 530 529 527 526 526 527 526 525 523 522 521 521 520 518 516 514 510 509 508 505 504 503 503 503 504
479 477 475 473 471 469 467 463 457 452 447 443 440 438 437 437 439 441 442 441 440 438 442 444 444 443 442 442 441 436 431 427 433 442 446 453 460 467 476 483 489 495 501 507 514 519 525 529 532 535 538 540 541 539 538 540 542 544 545 545 546 546 546 546 545 542 540 539 536 532 529 527 526 527 527 526 525 522 521 521 520 519 516 514 514 511 510 508 505 503 502 502 502 504
478 476 473 472 470 468 467 463 457 451 443 439 436 435 434 434 436 438 437 436 436 437 441 441 441 440 440 439 438 433 427 427 433 441 445 452 458 466 475 483 488 494 500 506 513 518 523 527 530 533 535 537 538 538 538 542 545 547 548 548 549 549 549 548 547 544 543 542 538 533 530 529 529 529 528 527 526 524 523 523 522 521 517 513 512 510 508 505 503 503 501 499 499 502
477 475 472 470 469 468 466 462 457 450 442 435 433 433 431 431 433 433 432 432 433 437 439 438 437 437 438 437 433 428 424 426 433 441 444 450 457 465 474 482 488 493 500 506 511 516 521 525 528 531 533 536 537 537 539 545 548 550 551 552 552 552 552 551 550 547 546 545 540 533 532 532 532 532 530 528 527 526 526 526 524 522 518 514 512 507 504 501 499 499 498 496 496 499
478 475 472 469 467 465 463 459 455 448 439 432 430 430 428 428 428 428 428 429 432 437 437 435 434 434 435 432 427 423 422 427 434 441 444 450 457 464 473 482 487 492 499 504 509 514 519 524 527 531 533 535 537 537 541 547 551 553 554 554 555 555 555 555 553 550 549 546 540 533 533 534 534 534 532 529 529 529 528 527 525 523 520 516 513 508 502 498 495 493 494 493 493 495
478 476 472 469 466 463 459 456 452 445 437 429 426 427 425 423 423 424 424 427 432 435 434 432 431 432 431 426 421 419 422 427 434 441 444 451 457 464 473 481 487 491 497 502 507 512 518 524 526 531 534 536 538 540 544 548 552 555 557 557 557 557 558 557 554 552 550 545 539 534 534 535 535 535 533 531 532 532 531 530 528 526 523 519 516 511 505 501 496 491 489 488 489 490
478 476 472 469 466 462 458 453 448 441 434 426 421 421 420 419 419 421 423 427 432 433 431 429 428 428 425 420 416 417 423 429 434 440 442 450 457 464 471 479 486 491 496 501 506 511 518 524 528 531 534 537 540 543 547 551 554 557 559 560 560 559 559 557 555 553 548 542 539 537 537 537 537 536 534 534 534 533 533 532 529 527 525 521 517 512 508 503 499 492 486 484 485 486
478 475 471 469 466 461 458 453 447 440 432 422 417 416 416 416 417 419 422 427 430 431 428 426 424 422 419 415 414 419 425 431 436 440 443 450 456 463 470 477 485 491 495 501 506 512 518 524 529 532 535 539 542 546 550 554 557 559 561 562 561 560 558 557 554 551 544 538 538 538 539 538 538 538 536 536 535 534 534 533 531 528 526 521 518 512 507 503 499 492 485 481 481 482
477 474 471 468 465 461 457 453 447 439 431 421 413 412 412 413 416 419 422 426 429 428 425 423 421 417 413 412 415 420 426 432 436 441 443 450 456 462 470 477 484 491 496 501 507 512 519 525 529 534 537 540 544 548 552 556 558 560 562 562 561 560 558 555 553 547 540 538 538 539 540 539 539 539 539 537 536 535 535 534 531 529 526 521 518 511 504 500 496 490 484 480 478 478
477 473 470 467 464 460 456 451 446 438 428 419 411 408 408 410 414 419 422 425 426 425 422 421 418 412 408 412 416 422 427 432 436 441 443 449 455 462 471 478 484 491 496 501 508 513 520 526 531 535 539 542 546 550 554 557 559 561 562 561 559 557 555 553 549 542 537 537 538 540 540 540 540 540 539 537 535 533 534 534 531 528 525 521 518 512 504 499 493 487 482 478 476 476
475 471 468 465 463 459 454 451 445 436 427 417 410 406 405 408 412 418 421 422 422 421 420 420 416 408 407 412 418 423 428 432 436 441 444 450 456 463 471 478 484 491 497 503 509 515 521 527 533 537 541 545 548 552 556 558 559 559 560 559 556 554 552 549 542 537 535 535 537 537 539 539 539 539 537 535 532 532 533 534 532 528 524 520 517 512 505 499 492 486 481 477 474 474
473 470 467 464 462 458 454 451 445 436 426 417 409 404 404 407 411 416 419 420 419 418 419 418 414 407 407 413 419 425 429 432 435 441 445 453 459 466 472 479 485 492 499 505 511 517 523 529 534 539 543 547 551 555 558 558 558 558 557 556 553 550 548 542 536 533 534 534 534 534 536 536 536 535 533 531 528 531 534 535 533 530 526 520 516 512 507 501 493 487 481 476 472 472
472 469 465 463 459 455 453 449 443 435 425 417 409 402 402 406 410 414 416 417 417 417 417 416 412 406 406 414 420 425 429 430 434 442 446 454 460 466 473 480 486 494 500 507 513 519 525 531 536 540 545 549 553 558 559 558 557 556 554 552 548 546 543 537 532 532 533 531 530 531 532 532 532 531 529 526 526 531 534 535 534 532 528 522 517 513 509 502 494 487 480 474 471 471
470 467 464 462 458 454 451 447 441 433 424 415 408 401 401 404 407 411 413 414 414 414 415 413 410 403 406 414 420 423 426 429 435 444 448 454 461 467 474 480 487 495 502 508 514 520 526 532 536 541 546 551 556 559 560 559 557 555 551 548 544 542 538 533 531 530 530 528 527 527 528 528 528 527 525 522 524 529 533 535 535 533 529 524 519 514 510 503 494 486 478 472 468 468
468 466 463 460 457 453 449 445 439 431 422 413 406 400 399 401 404 407 409 409 409 411 413 412 407 401 405 414 419 420 422 428 436 445 448 455 462 468 474 480 487 496 502 509 515 521 527 532 537 542 548 554 558 560 561 560 558 554 549 545 542 540 535 531 530 528 526 525 524 524 524 524 523 520 519 519 523 527 531 534 535 534 530 526 520 514 510 502 492 483 475 470 467 467
467 466 463 459 456 452 448 445 438 431 421 413 406 400 398 400 402 404 405 405 406 408 410 409 404 400 404 414 417 417 420 428 437 446 448 455 462 468 474 480 487 496 503 510 516 522 527 533 538 544 550 555 559 560 562 561 558 554 548 544 541 538 533 530 528 525 523 521 520 520 520 518 516 514 514 516 520 524 528 531 532 532 530 525 519 513 508 499 488 480 472 468 466 466
467 467 464 461 456 451 446 443 438 430 421 414 407 400 397 397 399 400 401 402 403 405 407 406 400 400 405 412 413 413 419 428 437 445 448 455 462 468 474 481 488 496 504 510 517 522 528 533 539 545 551 556 559 560 562 562 558 553 547 543 540 535 532 529 526 522 519 517 517 516 515 513 511 509 510 513 517 520 523 526 528 529 527 522 516 510 504 492 484 476 470 467 466 466
468 468 465 462 458 451 446 441 435 429 421 414 407 400 395 395 397 397 397 398 400 402 403 403 397 400 405 409 408 409 417 426 435 444 447 455 462 468 475 481 488 497 504 510 517 522 527 533 539 546 552 556 558 559 561 562 557 552 546 543 538 534 532 529 526 523 519 516 514 512 511 509 507 505 506 510 513 516 519 521 523 524 522 517 510 505 497 488 480 474 468 466 466 466
