geo_cache/8-0/elevation.txt
ncols         949
nrows         918
xllcorner     -70.34444444444445
yllcorner     41.76
cellsize      1.0E-5
NODATA_value  -9999
[rows 0 to 82 of 918, columns 768 to 863 of 949]
18 17 15 14 13 12 8 8 11 10 6 1 1 2 3 5 7 7 9 9 12 17 24 26 26 27 31 32 33 33 30 30 30 26 18 13 14 22 20 25 28 22 24 23 22 23 23 17 8 12 24 31 36 36 38 37 37 39 39 37 37 40 42 42 42 40 37 30 27 21 19 20 18 22 27 30 38 43 44 44 44 42 42 40 32 27 24 22 19 16 15 9 3 4 9 12
16 16 15 12 10 10 8 5 5 5 2 2 2 4 6 6 5 8 11 12 15 19 23 27 29 31 33 35 36 36 31 27 29 31 23 15 15 24 26 29 33 28 24 23 21 24 24 21 13 15 25 29 31 34 36 38 38 36 37 37 35 39 41 41 40 38 34 28 25 20 20 24 19 19 26 31 37 38 37 38 38 40 41 39 31 23 18 14 12 13 12 8 4 6 10 13
14 15 14 12 10 9 7 5 4 2 2 2 2 7 8 8 8 11 13 15 20 23 24 25 26 28 33 35 36 36 31 25 26 31 27 19 16 26 31 33 34 31 27 26 24 23 23 22 18 22 26 26 28 29 32 34 35 35 36 35 35 38 40 39 38 36 33 28 25 21 24 27 24 20 24 30 36 37 33 30 32 38 41 38 30 22 15 10 8 8 8 6 6 8 12 15
11 12 13 11 9 8 6 4 4 2 2 2 5 9 10 11 12 12 13 16 22 29 31 31 27 28 33 36 36 36 32 25 24 30 28 22 20 28 32 32 33 33 30 27 23 22 22 22 21 23 25 27 28 28 28 29 30 33 33 35 36 36 38 39 38 36 33 29 27 24 27 30 28 24 25 30 36 35 32 29 33 38 40 34 27 21 14 9 7 6 4 3 7 10 14 17
11 12 13 10 4 5 3 1 3 3 3 4 5 8 9 10 11 12 14 17 22 28 31 32 31 32 33 35 35 35 34 29 27 29 27 23 26 28 25 24 26 31 30 28 23 21 20 18 20 23 27 31 33 33 33 32 32 33 34 36 37 37 39 40 40 40 38 34 31 27 29 32 32 31 32 35 36 33 30 31 34 40 39 32 24 19 11 5 2 2 2 2 8 10 14 17
11 12 12 9 3 2 1 1 1 1 3 4 4 6 6 8 9 12 14 17 21 23 27 31 33 33 35 35 34 34 35 34 32 29 24 22 27 23 16 15 18 24 30 29 22 19 17 16 22 28 33 36 40 41 40 36 36 37 36 38 40 42 42 42 42 42 40 37 35 31 32 35 35 34 34 35 34 31 29 31 34 40 38 32 24 18 9 3 1 2 2 4 8 9 12 15
8 8 8 7 3 1 1 1 1 1 1 2 3 3 4 6 7 9 11 15 18 19 23 29 31 33 34 35 32 32 35 35 30 25 21 22 25 18 9 6 11 17 24 26 20 14 13 17 24 28 33 36 40 42 40 34 37 38 38 39 40 42 43 43 42 42 40 38 37 34 34 36 35 34 29 27 26 27 28 30 33 37 37 32 25 18 10 3 2 3 5 8 8 7 9 11
5 5 4 2 1 1 1 1 1 1 1 2 2 3 3 5 6 8 9 12 15 18 21 24 29 32 32 32 31 30 34 32 24 21 21 23 23 16 8 2 4 13 18 19 16 10 10 17 23 27 30 33 37 41 41 39 38 37 37 38 39 41 43 43 42 42 41 39 38 34 35 36 35 33 26 20 21 22 25 28 30 34 37 32 26 18 13 8 7 7 6 9 8 6 6 6
3 2 1 1 1 3 6 6 3 1 1 2 2 3 4 4 5 6 7 9 12 15 18 21 24 27 27 30 30 28 29 26 20 18 21 22 19 14 8 2 1 5 10 12 12 9 11 15 19 22 26 31 35 41 41 39 36 33 31 34 38 41 43 43 42 42 41 39 39 36 36 36 35 33 27 21 21 23 24 28 29 34 37 34 27 19 13 8 9 7 5 6 6 5 4 3
1 1 1 1 5 10 12 13 11 7 5 5 5 5 5 5 5 5 5 7 9 10 13 18 19 20 21 24 25 23 22 19 14 15 19 17 14 9 5 2 1 2 3 5 10 14 12 11 16 21 28 33 38 41 40 38 34 29 27 32 36 40 43 43 42 42 42 40 40 38 38 37 36 34 32 28 25 25 25 28 28 33 37 33 26 18 11 6 5 4 3 4 7 6 4 2
1 1 1 5 9 15 17 21 20 16 13 12 11 10 9 9 7 5 5 6 8 8 9 11 15 16 17 19 21 19 15 14 12 12 14 12 13 11 7 6 3 3 2 4 9 15 14 11 18 26 32 36 39 40 38 36 33 30 31 35 38 40 43 43 43 43 42 40 39 39 38 38 38 35 35 31 28 28 27 30 28 32 36 32 26 18 10 6 5 3 3 3 8 10 7 2
1 2 2 7 11 17 23 29 31 26 21 19 18 16 14 12 11 6 5 5 7 7 8 9 9 12 14 15 18 18 14 14 15 12 12 10 10 12 10 9 8 7 6 7 10 14 16 18 22 28 33 36 38 39 37 35 31 32 35 38 38 41 42 42 43 43 42 39 38 38 36 36 36 32 36 32 30 30 30 32 31 32 35 30 26 19 12 7 5 3 3 2 8 10 7 3
1 2 3 7 13 17 22 28 32 30 28 26 24 23 22 20 16 14 12 9 7 7 8 9 9 9 10 11 13 14 13 15 13 12 12 10 10 11 11 12 13 15 16 17 19 19 19 19 22 26 31 35 36 36 35 32 30 33 36 38 38 41 41 42 43 43 41 39 37 36 34 34 28 28 35 31 29 29 30 33 35 33 33 29 26 23 17 12 5 4 3 2 3 4 7 3
1 2 4 6 11 15 19 21 24 27 30 32 32 31 29 26 24 23 22 19 14 9 9 9 9 9 10 10 11 11 11 13 11 11 11 10 11 14 15 15 15 17 20 21 26 27 25 23 21 23 26 29 31 31 31 32 33 37 39 39 39 41 38 40 42 42 40 37 36 33 32 33 23 24 31 28 25 29 29 29 34 33 33 28 27 25 19 13 5 5 2 2 2 3 7 3
2 4 6 6 8 10 14 16 20 25 30 33 33 35 34 32 31 30 30 28 22 16 12 13 12 10 10 10 11 11 11 11 11 12 12 9 10 18 21 16 10 11 14 17 25 30 26 26 28 26 26 27 27 28 31 34 36 39 40 39 38 38 36 36 41 41 39 36 34 29 29 30 22 20 23 23 22 24 28 27 30 32 32 34 33 26 17 12 6 6 6 3 2 3 6 2
3 7 10 6 9 11 14 16 19 21 23 26 28 30 33 33 33 33 33 33 30 24 18 19 19 14 12 11 12 12 12 12 13 14 12 6 7 17 22 16 8 8 10 14 23 29 25 25 31 34 33 32 29 29 32 33 34 38 40 40 37 35 36 38 40 40 39 36 35 29 26 27 23 19 20 22 23 25 30 28 30 29 32 37 33 22 13 11 7 8 10 5 1 2 2 1
6 10 14 10 11 15 22 23 22 22 24 27 29 30 31 32 33 33 33 34 35 31 23 25 26 19 16 15 17 19 15 13 14 15 13 11 12 13 17 17 9 9 14 17 24 30 28 25 31 36 39 37 33 34 33 33 34 37 39 40 36 33 36 39 40 40 39 36 34 29 24 26 26 22 20 23 26 30 33 30 32 31 34 38 31 19 9 11 11 13 12 5 1 1 1 1
11 14 18 18 17 20 28 27 29 31 32 34 35 34 34 33 33 34 34 35 36 35 29 30 34 27 24 25 26 28 21 15 16 16 17 17 14 9 13 18 12 11 17 21 26 30 32 27 31 36 39 39 33 37 36 34 33 35 37 38 34 35 40 41 40 40 39 35 33 28 23 28 29 24 22 25 31 30 25 29 32 34 38 38 28 15 8 13 16 16 11 6 2 2 1 1
17 17 19 21 17 21 31 34 36 36 35 36 37 37 36 35 36 37 37 37 37 36 35 34 36 33 31 33 33 34 26 19 17 19 19 18 18 16 19 23 18 15 16 19 25 29 33 33 32 34 39 39 36 39 38 36 34 35 38 37 32 35 39 40 40 40 38 34 31 26 22 27 27 22 22 26 31 27 23 28 30 33 36 34 24 15 11 14 15 13 11 8 4 3 2 1
21 21 19 21 19 24 32 36 37 36 36 37 38 39 39 39 39 39 39 39 38 37 37 36 36 36 35 36 36 36 29 24 20 20 23 21 21 23 27 29 21 15 13 14 21 28 34 36 34 32 37 39 39 40 39 37 36 36 38 35 31 32 38 39 40 40 37 33 31 25 20 26 25 19 18 22 27 27 26 28 27 26 29 28 20 16 14 14 13 11 10 8 7 6 4 2
25 28 23 23 27 32 35 36 37 36 36 36 37 38 38 39 39 39 39 39 38 37 37 36 36 35 35 36 36 36 32 27 22 20 21 21 23 23 26 29 22 15 13 14 19 27 34 37 34 30 36 38 39 40 39 38 37 36 38 36 33 33 37 38 39 39 36 32 30 24 19 25 26 21 18 21 25 28 29 27 26 22 23 22 18 15 14 14 10 5 5 7 8 7 4 2
26 30 26 26 31 34 29 31 36 36 36 36 36 37 38 38 38 38 38 38 38 37 37 36 35 33 33 35 36 36 34 31 25 21 19 14 25 25 24 27 25 19 15 14 19 26 34 37 35 31 35 37 38 38 39 39 37 35 37 38 38 36 36 36 38 38 35 32 30 23 15 22 26 26 23 23 26 25 23 22 21 17 17 18 15 13 11 12 7 5 7 10 9 7 3 1
23 27 27 29 34 34 27 28 35 36 36 36 36 36 36 37 36 36 36 37 38 37 37 35 34 33 33 34 36 36 35 33 29 25 19 13 22 31 27 26 26 22 17 16 19 26 32 37 37 33 35 36 34 35 37 39 38 34 32 32 32 34 33 33 35 35 35 33 31 25 17 19 23 25 25 25 26 17 14 14 13 14 17 19 16 12 11 8 5 6 8 11 9 6 2 1
20 25 25 28 34 32 25 26 34 35 35 35 35 35 36 36 36 36 36 36 37 37 37 35 34 33 33 33 36 36 36 36 32 28 21 13 18 31 32 27 27 25 18 16 19 25 31 36 37 34 35 34 30 31 35 38 38 35 31 27 28 33 32 30 32 33 35 35 35 31 23 17 14 17 21 25 20 12 11 11 12 16 20 20 18 16 12 5 5 6 7 6 5 4 1 1
17 25 23 27 32 27 21 25 31 34 35 33 33 34 35 36 36 36 36 36 37 37 37 36 36 33 32 32 35 36 37 37 35 28 21 14 15 26 32 31 28 27 20 16 18 23 28 35 37 37 35 33 29 29 32 38 38 35 31 25 29 33 32 30 32 33 34 34 34 33 29 21 13 12 17 18 13 10 10 13 17 20 24 23 20 18 12 5 4 4 3 1 1 1 1 1
15 24 24 27 31 24 19 24 27 31 34 32 33 35 35 36 37 37 36 36 37 36 36 36 35 33 31 32 33 35 37 36 34 27 21 16 15 23 27 30 29 28 23 20 19 23 28 34 35 36 36 34 29 29 32 37 37 34 31 29 29 32 32 31 32 32 32 32 32 32 28 22 15 12 14 12 11 10 11 18 22 23 25 23 20 17 11 5 3 2 2 1 1 1 1 1
11 18 24 25 24 22 21 23 24 30 34 32 32 35 36 36 37 37 37 37 37 36 36 35 34 32 30 29 30 32 35 35 34 28 22 21 19 22 19 25 29 29 27 24 22 23 26 30 32 35 36 34 31 30 33 35 35 34 33 28 26 29 32 32 32 32 30 30 30 28 23 18 16 16 15 11 10 10 13 20 23 22 21 23 20 16 10 5 2 2 2 1 1 1 1 1
10 13 20 20 17 17 21 24 27 31 34 33 33 35 36 36 36 36 36 36 36 36 35 34 31 29 27 28 29 30 33 34 34 29 25 23 24 23 18 19 27 29 28 27 25 24 27 26 29 32 34 33 31 32 34 34 33 33 32 26 25 29 33 33 32 31 29 27 26 21 16 15 18 19 16 11 10 10 13 19 21 18 20 21 19 16 10 4 2 2 2 2 2 2 2 2
8 9 14 18 17 18 22 27 29 31 31 35 36 36 35 35 36 36 35 35 35 34 32 29 27 27 27 29 29 31 32 33 33 31 28 25 26 25 23 21 24 28 28 27 27 27 29 26 28 30 32 31 30 33 33 32 31 31 30 23 25 31 35 36 33 31 26 21 18 14 12 15 21 20 17 13 9 9 12 17 19 15 17 19 17 15 9 4 2 2 2 2 2 2 2 2
5 4 10 16 21 24 28 32 32 32 32 35 35 35 34 34 35 35 35 34 31 30 27 23 25 28 31 31 32 32 32 30 32 33 32 29 28 28 27 25 23 26 27 27 27 29 31 31 30 30 29 28 30 33 32 29 27 31 26 21 26 32 36 36 32 30 22 14 11 8 10 17 21 20 17 12 9 8 11 15 17 14 14 16 13 13 9 4 2 2 2 2 2 2 2 2
3 4 10 17 24 29 32 33 33 34 34 34 34 34 33 33 33 32 32 30 29 25 22 23 27 31 33 34 34 34 32 29 32 34 33 32 31 31 27 26 25 25 25 25 26 29 32 32 32 30 27 26 29 33 30 26 24 27 23 21 27 32 35 34 31 28 19 11 8 7 11 17 19 20 15 11 8 6 9 15 17 13 11 12 10 10 8 4 2 2 2 2 2 2 2 3
3 4 10 17 25 30 31 32 33 34 34 34 33 34 32 30 29 28 27 26 24 20 21 25 31 34 36 36 35 35 33 30 34 34 34 33 33 31 27 26 25 24 22 24 26 29 32 32 31 28 24 24 29 31 28 24 21 21 21 23 29 30 33 31 27 23 15 7 6 7 12 17 17 17 13 9 4 4 8 14 16 11 8 8 6 5 5 3 2 2 2 2 2 2 2 3
3 4 9 16 25 29 30 31 32 33 33 33 32 33 30 27 25 22 21 20 18 20 25 31 35 37 36 35 35 35 34 34 35 34 33 33 33 30 26 25 23 18 21 24 27 29 31 30 29 24 20 25 30 30 26 21 18 17 22 28 27 24 30 28 20 15 9 5 4 7 11 17 16 15 11 6 3 3 7 12 11 7 4 3 3 3 3 3 3 3 3 3 3 3 3 3
3 4 8 16 25 28 29 29 30 30 30 30 29 28 27 24 22 18 15 15 17 25 32 36 37 37 36 34 34 34 35 35 35 34 32 32 31 26 22 24 20 16 22 25 28 28 29 27 24 18 18 26 30 27 22 18 15 16 26 28 19 21 26 21 14 9 7 4 3 8 11 16 16 12 6 3 3 3 3 3 3 3 3 3 3 3 3 3 3 3 3 3 3 3 3 3
3 4 7 16 24 27 27 26 26 27 27 25 25 23 20 18 15 13 13 15 23 32 36 37 37 36 34 31 31 33 35 35 36 33 30 28 25 20 20 24 21 20 26 28 29 26 27 24 17 14 19 27 29 24 17 14 15 21 26 19 14 15 15 12 9 7 7 7 8 10 11 16 13 6 3 3 3 3 3 3 3 3 3 3 3 3 3 3 3 3 3 3 3 3 3 3
4 6 8 14 19 21 23 22 22 24 24 21 18 16 14 12 12 13 13 19 29 35 36 37 36 35 32 28 30 33 35 35 35 32 29 25 19 16 20 24 24 27 33 35 33 22 22 17 14 16 24 27 27 18 12 12 17 22 19 12 10 9 7 4 6 7 11 12 12 11 11 14 12 5 3 3 3 3 3 3 3 3 3 3 3 3 3 3 3 3 3 3 3 3 3 3
5 7 9 11 13 13 14 16 18 23 19 14 11 10 9 10 12 15 18 23 28 30 32 34 33 30 27 27 29 33 35 34 33 28 26 20 15 16 22 25 30 31 33 34 31 22 19 16 17 24 26 25 20 13 12 14 18 19 12 6 5 4 3 3 7 11 17 16 13 10 10 9 7 3 3 3 3 3 3 3 3 3 3 3 3 3 3 3 3 3 3 3 3 3 3 3
3 4 5 7 9 11 10 11 15 18 16 10 7 7 8 11 14 19 21 24 24 24 27 30 28 23 25 29 30 33 33 32 30 25 20 16 14 19 23 29 31 31 31 31 27 21 18 17 22 25 23 19 15 11 12 15 16 13 8 5 3 3 3 6 11 14 17 15 11 10 10 7 3 3 3 3 3 3 3 3 3 3 3 3 3 3 3 3 3 3 3 3 3 3 3 3
3 3 3 3 3 5 7 9 10 13 12 7 7 7 8 11 14 18 20 21 19 22 26 24 20 22 30 33 31 30 29 27 24 19 14 12 15 21 25 29 30 29 28 27 23 18 18 20 21 20 17 14 11 11 14 17 15 10 7 4 3 3 5 10 15 14 16 16 13 11 10 8 3 3 3 3 3 3 3 3 3 3 3 3 3 3 3 3 3 3 3 3 3 4 4 4
3 3 3 3 3 3 4 7 9 9 8 5 6 8 8 10 12 13 13 13 14 19 19 17 17 22 31 32 29 27 24 21 17 12 10 12 18 21 24 25 26 27 25 23 18 14 17 20 17 14 13 10 9 12 16 17 13 9 6 3 3 4 9 14 16 12 12 16 14 11 10 8 3 3 3 3 3 3 3 3 3 3 3 3 3 3 3 3 3 3 3 3 3 3 4 4
4 3 3 3 3 3 3 4 7 5 3 4 7 8 6 7 10 11 11 11 11 12 12 12 15 20 24 24 23 21 18 15 11 8 10 16 19 19 19 20 21 21 19 18 14 13 15 19 14 10 8 6 9 13 16 15 12 7 3 3 5 8 10 14 16 14 12 12 12 10 8 5 3 3 3 3 3 3 3 3 3 3 3 3 3 3 3 3 3 3 3 3 3 3 3 3
6 3 3 3 3 3 3 3 4 3 3 7 10 9 5 4 7 8 7 6 7 10 10 11 11 15 16 17 18 17 15 11 8 8 15 17 18 16 15 15 16 16 14 13 10 13 14 14 10 7 4 3 9 14 16 14 10 4 3 3 9 11 12 15 17 15 12 7 6 5 5 3 3 3 3 3 3 3 3 3 3 3 3 3 3 3 3 3 3 3 3 3 3 3 4 3
3 3 3 3 3 3 3 3 3 3 8 12 14 13 7 4 6 8 6 3 3 6 8 10 10 10 11 13 15 14 10 7 5 8 15 15 14 12 13 13 13 12 10 8 10 13 12 10 7 5 4 6 13 15 15 10 6 3 3 4 9 12 14 16 17 14 11 5 3 3 3 3 3 3 3 3 3 3 3 3 3 3 3 3 3 3 3 3 3 3 3 3 3 3 4 5
3 3 3 3 3 3 3 3 3 5 11 15 15 13 10 7 6 8 6 3 3 6 6 9 8 8 9 10 10 10 6 4 4 8 10 10 8 10 13 13 10 9 8 8 12 11 10 6 4 3 7 11 15 15 14 6 3 3 3 5 9 12 14 15 16 10 7 3 3 3 3 3 3 3 3 3 3 3 3 3 3 3 3 3 3 3 3 3 3 3 3 3 3 3 3 3
3 3 3 3 3 3 3 3 3 6 12 15 15 14 10 7 5 8 6 3 3 6 6 8 7 7 8 9 9 8 5 3 4 7 9 8 7 10 13 12 10 9 8 8 12 10 9 5 3 3 7 11 14 14 13 5 3 3 3 5 8 12 13 15 15 9 5 3 3 3 3 3 3 3 3 3 3 3 3 3 3 3 3 3 3 3 4 3 3 3 3 3 3 3 3 3
3 3 3 3 3 3 3 3 3 6 12 15 14 14 11 7 4 5 4 4 3 6 6 4 4 6 7 7 6 5 3 3 3 4 5 5 7 11 13 10 8 8 9 9 9 8 8 4 3 4 8 10 12 12 9 3 3 3 3 4 8 12 10 11 9 3 3 3 3 3 3 3 3 3 3 3 3 3 3 3 3 3 3 3 5 6 5 4 3 3 3 3 3 3 3 3
3 3 3 3 3 3 3 3 3 3 9 11 13 14 11 4 3 3 3 3 3 4 4 3 3 6 6 4 3 3 3 3 3 3 3 5 7 9 10 7 5 8 8 8 7 6 8 4 3 5 8 10 12 11 8 3 3 3 3 3 5 6 3 3 3 3 3 3 3 3 3 3 3 3 3 3 3 3 3 3 3 3 4 6 9 9 6 3 3 3 3 3 3 4 5 6
3 3 3 3 3 3 3 3 3 3 3 4 6 6 3 3 3 3 3 3 3 3 3 3 3 7 6 3 3 3 3 3 3 3 3 5 7 7 6 4 5 8 7 6 4 3 8 5 4 5 8 10 11 9 5 3 3 3 3 3 3 3 3 3 3 3 3 3 3 3 3 3 3 3 3 3 3 3 3 3 3 3 4 8 11 12 8 5 3 3 3 3 3 4 6 6
3 3 3 3 3 3 3 3 3 3 3 3 3 3 3 3 3 3 3 3 3 3 3 3 3 3 3 3 3 3 3 3 3 3 3 3 6 6 4 3 4 5 4 4 3 3 5 5 4 5 6 5 4 4 3 3 3 3 3 3 3 3 3 3 3 3 3 3 3 3 3 3 3 3 3 3 3 3 3 3 3 3 5 8 12 14 13 11 7 4 3 3 5 6 7 6
3 3 3 3 3 3 3 3 3 3 3 3 3 3 3 3 3 3 3 3 3 3 3 3 3 3 3 3 3 3 3 3 3 3 3 3 3 3 3 3 3 3 3 3 3 5 6 5 4 3 3 3 3 3 3 3 3 3 3 3 3 3 3 3 3 3 3 3 3 3 3 3 3 3 3 3 3 3 3 3 3 3 6 8 13 17 17 15 13 11 7 6 6 6 6 4
3 3 3 3 3 3 3 3 3 3 3 3 3 3 3 3 3 3 3 3 3 3 3 3 3 3 3 3 3 3 3 3 3 3 3 3 3 3 3 3 3 3 3 3 3 4 6 5 5 3 3 3 3 3 3 3 3 3 3 3 3 3 3 3 3 3 3 3 3 3 3 3 4 3 3 3 3 3 3 3 3 4 6 7 12 17 20 20 16 13 10 7 5 3 3 3
3 3 3 3 3 3 3 3 3 3 3 3 3 3 3 3 3 3 3 3 3 3 3 3 3 3 3 3 3 3 3 3 3 3 3 3 3 3 3 3 3 3 3 3 3 3 6 5 5 3 3 3 3 3 3 3 3 3 3 3 3 3 3 3 3 3 3 3 3 3 4 6 5 3 3 3 3 3 3 4 4 5 6 7 10 14 18 20 18 13 9 5 3 3 3 3
3 3 3 3 3 3 3 3 3 3 3 3 3 3 3 3 3 3 3 3 3 3 3 3 3 3 3 3 3 3 3 3 3 3 3 3 3 3 3 3 3 3 3 3 3 3 4 5 4 3 3 3 3 3 3 3 3 3 3 3 3 3 3 3 3 3 3 3 3 3 5 8 6 3 3 3 3 3 3 3 3 5 5 7 9 13 17 21 19 13 6 3 3 3 3 3
3 3 3 5 8 9 7 3 3 3 3 4 3 3 3 3 4 3 3 3 3 3 3 3 3 3 3 3 3 3 3 3 3 3 3 3 3 3 3 3 3 3 3 3 3 3 3 4 4 3 3 3 3 3 3 3 3 3 3 3 3 3 3 3 3 3 3 3 3 5 8 8 6 3 3 3 3 3 3 3 3 5 5 5 7 14 19 23 21 14 8 7 6 5 3 3
3 3 3 12 15 15 12 7 4 6 6 9 8 8 7 10 8 3 3 3 3 3 3 4 3 3 3 3 3 3 3 3 3 3 3 3 3 3 3 3 3 3 3 3 3 3 4 3 4 3 3 3 3 3 3 3 3 3 3 3 4 4 5 6 4 3 3 3 3 7 10 9 4 3 3 3 3 3 3 3 4 5 5 6 9 16 21 24 23 19 15 13 11 8 4 4
3 3 4 13 15 15 12 9 9 13 14 14 12 14 12 14 10 3 3 3 6 9 11 12 11 8 4 3 3 3 3 3 3 3 3 3 3 3 3 3 8 11 10 9 7 5 8 9 9 9 9 7 8 4 3 3 3 3 6 9 12 12 10 8 5 3 3 4 6 9 14 12 4 3 3 3 3 5 6 4 5 5 5 7 12 16 21 24 25 23 20 17 13 10 7 6
3 3 6 13 15 15 15 14 14 14 14 14 14 15 15 14 9 3 3 7 14 15 16 15 13 9 6 3 3 3 3 3 3 3 3 3 3 3 6 11 17 17 13 11 11 11 12 13 16 18 17 14 15 6 3 3 3 7 11 12 13 14 14 11 10 4 4 6 6 11 15 12 3 3 3 3 4 11 11 7 7 5 5 7 13 16 20 24 25 24 22 18 13 10 10 9
3 3 9 12 15 15 15 13 13 13 14 14 13 15 15 13 8 4 3 9 14 15 15 15 13 10 7 3 5 7 7 5 3 3 3 3 3 5 9 13 16 13 12 11 11 12 12 13 16 18 18 18 17 7 3 3 7 10 12 14 14 14 15 14 12 5 3 4 5 11 16 13 4 3 3 3 7 13 16 15 13 9 6 7 12 16 19 22 24 23 22 17 13 11 11 11
3 5 9 13 14 14 14 12 11 12 13 13 10 14 13 11 7 4 4 9 13 14 15 15 13 10 7 4 7 10 12 12 11 4 3 3 3 5 10 14 14 12 11 9 10 12 12 13 15 18 18 18 16 7 3 4 9 11 13 14 14 12 15 15 11 5 3 3 5 12 18 14 6 3 3 3 7 13 23 25 21 13 7 7 11 14 18 20 23 23 22 18 13 12 12 12
6 4 7 13 13 13 14 12 9 11 12 12 10 11 12 11 8 5 5 9 11 13 14 14 12 10 7 5 7 8 12 13 12 7 3 3 3 4 10 14 13 12 8 7 9 12 12 13 15 18 18 18 15 7 4 8 8 11 12 14 15 14 16 15 11 6 7 8 7 14 20 17 10 6 3 3 7 14 26 31 26 16 8 7 10 13 17 20 23 23 23 19 14 12 12 12
7 3 5 10 11 10 12 11 8 9 9 10 11 12 12 11 9 7 6 8 10 11 14 13 11 9 7 5 7 9 13 13 12 10 8 4 3 5 9 11 12 12 8 5 5 13 14 15 15 17 18 18 14 7 7 10 12 12 12 14 16 17 18 16 13 8 11 12 12 17 23 22 16 11 6 3 7 15 25 31 27 18 9 7 8 12 16 20 22 21 21 19 16 14 15 14
8 4 4 6 7 8 10 10 9 9 10 11 12 13 12 11 9 7 5 7 9 10 13 13 11 10 8 6 6 9 13 13 12 11 10 8 6 6 8 9 11 11 7 4 3 13 17 17 15 18 19 19 16 8 9 12 15 15 13 14 18 19 19 19 15 10 14 16 17 22 26 27 22 15 9 7 8 16 23 24 24 19 10 7 7 10 14 19 18 15 18 19 20 19 18 15
7 5 4 4 6 7 6 7 9 11 14 15 15 13 10 10 9 8 7 8 8 9 13 14 13 13 12 8 6 9 14 14 15 13 11 8 6 5 8 9 10 10 4 3 3 12 17 18 15 19 20 20 17 12 13 16 18 16 15 14 19 22 25 22 18 11 16 20 22 27 31 33 25 17 11 8 11 16 18 17 21 20 13 9 7 8 11 16 16 14 15 18 21 22 22 19
3 3 3 3 4 4 6 8 11 15 15 15 15 14 10 10 10 10 11 10 8 8 13 15 15 14 13 9 7 9 14 15 17 14 11 8 5 4 7 8 8 4 3 3 3 10 17 19 18 20 21 21 18 15 16 20 20 18 16 16 21 27 32 28 20 13 18 22 23 27 29 29 24 16 10 8 11 15 14 12 20 24 20 15 11 8 10 13 16 14 14 17 20 22 22 20
3 3 3 3 3 5 8 10 12 14 14 14 14 14 12 9 10 10 11 10 8 9 13 15 15 15 13 11 11 10 15 17 17 14 11 7 4 4 5 8 9 3 3 3 3 7 15 20 21 21 22 23 21 17 17 20 22 21 20 20 23 28 34 31 22 17 19 21 23 23 23 22 18 14 9 8 12 15 11 12 24 29 28 23 18 12 11 11 13 14 14 17 20 20 19 16
3 3 3 3 3 6 8 9 11 12 13 14 14 15 14 9 10 11 11 10 8 8 11 14 16 16 14 14 14 13 16 17 18 13 11 8 4 5 5 7 9 8 7 6 4 6 13 20 23 23 24 24 24 20 18 19 23 22 21 20 22 28 34 32 23 19 21 20 19 17 16 15 14 12 8 7 12 16 14 20 31 36 34 30 24 19 15 11 12 14 13 16 18 17 16 15
3 3 3 3 3 5 7 9 11 13 14 14 14 15 15 11 10 13 13 12 9 6 8 13 17 17 16 16 15 15 16 18 18 14 12 11 8 6 5 6 10 12 11 10 8 6 11 19 24 24 24 26 25 23 18 19 23 22 21 20 21 26 31 32 25 22 22 20 19 14 11 11 11 8 4 6 12 20 22 27 34 38 38 35 29 23 16 11 11 12 12 13 13 13 12 12
3 3 3 3 3 5 8 10 12 14 14 15 15 15 15 11 11 14 14 15 12 10 12 16 19 18 19 18 17 15 16 19 21 20 18 20 15 9 5 6 10 14 13 11 9 6 9 18 24 25 27 27 26 26 21 20 20 21 21 20 20 25 30 32 30 25 23 21 19 13 10 9 7 3 3 5 11 21 27 31 35 38 38 37 31 24 18 14 12 12 12 11 10 9 7 7
3 3 3 3 3 6 9 10 12 14 14 15 15 16 15 11 13 15 15 15 18 18 19 20 20 18 21 22 22 18 20 22 25 24 23 28 24 14 10 7 10 14 14 11 8 6 9 18 25 27 30 28 26 27 23 20 20 21 21 20 20 24 27 30 32 30 25 22 20 15 9 8 6 3 3 6 11 20 27 32 35 34 38 36 31 26 23 20 15 12 12 11 9 8 7 5
3 3 3 3 4 7 11 11 13 15 15 15 16 18 17 16 17 18 17 16 22 24 25 24 22 21 25 27 25 23 25 26 29 26 26 31 30 22 16 11 11 14 14 12 8 8 13 22 25 26 29 28 27 27 24 21 20 21 21 22 22 25 27 30 32 32 28 22 21 15 9 9 8 3 4 9 12 19 26 31 31 31 35 35 29 25 24 22 16 12 14 15 11 10 9 7
3 3 3 6 10 10 12 16 17 17 18 19 18 21 23 22 22 20 20 20 24 29 30 26 24 26 29 31 28 26 28 28 29 26 26 32 32 28 21 16 14 15 14 13 8 9 15 21 22 25 26 27 26 26 26 23 24 24 24 25 26 27 30 31 32 32 28 22 20 14 9 11 12 7 6 12 13 17 26 29 26 29 34 35 28 21 20 22 17 17 21 21 13 12 11 11
5 7 8 12 15 15 15 18 19 21 24 24 20 24 24 24 23 22 22 23 26 29 30 28 26 30 32 32 28 28 29 28 27 26 27 31 31 28 25 22 20 17 15 14 12 11 15 20 21 22 25 25 26 26 28 28 26 25 25 27 27 27 29 33 35 32 27 22 20 14 8 10 13 12 12 15 16 18 27 30 26 29 34 37 32 28 25 23 20 20 27 27 18 14 13 15
9 11 11 15 18 18 18 19 22 26 26 24 22 24 24 24 21 21 22 23 24 28 29 29 27 31 32 30 28 27 28 29 27 30 31 31 30 26 25 25 25 19 16 15 15 12 15 21 21 21 22 23 25 26 27 29 28 25 26 28 28 25 26 31 35 36 29 22 19 12 8 9 13 15 18 18 19 23 30 32 29 31 34 37 37 34 32 29 25 26 30 28 20 16 14 16
13 15 15 18 19 20 20 20 22 25 26 25 25 26 26 24 21 21 21 23 26 28 29 30 30 30 30 30 29 27 27 29 29 31 31 31 29 24 22 25 24 20 17 16 15 12 13 17 18 19 20 20 24 26 26 27 27 25 26 28 28 22 24 28 35 36 31 22 19 11 7 8 12 18 22 21 22 25 31 34 32 32 32 35 39 39 36 33 31 32 31 26 20 18 17 17
16 20 21 22 23 23 22 20 20 22 24 24 25 27 25 22 21 21 21 22 25 28 29 31 31 30 29 30 30 28 26 28 31 31 31 30 28 27 21 22 24 21 18 17 16 13 10 11 14 17 19 19 23 24 25 24 26 27 27 29 28 24 26 29 36 36 32 23 19 11 5 6 11 18 24 25 25 25 29 32 30 30 30 35 39 40 39 36 36 36 31 24 20 19 20 19
18 20 22 23 24 24 23 21 17 19 20 21 23 24 20 18 20 20 21 21 24 27 29 31 32 29 27 31 30 27 25 28 31 33 32 30 28 27 21 21 27 24 22 20 17 16 13 10 13 17 20 19 21 24 23 22 25 27 28 29 27 27 27 29 35 36 32 24 19 11 4 4 11 18 25 28 29 26 25 29 29 29 30 35 38 40 40 39 36 34 30 25 21 22 21 21
21 20 22 24 25 24 23 20 16 15 15 18 18 20 19 17 18 19 20 19 23 26 29 30 32 30 30 32 30 26 23 27 31 33 32 30 28 26 22 22 28 28 24 22 21 18 16 11 15 20 25 23 21 25 23 23 25 26 26 26 24 25 27 28 31 35 30 24 21 12 4 4 11 19 28 32 34 32 30 30 29 25 26 31 35 39 40 38 35 32 28 25 24 23 22 23
23 22 23 24 26 25 21 16 14 11 10 14 18 17 14 14 14 14 16 18 20 25 29 30 31 30 30 31 29 26 23 24 27 28 28 27 26 25 25 24 26 28 25 24 22 19 16 14 18 26 30 27 24 29 24 24 24 25 26 26 25 25 27 27 29 31 28 23 22 14 7 6 12 21 30 35 37 36 34 32 27 19 20 27 33 39 40 37 31 27 25 25 25 23 23 23
24 23 23 25 26 26 19 15 14 9 8 14 19 16 14 14 14 13 16 18 19 24 28 29 29 29 29 30 29 25 22 23 25 26 25 25 25 25 25 25 25 27 25 24 21 19 16 15 20 28 31 28 25 29 24 24 24 24 27 27 26 26 27 27 28 29 27 23 21 14 8 7 13 21 30 36 37 37 36 33 27 18 19 27 33 40 40 37 31 25 24 24 24 23 23 23
25 23 24 26 27 26 18 14 11 6 4 13 19 16 14 15 14 14 16 16 17 22 27 27 27 26 27 28 27 24 20 20 22 22 21 20 21 22 24 25 25 24 23 22 20 16 15 16 23 30 31 30 27 27 25 24 24 23 27 27 26 26 26 25 27 27 24 21 19 14 8 8 12 21 30 36 35 34 35 33 29 22 23 29 35 40 39 36 31 26 24 24 23 23 22 23
25 23 24 26 27 25 18 14 11 5 3 10 17 19 18 15 14 14 16 15 16 20 25 26 26 24 27 29 27 24 21 17 18 18 18 16 17 19 21 23 25 24 20 19 18 13 14 16 23 28 29 29 28 26 25 24 23 22 26 26 26 26 25 25 26 26 22 18 16 11 7 7 11 19 29 33 31 31 33 33 30 27 29 33 38 40 38 35 30 27 26 25 23 22 22 23
23 22 22 26 27 23 19 15 11 6 3 6 12 14 14 14 12 13 15 15 16 19 23 25 25 24 28 29 27 24 23 17 15 17 17 14 13 15 17 20 24 25 21 19 18 14 14 15 19 25 27 27 27 24 25 24 21 21 21 22 23 27 28 28 26 21 16 13 11 7 4 5 8 15 23 29 27 29 31 29 28 28 31 36 37 38 36 32 29 29 29 27 24 22 23 23
18 19 21 23 23 21 19 17 11 7 3 5 10 9 9 11 11 14 16 16 16 17 20 23 26 27 28 29 27 24 24 16 12 16 18 13 9 12 16 19 20 22 21 19 17 14 15 13 14 19 24 24 22 21 23 21 20 20 20 22 25 27 29 27 21 15 11 8 8 5 3 3 5 10 18 24 24 27 28 26 24 25 29 33 34 34 32 31 30 32 31 28 23 22 23 20
