geocache-va/0-0/elevation.txt
ncols         874
nrows         925
xllcorner     -77.8
yllcorner     38.0
cellsize      1.0E-5
NODATA_value  -9999
[rows 561 to 611 of 925, columns 576 to 671 of 874]
79 79 79 81 84 84 85 87 88 88 88 88 88 88 88 86 86 87 89 89 90 92 95 95 94 94 95 93 92 93 94 95 95 95 96 97 97 96 98 99 97 94 91 90 89 86 83 81 79 78 75 74 74 74 73 74 74 72 69 67 66 69 74 79 81 81 81 80 80 80 79 79 80 83 83 83 83 80 77 76 77 80 82 84 86 88 91 93 94 96 96 93 90 89 89 90
80 80 80 82 84 84 86 87 88 88 88 88 88 87 87 86 86 88 90 91 93 97 97 94 92 92 93 94 95 95 94 95 95 96 98 98 95 93 95 95 95 93 92 91 90 88 87 85 83 80 77 75 73 72 69 70 72 71 69 66 66 70 74 77 78 79 79 78 78 76 77 80 82 83 84 85 86 84 80 78 78 81 84 86 86 87 89 91 96 100 99 96 93 91 91 91
81 81 80 81 82 82 83 84 84 86 87 89 90 90 89 88 87 88 90 91 93 96 96 95 93 94 96 98 96 95 94 95 95 94 94 94 92 92 94 93 92 91 90 90 88 88 89 89 89 87 82 79 77 74 70 69 69 69 68 68 67 69 71 72 72 75 76 75 76 75 76 80 83 83 83 85 87 86 83 82 83 83 85 85 85 85 87 90 95 99 99 98 96 95 94 93
82 82 81 80 80 80 80 81 83 85 87 90 91 92 93 92 88 88 89 90 91 93 94 96 96 96 99 99 95 94 94 95 95 92 91 90 90 91 93 92 90 89 89 88 86 87 89 89 90 89 86 82 81 78 73 71 70 68 67 67 66 68 69 69 70 74 77 77 79 78 77 80 83 85 86 88 88 86 85 85 86 86 86 86 85 86 88 90 94 97 96 96 97 96 94 93
82 82 83 82 80 80 81 83 84 85 85 86 88 90 93 94 92 91 90 90 91 92 93 95 96 97 98 96 94 95 95 94 94 93 91 89 88 89 90 90 89 88 87 86 85 86 87 87 88 88 86 84 83 79 75 72 71 69 67 65 64 65 67 68 71 75 79 80 81 82 80 80 83 86 88 90 89 86 86 87 87 88 88 89 89 90 91 92 95 97 96 95 96 94 91 91
82 85 87 84 81 81 83 84 84 84 84 85 86 88 90 92 93 93 93 92 91 91 92 96 98 98 96 94 96 97 96 95 94 94 92 89 87 86 86 86 87 86 85 85 83 83 85 85 86 86 86 85 83 80 75 72 71 69 67 66 65 66 67 67 69 73 77 80 82 83 84 83 82 84 86 88 88 87 89 90 88 87 87 89 92 93 93 92 95 96 96 96 97 95 92 92
83 87 89 87 84 83 83 82 81 82 84 86 87 88 88 90 93 96 96 93 92 92 94 97 99 97 95 94 95 96 95 93 92 93 92 90 88 87 86 86 85 84 84 84 82 81 82 84 85 85 84 83 82 81 78 75 72 69 67 67 68 68 69 68 68 69 72 78 81 83 85 85 84 84 85 87 89 91 92 93 90 88 87 88 92 94 94 94 93 94 94 96 98 98 95 94
84 86 87 87 86 84 83 83 82 82 84 87 88 89 90 91 94 98 97 94 93 94 97 99 98 96 95 94 93 93 92 90 91 92 93 91 90 90 89 86 84 82 81 82 80 79 80 82 84 84 83 81 81 82 80 77 74 71 69 68 68 68 69 70 70 69 70 74 77 80 83 85 85 85 87 90 92 94 94 93 92 91 89 89 91 93 96 96 94 93 93 94 97 98 96 96
84 84 84 86 86 84 84 84 83 84 85 88 90 91 92 92 94 96 96 93 92 94 97 98 97 95 94 92 92 91 91 92 93 93 93 92 91 91 89 86 83 81 79 78 77 78 79 80 81 82 83 82 80 81 80 78 75 73 71 69 67 66 68 72 74 72 71 71 74 77 81 84 86 87 89 92 94 95 94 93 94 93 92 92 91 92 95 96 96 94 94 95 95 96 96 98
83 83 84 86 86 87 87 86 86 86 88 91 92 93 92 91 92 92 92 90 90 93 96 98 96 94 92 92 91 90 91 93 94 94 93 92 91 90 88 85 82 81 79 77 77 79 80 80 81 81 81 80 78 79 80 78 74 71 70 68 66 65 68 73 77 77 76 73 73 75 79 83 86 89 91 94 95 95 94 95 96 95 94 93 92 92 93 94 96 97 98 97 96 95 97 99
82 84 87 90 91 92 92 91 88 87 88 91 94 94 92 91 91 90 90 91 91 93 95 97 97 95 92 92 92 91 90 90 91 91 91 91 90 88 87 85 83 82 80 79 79 80 80 82 81 79 78 76 75 77 77 76 72 69 68 67 67 68 70 75 80 81 80 77 75 75 77 81 84 87 90 93 95 96 97 97 97 96 93 91 92 92 92 93 96 99 100 101 99 97 99 100
83 87 91 93 94 95 94 92 89 88 87 89 92 93 91 91 90 90 91 94 94 96 98 99 98 96 93 93 93 92 90 88 88 87 88 88 88 87 86 85 85 84 83 82 82 81 79 79 79 77 75 73 73 74 74 72 70 68 68 69 70 73 75 78 80 81 81 80 78 77 78 80 81 84 88 92 95 98 100 98 96 95 92 88 89 91 93 95 98 99 101 102 101 100 102 101
85 88 91 92 92 93 93 91 90 90 88 88 89 91 91 92 91 89 90 94 97 100 103 100 97 95 94 93 92 91 90 89 87 86 86 86 85 85 85 85 84 84 84 85 85 82 78 76 76 75 72 70 69 69 70 70 70 70 71 73 74 76 78 79 80 80 81 80 80 81 81 80 80 82 86 91 95 99 99 97 94 95 93 89 89 92 95 98 100 101 102 102 100 100 103 102
86 87 89 90 91 92 92 91 91 92 91 89 89 91 93 94 92 90 90 92 97 102 104 99 95 94 94 92 90 90 90 90 89 87 86 86 85 84 83 83 82 81 82 85 85 82 79 76 73 72 70 69 69 69 70 71 70 72 74 77 78 78 78 79 81 82 81 79 80 82 83 82 81 81 85 89 93 96 97 95 94 95 94 93 93 96 98 101 102 103 104 102 99 100 102 101
86 86 87 89 90 91 93 94 94 93 93 91 91 92 94 94 93 91 90 92 97 101 102 98 95 95 94 91 88 89 90 91 91 89 87 87 88 86 83 80 79 78 79 81 81 81 82 79 74 71 71 71 73 73 73 73 72 73 76 79 81 80 78 79 82 83 82 80 79 82 83 83 83 82 84 86 89 91 94 95 95 94 94 94 95 97 99 102 104 105 104 101 99 99 101 100
89 88 88 90 91 92 95 96 95 92 92 93 93 94 94 94 94 93 93 93 96 99 99 96 95 95 95 92 88 88 90 91 91 91 89 88 89 86 83 79 78 78 79 80 81 81 81 79 73 70 70 71 74 75 76 76 75 74 76 79 80 81 82 81 81 84 86 84 82 82 82 83 84 84 84 85 87 89 93 95 94 93 93 94 97 99 99 100 102 102 101 98 98 97 98 98
90 89 89 91 92 94 96 95 93 90 91 93 93 93 93 94 95 96 95 96 97 99 98 94 93 94 95 93 90 89 88 89 91 93 89 87 87 85 83 81 79 79 80 82 82 81 80 76 71 69 69 71 73 75 77 78 77 76 76 78 79 83 85 83 82 87 90 88 85 82 82 83 85 85 85 85 87 88 93 95 93 93 93 96 99 101 100 99 100 99 97 96 96 96 96 96
90 89 88 89 91 94 96 94 92 90 90 92 92 91 91 93 96 98 97 97 99 100 98 94 92 92 93 93 91 90 89 89 90 91 88 86 86 85 84 82 80 79 79 80 81 81 79 75 72 71 71 72 73 74 75 77 79 79 79 80 82 84 86 85 84 89 91 89 85 82 82 85 88 88 87 86 85 87 91 94 95 96 96 99 103 104 102 101 100 98 97 98 98 96 95 94
92 92 91 90 90 92 93 94 93 93 92 92 93 92 91 93 96 98 97 97 98 99 98 94 91 91 92 93 92 92 92 92 90 89 86 86 87 85 84 81 79 79 77 77 77 76 76 75 75 75 75 74 74 73 73 76 78 80 81 83 85 86 86 86 87 90 91 89 87 84 83 85 89 90 90 87 85 86 89 92 95 97 98 99 100 101 103 103 101 99 98 100 102 100 96 95
93 93 94 93 92 92 93 94 96 97 95 94 95 94 93 95 95 94 95 95 96 96 96 92 90 90 91 93 94 94 92 91 89 87 86 87 88 86 83 82 82 82 81 79 77 74 74 76 78 79 80 78 76 74 73 74 76 79 80 81 83 85 87 87 88 90 89 90 90 88 86 85 88 91 91 89 87 86 88 91 95 97 99 98 98 99 102 104 103 100 99 100 103 104 100 97
93 92 92 92 94 94 95 95 97 97 97 97 97 97 96 95 94 93 93 94 94 93 92 90 89 89 91 94 96 95 91 90 89 87 86 87 87 86 84 85 85 85 85 82 77 74 74 77 79 80 81 80 78 77 74 74 76 78 80 80 80 83 86 87 89 88 88 90 91 91 89 88 89 91 91 90 89 88 87 90 93 96 98 99 99 101 103 105 103 100 99 101 103 103 101 99
93 92 92 93 94 95 96 95 95 96 98 99 98 97 96 95 94 94 94 93 92 92 92 90 90 90 91 93 95 94 92 93 93 89 87 88 86 84 84 85 83 82 82 79 75 73 75 79 81 80 81 81 80 78 76 75 77 80 81 81 82 83 84 86 88 87 89 92 92 90 91 92 91 91 92 91 91 90 89 90 92 93 96 100 102 104 105 105 104 101 100 102 101 100 99 97
98 96 96 96 96 97 97 96 95 97 99 100 99 97 97 97 95 94 92 91 91 91 92 91 90 91 91 90 91 92 94 97 96 92 89 89 86 83 82 81 79 79 78 76 76 75 77 80 82 83 82 82 82 80 78 77 79 81 81 81 83 84 84 85 88 88 91 93 92 90 92 95 94 94 93 93 93 91 90 91 93 94 96 99 102 104 105 104 102 100 100 102 102 99 96 93
101 100 98 97 98 99 98 98 98 98 100 101 100 97 96 97 96 93 92 92 91 91 91 91 90 89 89 90 90 91 94 95 94 91 91 91 89 84 80 79 79 79 79 78 79 78 78 80 83 84 83 82 83 83 80 79 79 79 79 82 85 86 85 85 88 89 89 91 93 94 94 97 98 97 96 94 92 90 89 91 93 95 96 96 99 102 104 102 100 99 99 102 103 101 96 92
100 99 98 97 98 99 99 100 99 99 100 101 100 97 96 96 95 93 93 94 92 90 90 91 90 89 88 90 93 93 91 89 89 89 90 92 89 84 81 81 83 85 84 83 83 82 79 80 82 82 82 82 84 84 81 80 81 80 80 83 85 86 85 85 87 88 88 90 94 95 97 99 99 100 97 94 91 91 91 91 93 95 95 96 99 102 103 101 100 100 101 103 104 101 96 92
98 98 97 97 97 98 99 99 99 99 101 101 100 97 96 95 94 93 93 94 92 89 88 90 91 91 90 90 93 92 88 86 87 89 90 90 87 83 81 82 84 87 88 87 86 85 81 79 81 82 82 83 84 85 83 83 83 83 82 82 83 84 84 85 87 87 88 90 94 95 97 99 100 100 97 94 93 94 93 91 92 94 94 95 100 103 103 101 101 102 102 102 103 100 95 92
100 99 99 99 98 98 99 99 99 99 99 99 99 97 95 94 92 92 94 94 92 90 88 89 91 92 93 92 91 90 87 84 86 88 90 88 84 80 79 80 84 89 91 91 91 88 83 80 79 82 83 83 84 84 85 84 84 86 85 83 83 84 84 86 88 89 88 90 93 94 96 99 100 99 97 95 95 97 95 94 94 94 94 95 98 100 101 101 101 102 102 101 101 98 95 94
102 102 102 102 101 100 99 99 99 98 98 97 97 96 94 93 93 92 92 92 91 90 88 89 91 92 94 93 91 89 88 86 85 85 86 84 81 78 79 82 87 91 94 95 95 93 89 84 80 80 81 82 82 83 83 83 84 86 86 85 84 85 85 86 88 89 90 90 92 94 96 98 99 97 96 95 97 97 96 97 98 96 95 95 97 100 100 100 101 102 102 100 97 95 95 96
102 103 103 100 100 101 100 99 99 99 99 98 96 95 95 95 95 93 91 90 91 90 89 89 90 89 89 89 89 89 89 89 86 83 82 81 79 80 81 85 90 93 95 98 100 97 93 88 83 80 80 81 81 81 81 81 82 84 85 87 87 86 86 87 89 90 90 90 91 94 97 98 97 95 95 97 99 99 98 97 98 97 96 97 99 101 101 99 101 102 101 96 93 92 95 99
101 101 101 99 100 101 101 100 99 100 100 98 96 94 94 94 94 94 93 91 91 90 88 88 88 86 85 85 87 88 89 88 85 83 83 82 82 84 85 87 90 92 95 99 100 99 95 90 86 83 82 81 81 82 82 81 82 85 86 87 87 87 87 89 91 91 90 89 91 94 97 98 97 96 96 98 100 99 97 94 95 97 98 99 100 102 100 99 102 102 99 95 91 92 97 101
101 100 99 100 101 101 101 101 100 99 99 97 95 94 94 93 92 93 92 91 91 89 88 88 87 86 85 85 86 86 86 84 82 82 84 85 86 88 89 89 90 93 96 99 99 98 94 90 86 85 83 81 80 81 82 83 84 86 86 86 86 86 87 90 91 90 90 89 92 96 97 98 98 99 100 100 99 97 95 93 94 97 100 101 102 102 99 99 100 99 97 95 94 96 99 100
101 99 99 100 100 100 100 100 99 98 97 94 93 94 95 93 92 91 90 90 91 90 88 87 87 87 87 87 86 84 83 82 82 82 85 87 89 91 91 91 92 96 99 100 97 94 91 88 85 85 85 82 80 81 82 83 84 84 85 85 86 87 89 90 90 90 90 91 94 96 97 98 100 101 102 101 100 97 95 95 97 98 99 100 101 101 98 97 97 96 96 97 97 97 97 97
101 100 100 100 100 100 100 99 99 99 97 94 93 94 96 95 92 90 90 90 91 90 87 86 86 86 86 88 85 83 82 82 83 84 86 88 89 92 92 92 93 96 99 99 96 93 90 89 87 87 87 84 81 81 82 83 84 82 82 84 85 87 89 90 89 89 90 92 94 96 98 99 100 101 101 101 101 100 99 99 101 100 100 100 99 99 97 95 95 95 95 96 96 97 95 94
101 101 101 101 100 100 100 99 98 98 98 96 94 96 97 96 94 91 89 89 90 90 88 87 86 85 85 85 83 82 81 81 84 87 88 89 89 92 93 92 92 93 96 97 97 95 92 90 89 89 87 84 83 82 82 84 84 82 81 81 83 87 89 90 89 89 90 91 93 97 99 100 100 100 100 101 101 102 101 101 102 101 102 101 98 98 97 95 95 95 95 95 96 96 94 93
100 100 101 101 100 99 99 98 96 96 97 96 96 97 97 96 95 93 91 89 88 89 89 89 88 86 84 82 81 81 80 81 85 89 90 89 90 94 94 93 92 93 95 98 99 96 93 91 90 88 85 84 83 83 83 83 84 83 83 83 85 87 89 90 90 90 91 91 93 98 101 101 99 98 99 101 101 102 101 101 102 103 103 101 98 98 97 95 95 96 95 96 97 97 95 92
101 100 101 101 99 99 98 96 95 95 95 96 95 96 96 95 94 93 93 90 88 88 89 89 88 88 85 82 79 79 80 82 86 89 90 90 91 95 96 94 94 95 99 101 98 95 91 88 87 85 83 82 83 83 83 83 83 85 88 90 90 89 89 90 89 91 93 94 96 99 101 99 98 99 100 102 101 101 102 102 102 102 101 100 98 97 97 96 96 96 96 96 97 96 94 91
103 102 102 101 100 99 98 95 95 95 94 95 95 94 93 92 92 93 94 93 91 89 88 87 87 89 88 83 80 80 81 82 84 87 89 91 92 93 95 94 95 98 101 100 97 94 91 87 85 83 82 82 83 83 83 83 85 87 90 92 93 92 92 92 90 91 94 96 97 98 99 98 98 100 101 101 101 102 103 103 100 97 98 100 99 97 96 97 96 95 95 96 95 94 93 91
105 103 101 100 100 100 98 96 95 95 94 95 97 95 92 91 91 94 97 97 93 89 87 86 87 89 88 85 84 84 82 82 81 83 88 91 91 90 92 95 97 99 99 97 96 95 92 89 85 82 82 84 85 84 82 82 85 88 91 92 93 94 95 95 93 93 95 98 98 98 97 97 98 100 100 101 102 102 102 101 98 95 95 99 101 97 96 98 96 95 96 95 94 93 93 93
104 102 100 99 98 98 97 96 96 95 95 96 96 95 93 92 92 96 98 97 93 89 87 86 88 89 87 85 87 87 86 83 81 82 86 89 90 91 93 95 96 96 95 94 94 93 92 89 86 84 85 87 87 85 83 83 86 88 90 92 94 95 95 95 95 94 95 97 97 97 97 97 98 100 101 102 102 102 101 100 97 96 96 98 100 98 96 98 97 96 97 96 94 94 94 93
104 102 100 99 98 97 96 95 95 95 95 94 94 94 94 94 94 94 94 93 92 88 86 87 89 88 86 86 89 90 89 87 85 84 87 88 91 94 96 96 94 92 93 93 92 90 89 87 86 86 88 89 89 87 85 84 85 86 87 90 93 95 95 96 95 94 95 96 96 97 98 98 98 102 103 102 102 101 101 100 99 100 100 99 100 98 96 96 96 96 96 95 93 92 92 91
105 104 102 101 100 98 96 95 93 93 94 93 93 94 94 93 92 90 89 90 91 89 87 89 91 89 87 87 90 91 91 90 89 88 88 88 91 95 96 94 91 92 93 93 92 89 88 87 87 87 89 90 90 87 85 85 85 86 87 88 91 94 95 96 95 96 97 97 96 97 99 100 100 102 104 103 101 101 101 101 102 105 104 101 99 98 95 94 93 93 93 93 92 90 91 91
102 104 103 102 100 98 97 95 94 92 91 91 92 94 94 94 92 90 89 90 92 92 90 90 90 89 88 89 90 90 90 91 90 89 88 88 89 93 94 92 90 91 92 93 92 91 91 91 91 89 89 89 89 89 87 87 87 88 88 88 89 91 94 95 95 97 98 98 97 97 99 102 102 102 103 103 102 102 101 101 105 108 106 102 98 97 95 93 91 91 91 91 90 89 89 89
100 102 103 101 99 98 97 97 96 93 90 89 91 92 94 95 94 92 91 91 92 93 93 91 89 88 89 90 90 89 90 90 91 91 90 88 89 91 92 92 90 90 92 93 92 90 91 93 91 89 88 89 90 92 91 89 88 88 89 88 88 89 91 94 95 96 98 99 98 97 99 101 102 101 101 102 103 103 102 103 106 109 107 102 99 97 95 94 92 91 91 91 90 89 88 88
102 102 103 102 102 101 99 97 97 94 91 89 89 90 92 93 92 91 90 89 89 90 92 91 90 90 90 91 90 89 91 92 92 93 93 91 90 90 91 92 93 92 92 93 91 88 88 89 89 88 88 92 93 94 93 91 90 91 92 90 88 88 90 93 94 95 96 98 99 100 100 101 102 101 100 100 102 103 103 104 107 109 107 103 100 97 95 95 94 94 92 90 89 89 89 89
105 104 103 104 105 104 100 98 97 96 94 92 91 90 89 89 88 87 87 86 86 88 90 90 91 91 91 90 89 90 92 93 92 93 93 93 92 92 92 94 94 94 93 93 91 88 87 87 88 88 88 92 94 95 95 95 94 94 93 92 91 90 91 91 92 94 95 96 98 100 101 102 103 103 100 100 102 102 101 103 106 108 106 103 100 96 95 95 96 94 93 90 89 91 91 90
104 104 103 104 105 104 100 98 97 99 98 95 94 92 90 89 88 88 87 85 87 88 90 90 90 92 91 88 87 87 89 90 91 91 92 92 92 92 93 95 95 95 95 93 91 90 88 88 89 88 87 90 93 95 97 99 98 96 93 92 93 93 94 92 93 95 96 96 97 99 100 101 103 103 101 102 104 101 100 101 104 105 104 102 99 96 95 96 96 94 93 91 91 93 92 91
103 103 103 103 103 102 100 98 98 100 100 97 95 94 93 92 90 90 88 87 88 89 91 91 91 93 92 88 85 85 85 87 90 90 91 91 93 93 94 96 96 94 94 92 91 91 90 90 90 89 88 91 93 96 99 100 98 96 94 94 93 94 93 93 95 96 96 96 96 98 100 101 101 101 102 104 105 102 101 101 102 102 101 100 99 97 96 96 95 93 93 94 94 94 94 93
104 104 104 103 101 100 99 100 100 101 100 99 97 95 95 94 92 92 92 89 87 87 89 90 89 91 92 91 88 86 85 87 90 90 90 92 94 94 95 96 96 95 94 92 91 91 91 91 92 92 91 92 94 96 98 98 97 96 96 96 94 94 94 95 95 95 96 96 96 98 101 101 100 101 103 106 105 104 104 104 103 102 101 100 100 97 95 94 94 93 93 95 95 95 95 94
105 104 104 102 101 100 100 101 101 101 101 100 98 96 95 94 93 93 92 89 88 87 88 87 86 86 89 92 91 89 88 89 90 92 94 95 94 93 93 94 95 95 95 93 92 92 92 93 93 93 92 92 93 95 95 95 96 97 98 99 96 94 94 95 96 96 96 97 98 100 101 100 99 102 106 106 104 104 106 107 105 102 101 100 100 97 95 94 95 94 94 94 95 95 95 95
105 105 105 104 102 101 101 103 104 102 99 98 97 95 95 94 94 92 88 86 86 86 87 86 85 86 89 91 93 93 93 91 91 95 99 99 95 92 93 94 94 94 94 93 93 93 94 94 93 92 92 93 94 94 95 95 96 97 98 98 97 96 95 95 97 97 97 99 103 104 101 99 99 101 104 104 102 104 107 108 106 101 99 99 98 98 98 97 97 97 96 96 97 97 97 95
106 107 109 107 103 101 101 104 105 103 99 96 95 95 95 95 94 90 86 85 85 86 88 87 86 86 87 89 92 93 94 93 93 97 100 100 95 93 94 95 95 94 92 92 93 94 95 95 94 93 92 93 93 93 95 96 96 97 97 99 99 99 98 97 97 98 100 104 107 105 100 98 97 97 99 101 102 104 107 108 104 100 99 98 95 97 99 98 98 98 97 98 99 99 98 96
