geocache-va/0-0/elevation.txt
ncols         874
nrows         925
xllcorner     -77.8
yllcorner     38.0
cellsize      1.0E-5
NODATA_value  -9999
[rows 510 to 560 of 925, columns 96 to 191 of 874]
110 109 109 107 107 106 106 105 103 102 101 100 100 100 100 99 98 98 98 98 99 98 97 96 94 94 94 94 96 97 97 97 96 95 95 95 93 92 91 90 92 93 93 92 92 92 91 90 89 88 86 83 80 79 81 81 78 77 77 76 76 75 74 75 77 77 75 74 74 76 78 78 77 75 75 74 73 72 73 74 75 78 80 82 83 85 89 91 93 93 94 96 97 98 98 99
107 108 107 108 108 108 107 105 104 102 101 100 100 100 100 99 97 97 98 98 99 98 96 94 93 94 94 94 95 95 95 95 95 94 94 94 94 93 92 92 93 95 95 95 95 94 93 92 91 89 87 85 83 83 85 84 81 79 78 77 76 75 74 75 75 76 78 79 78 78 78 77 75 74 75 74 72 72 75 77 77 78 80 82 83 84 85 86 88 89 91 92 93 95 98 100
106 107 107 108 108 108 108 105 103 101 99 99 99 99 99 99 97 97 98 98 98 98 97 95 94 94 95 94 94 93 94 95 94 94 94 94 94 94 94 94 94 96 96 96 96 95 94 93 92 90 89 87 85 85 86 84 82 79 78 77 76 75 75 75 74 75 79 81 81 79 78 78 75 74 77 76 76 75 78 79 80 79 80 82 83 83 84 86 88 89 90 91 93 96 99 101
106 106 107 107 106 107 107 105 103 100 98 97 98 98 99 98 98 97 98 98 99 99 98 96 95 95 95 95 93 92 93 95 94 93 93 93 95 95 95 95 95 96 97 97 96 96 95 93 93 92 91 90 87 86 85 83 81 80 79 79 78 77 76 75 74 75 77 78 78 77 76 78 77 77 79 79 79 79 81 82 82 82 83 85 83 83 84 87 89 89 91 93 95 97 99 100
105 106 106 106 105 105 105 103 101 98 96 96 97 98 99 100 99 99 98 98 99 99 98 97 96 96 96 96 94 92 93 94 94 93 93 93 95 96 96 96 96 96 97 97 97 97 96 95 94 92 91 90 87 86 85 83 82 82 81 81 80 79 78 76 76 76 75 74 74 74 74 77 78 79 81 81 81 81 82 84 84 84 86 87 85 85 85 87 88 90 93 94 95 96 97 100
103 104 104 105 104 103 103 101 100 97 97 97 98 98 98 99 99 98 98 98 99 99 98 97 97 97 97 97 95 94 94 95 94 93 93 94 95 97 98 97 96 96 97 98 98 97 96 96 95 92 91 89 88 86 86 85 84 83 82 80 80 79 79 77 76 75 73 72 73 73 72 75 78 82 84 85 84 84 85 86 87 87 87 87 88 88 88 86 87 91 94 94 94 95 96 100
102 102 102 103 103 102 101 101 100 99 99 99 101 98 97 98 97 97 97 98 98 98 97 96 96 97 98 98 98 98 97 96 95 95 94 95 96 98 99 98 97 97 98 99 98 97 96 95 94 92 91 89 89 88 87 87 86 85 82 81 80 79 79 77 76 75 73 73 73 73 72 73 77 82 86 87 87 87 89 91 92 92 90 89 92 93 93 90 89 92 95 95 95 97 98 100
102 102 102 102 102 102 101 101 101 101 101 102 102 100 99 99 97 97 97 98 97 97 96 95 95 96 98 99 99 99 97 96 95 95 94 94 96 98 99 99 99 98 99 100 98 97 96 95 94 92 91 91 92 90 88 88 88 87 84 83 83 79 78 77 75 74 74 73 73 73 72 72 74 78 82 84 86 89 90 92 94 94 93 93 95 95 97 95 93 95 96 95 96 98 99 100
102 102 102 102 102 101 101 101 101 102 103 104 103 101 100 99 98 97 97 98 97 96 96 96 95 96 98 99 99 100 98 96 94 94 94 94 95 97 98 99 100 100 100 100 98 97 96 96 95 93 93 93 94 93 89 88 87 86 85 84 83 79 77 75 74 74 75 73 73 73 73 72 73 75 77 80 84 88 90 92 92 93 94 96 97 97 98 97 97 97 96 94 95 98 100 100
104 103 102 102 102 101 100 100 102 103 105 106 105 102 101 100 98 98 98 98 97 96 96 96 96 97 98 99 100 100 99 96 94 94 94 94 94 96 97 98 101 101 101 100 98 97 97 96 96 95 94 93 93 94 92 90 86 85 86 84 82 81 78 75 75 77 77 74 74 73 73 73 73 74 76 79 84 88 89 90 90 91 94 96 96 96 97 98 99 99 97 94 93 94 97 98
105 104 102 102 102 102 100 100 102 104 106 107 106 103 102 101 99 98 98 99 98 97 97 98 97 97 99 100 100 100 99 96 95 96 96 95 95 95 97 98 100 101 101 99 98 98 97 97 97 95 95 94 94 94 94 91 86 85 85 84 83 83 81 77 78 79 78 76 75 73 72 72 72 75 79 83 86 88 87 88 89 89 92 95 95 95 97 98 98 96 95 94 93 93 94 94
107 105 103 102 103 103 102 101 102 105 107 107 106 104 103 101 100 99 99 99 99 99 98 99 99 98 99 100 101 100 98 96 96 98 99 98 97 96 97 99 101 101 100 98 98 98 98 98 97 96 95 95 95 94 93 89 87 87 86 85 84 82 80 78 77 78 79 78 75 73 72 73 73 76 81 83 84 85 87 88 89 88 89 92 94 97 99 99 97 94 92 92 93 95 94 92
108 107 104 103 105 105 103 102 102 104 106 106 104 103 102 100 100 99 99 100 100 100 100 100 100 100 99 101 101 100 97 96 97 99 101 100 98 98 98 100 101 101 99 99 99 99 99 99 98 97 96 95 95 93 92 90 88 88 88 86 83 81 79 77 76 77 79 79 75 72 72 73 74 77 80 81 82 84 86 86 88 88 87 90 95 98 99 99 98 95 91 91 94 95 93 92
109 107 106 105 106 105 103 102 102 103 104 104 103 102 101 101 101 101 101 101 102 102 102 101 101 101 100 100 100 99 96 96 97 100 102 101 100 100 99 100 101 100 99 99 100 100 101 100 99 99 98 97 94 91 91 89 87 88 88 86 84 82 80 79 79 78 77 77 73 72 73 74 75 77 77 79 81 82 84 83 85 88 90 92 94 95 96 95 95 94 90 92 94 94 90 90
109 107 107 107 107 105 103 103 103 104 103 103 102 101 101 101 102 102 103 103 103 104 103 103 102 101 100 100 99 99 96 96 97 99 101 102 102 101 101 101 101 100 100 100 101 101 101 100 100 100 99 98 94 91 89 88 88 89 87 86 85 84 82 81 82 81 78 75 72 72 75 77 78 79 76 78 80 82 84 82 83 88 92 94 95 95 94 91 91 90 89 91 91 90 88 89
109 108 108 109 108 106 105 105 105 105 104 103 102 101 101 100 101 102 104 105 105 105 105 104 102 101 100 100 100 100 98 97 98 99 101 102 103 103 103 103 102 102 102 102 102 102 100 100 99 98 98 98 96 94 91 90 91 90 87 86 85 86 84 84 85 83 79 75 72 73 77 79 80 80 80 79 82 85 86 84 84 87 92 95 98 98 96 91 90 88 88 88 87 87 89 92
110 109 109 109 108 107 107 107 106 106 105 103 102 102 101 100 100 102 104 106 106 106 105 104 102 101 100 100 101 100 99 99 99 100 101 102 104 104 104 103 103 103 104 103 103 102 100 99 98 97 97 98 98 95 92 90 90 89 86 86 85 85 85 86 86 83 79 75 74 75 78 80 80 80 80 80 82 85 87 86 87 88 91 95 97 97 95 90 88 87 87 87 87 88 91 94
110 109 109 109 108 107 109 109 108 107 105 104 103 102 101 101 101 102 103 105 106 106 105 104 103 101 101 101 101 102 101 101 101 101 102 102 104 104 104 104 104 104 104 104 103 102 100 99 97 96 96 97 97 95 91 88 88 87 86 86 84 83 82 83 82 81 79 76 78 80 82 81 80 80 79 79 79 82 86 88 90 91 92 94 94 93 91 87 86 86 86 88 89 90 91 93
109 110 109 108 108 108 110 110 110 108 107 105 104 103 102 102 101 102 102 103 105 106 106 106 104 102 101 101 102 103 104 103 103 102 103 103 104 104 104 104 104 104 105 104 103 102 100 99 98 97 96 95 95 93 90 87 86 85 85 86 85 84 83 82 79 78 78 78 80 82 81 80 80 81 82 80 80 82 84 87 91 93 92 93 92 90 87 86 86 86 87 89 91 91 92 92
107 107 108 108 108 109 110 111 110 109 108 106 104 103 102 102 103 103 103 103 104 105 106 106 105 104 103 103 103 104 106 106 105 105 105 104 104 103 103 103 104 103 103 103 102 101 100 100 100 98 97 95 93 92 91 89 88 86 86 88 87 86 86 84 80 78 77 77 79 79 76 76 78 82 83 83 84 85 85 85 89 93 91 91 91 89 86 86 87 88 89 89 90 92 92 92
105 106 108 108 109 110 111 111 111 110 108 106 104 103 103 103 105 105 104 103 103 105 106 106 106 106 105 104 104 105 106 106 107 107 106 105 103 103 103 103 103 103 102 102 101 100 100 100 100 99 98 95 94 94 94 92 90 90 90 89 87 85 85 85 83 80 77 77 78 77 73 74 76 79 80 81 86 88 87 86 90 93 91 89 88 88 86 86 88 90 91 91 91 92 91 92
105 105 106 106 108 110 111 112 112 111 109 108 105 104 105 107 108 108 107 105 105 106 107 107 108 108 107 105 105 106 106 107 108 109 109 108 106 105 104 104 104 103 102 101 100 99 99 99 98 98 97 97 97 97 96 94 91 91 90 87 84 83 81 82 84 81 78 79 81 78 75 75 76 76 77 78 82 88 89 90 92 93 90 86 84 83 84 86 90 92 93 94 94 94 93 93
103 104 105 105 107 108 111 113 113 113 111 110 107 106 107 109 110 109 108 106 106 107 108 109 110 109 107 107 107 107 108 110 111 112 112 111 109 107 106 106 106 105 104 102 101 100 100 101 99 97 97 97 98 97 95 92 90 88 87 84 81 80 79 80 82 81 79 80 81 79 78 77 76 77 78 78 80 84 87 89 91 90 89 85 81 82 84 88 91 93 95 96 96 96 97 98
102 104 106 106 107 109 112 113 114 114 112 110 108 107 108 109 110 110 109 107 105 105 107 109 110 109 109 109 109 109 109 110 111 112 112 111 110 109 109 109 108 106 105 103 103 102 101 101 100 97 96 95 96 94 92 90 87 86 85 84 81 80 79 80 81 80 80 80 78 79 79 79 79 81 82 81 80 80 82 84 85 86 86 84 82 83 87 90 92 93 94 96 96 95 97 99
103 105 107 108 109 111 113 113 115 117 114 111 109 108 109 110 111 112 111 108 105 105 106 107 109 110 111 111 111 110 109 109 110 110 110 109 109 108 109 108 107 106 105 103 103 102 100 99 99 97 95 95 94 92 90 88 86 86 85 84 82 81 81 82 82 81 81 81 79 80 80 81 83 84 83 81 80 79 80 82 83 82 82 82 82 83 86 89 92 92 94 96 97 95 95 97
105 106 108 110 112 113 114 114 115 118 116 113 110 109 110 111 112 112 111 108 106 105 105 106 108 110 111 111 111 111 109 109 109 108 108 107 107 106 107 106 105 105 105 103 102 101 99 98 97 97 96 95 93 91 89 87 86 84 84 83 81 82 84 84 84 83 83 83 81 80 80 82 83 83 81 79 79 80 81 83 82 78 78 81 80 80 83 87 91 94 96 96 97 97 97 96
106 107 110 112 113 113 114 114 114 117 117 115 112 111 111 112 112 112 111 109 108 107 108 108 109 110 111 110 110 109 108 108 108 106 105 105 105 104 105 104 104 104 104 103 101 100 98 96 95 95 94 93 91 88 87 86 85 83 82 82 82 83 87 88 87 86 85 84 83 82 82 83 82 80 80 79 80 81 81 81 79 78 79 81 80 80 83 87 90 93 95 94 95 97 96 95
107 108 111 113 113 112 111 112 113 114 116 115 114 113 112 111 111 111 111 111 110 110 111 111 110 109 109 108 108 108 107 107 107 105 104 103 103 103 104 103 103 104 104 103 101 99 97 95 94 92 91 89 87 85 85 84 83 82 82 82 84 86 89 90 88 87 86 85 85 84 84 82 81 80 80 81 82 80 79 79 78 79 81 84 83 82 83 86 88 91 93 94 94 94 94 94
108 110 111 111 111 110 108 109 110 112 114 115 115 114 113 112 111 111 111 110 110 111 112 112 110 109 108 108 108 108 107 107 108 106 103 102 102 102 103 103 103 103 103 102 100 99 97 95 93 91 90 87 85 85 86 85 84 83 83 83 85 86 86 87 87 87 87 86 86 84 82 81 81 81 81 83 84 82 79 79 80 80 80 82 83 84 84 86 89 92 94 94 93 93 94 95
109 111 111 110 109 109 107 107 108 111 114 116 115 115 113 112 110 110 110 110 110 111 111 111 109 107 106 107 108 108 108 108 108 107 104 102 101 101 102 102 102 103 103 101 100 98 96 94 93 91 90 88 87 87 88 88 86 85 85 85 86 87 85 85 86 87 89 87 86 84 82 82 83 81 81 82 84 83 80 81 82 79 78 79 82 84 85 87 91 94 95 94 94 94 95 96
108 110 110 109 108 107 105 106 108 111 113 115 115 115 113 111 110 110 110 110 110 111 111 110 108 106 106 107 108 108 108 108 108 107 105 103 101 101 101 102 102 102 102 101 99 98 96 94 92 91 90 90 90 89 89 89 89 88 88 88 87 88 88 87 87 88 88 87 87 85 84 87 88 85 81 80 82 81 80 81 82 79 78 78 82 86 88 89 91 93 94 93 94 95 96 95
107 108 108 107 107 106 105 107 109 111 113 114 114 114 112 110 111 111 112 110 110 110 110 109 108 106 106 107 107 106 106 106 106 107 106 105 102 101 101 102 102 101 101 100 98 97 96 94 92 91 90 90 90 91 90 90 90 90 91 90 89 90 91 90 89 88 88 89 89 88 86 88 89 87 82 80 79 79 80 80 79 79 79 80 84 89 91 91 90 89 90 91 92 94 97 96
106 107 107 106 105 105 107 109 111 111 112 112 113 112 110 109 111 111 111 110 109 109 110 109 109 107 107 106 106 105 104 104 104 105 104 104 102 100 100 101 102 101 100 98 96 95 94 92 91 90 90 89 89 90 92 92 92 93 92 91 91 91 90 89 90 89 88 91 93 91 88 86 85 85 84 82 79 79 79 79 78 78 79 80 85 89 90 90 88 87 89 91 90 93 97 98
105 106 106 105 105 105 108 110 111 110 110 111 112 111 108 108 111 111 110 109 109 109 109 109 109 107 107 105 105 103 102 102 101 102 102 102 100 98 98 100 101 100 98 96 95 94 92 91 91 91 91 90 89 90 93 95 94 95 93 91 92 92 89 89 90 89 89 92 94 94 90 86 83 83 85 84 80 80 80 79 78 76 77 79 83 86 88 88 87 87 89 90 90 92 97 99
104 104 104 104 104 105 108 110 110 108 109 111 111 109 107 108 111 111 109 108 109 109 108 108 108 107 106 105 104 102 101 101 100 100 100 101 99 98 98 99 99 98 97 94 93 93 92 92 92 92 93 92 91 92 94 96 96 95 93 92 91 91 89 90 90 90 91 93 94 93 90 87 86 86 87 86 82 80 80 78 75 76 77 79 81 85 87 87 87 87 88 89 91 93 97 97
102 103 102 102 103 105 108 109 108 108 109 110 110 109 108 109 111 109 108 108 109 109 108 107 107 106 105 104 103 102 103 102 100 100 100 100 99 100 99 99 98 96 95 93 93 94 94 94 94 94 94 94 95 94 93 94 96 95 93 93 94 93 92 92 92 94 95 93 91 91 90 90 89 89 87 85 81 79 78 76 75 78 80 80 80 84 86 86 86 85 86 89 91 94 95 94
101 101 100 102 103 105 106 106 106 107 108 108 108 108 108 110 110 108 108 109 110 109 108 107 106 105 104 104 104 103 105 104 102 101 101 102 102 102 101 100 97 96 95 94 95 95 96 96 96 96 96 96 96 95 93 93 95 96 95 95 97 96 93 93 96 98 96 92 90 91 91 91 91 89 87 85 82 80 79 76 76 79 81 81 80 82 83 84 84 84 86 89 91 92 92 93
100 100 100 101 103 104 104 104 105 106 108 107 106 106 107 109 109 107 108 110 111 110 109 108 107 107 106 105 105 105 105 104 104 103 104 104 103 103 101 100 97 96 95 95 96 96 97 97 97 98 97 97 96 95 93 93 95 98 98 96 96 96 93 94 97 97 93 90 91 92 91 91 90 88 87 86 84 82 81 79 78 80 81 81 80 81 81 81 83 84 87 90 90 90 90 93
100 99 99 100 101 103 104 104 105 106 108 108 106 105 105 106 108 107 108 109 110 109 109 108 108 108 107 107 107 107 106 106 105 105 104 104 103 101 100 99 97 97 96 95 97 98 98 98 99 99 99 97 96 96 95 94 95 98 99 97 96 96 95 96 94 93 90 89 89 90 90 90 89 88 87 86 84 83 83 80 80 82 82 81 81 81 80 80 84 86 88 88 87 88 91 94
99 98 98 100 101 103 104 105 107 107 108 108 106 105 105 105 106 108 108 109 109 109 109 108 108 109 109 109 108 109 108 107 106 105 104 103 101 100 99 98 98 99 98 97 98 99 100 100 100 100 100 99 98 97 96 95 95 97 98 99 99 98 98 98 93 90 89 87 86 87 88 89 89 87 86 84 82 83 84 82 80 82 82 79 78 79 79 81 85 88 89 88 88 91 95 96
97 97 98 100 102 103 105 106 107 106 106 105 104 104 104 105 106 108 108 109 110 111 110 109 109 110 110 110 109 109 109 107 106 104 102 101 100 100 99 99 99 99 99 98 99 100 101 101 102 101 101 100 99 99 97 96 97 97 97 100 101 100 99 98 93 90 88 88 88 88 89 88 88 86 84 82 81 83 84 84 81 80 79 77 77 77 79 82 84 86 89 91 92 95 97 96
97 97 98 101 103 104 104 105 105 105 104 103 101 103 104 105 107 108 108 109 111 111 110 109 110 110 111 111 110 110 108 106 105 102 100 100 100 101 101 101 101 101 100 100 101 101 102 103 103 102 101 100 100 100 100 98 99 99 98 100 101 99 97 94 91 89 88 90 90 89 89 87 86 85 83 82 83 83 82 82 81 79 78 79 79 80 81 82 81 83 88 91 93 95 95 94
98 97 98 101 103 103 103 105 104 104 102 101 101 102 104 106 108 108 108 109 111 111 110 110 110 111 112 111 110 110 107 105 104 101 100 100 101 102 102 102 103 103 102 101 102 102 104 105 104 103 102 101 101 101 102 100 100 101 100 99 99 97 95 92 91 90 90 91 89 88 87 85 84 83 83 83 85 85 82 82 81 80 81 82 81 81 82 83 81 81 84 88 90 93 91 90
98 98 98 101 101 102 103 103 103 102 101 99 100 102 104 106 108 109 109 110 111 111 109 109 109 110 111 111 110 108 106 105 104 101 100 101 103 104 104 104 104 103 102 102 102 104 105 104 104 103 102 102 102 102 101 101 101 102 101 99 98 97 96 94 93 92 91 89 88 86 85 83 83 83 85 85 87 86 83 81 83 83 83 82 82 82 81 81 81 82 83 84 86 89 87 87
98 99 99 101 101 101 102 102 102 100 99 99 100 102 103 105 107 109 110 111 112 111 110 109 109 110 110 110 109 107 106 105 104 102 101 102 104 106 105 105 103 103 103 103 104 105 105 104 103 102 102 101 101 101 101 102 102 102 100 99 100 99 97 94 93 93 91 88 88 87 87 85 84 84 86 86 87 84 81 80 82 83 81 80 81 80 79 79 80 83 82 81 84 87 85 85
97 99 99 100 100 99 100 100 100 99 99 99 101 103 104 104 106 108 109 110 111 112 112 111 110 109 109 108 107 106 106 105 104 103 102 102 104 105 106 105 103 103 104 104 105 106 106 104 103 102 102 102 101 100 102 103 102 101 99 99 101 99 97 94 93 93 92 89 89 89 90 90 88 86 85 86 87 84 83 83 82 81 78 77 80 81 82 81 81 84 83 81 83 87 87 87
96 99 99 99 99 98 99 99 99 99 100 100 102 104 104 104 104 107 108 109 110 111 112 111 110 109 108 107 106 106 106 105 105 105 104 104 104 105 106 105 103 103 104 105 105 106 106 104 103 102 102 102 101 101 102 102 101 100 99 101 101 99 98 95 93 93 92 90 89 88 90 93 92 88 84 84 87 86 85 85 83 79 77 79 81 84 86 83 83 84 84 82 83 86 89 90
95 97 99 98 98 97 98 98 98 99 101 102 104 105 104 104 104 107 108 108 109 110 111 111 110 109 109 107 106 106 106 106 106 106 106 105 105 106 106 106 104 104 104 105 106 106 106 104 104 103 102 101 101 103 103 102 101 101 101 102 100 99 98 96 93 92 90 90 89 87 88 92 93 90 86 86 88 88 87 86 83 80 81 82 82 84 84 83 82 82 83 83 83 86 89 91
94 96 97 98 97 97 97 98 98 99 101 102 104 104 105 105 106 107 108 107 107 108 109 109 108 109 109 107 106 106 107 108 107 107 108 107 107 107 108 107 105 104 104 105 106 106 105 104 104 104 103 102 101 103 104 103 101 101 101 100 99 98 97 95 93 91 90 90 90 89 88 91 92 91 90 90 91 89 87 85 84 83 85 85 83 81 80 80 81 81 81 83 86 88 89 89
94 94 95 97 97 98 98 98 99 99 100 101 103 103 103 104 106 107 107 107 106 106 106 107 107 107 108 107 107 108 108 109 109 108 109 109 108 108 109 107 105 105 105 105 105 105 104 104 104 104 104 102 101 103 105 104 103 102 101 99 97 97 96 94 92 92 91 91 92 91 91 93 92 90 90 91 91 88 87 87 85 84 84 83 81 80 79 81 83 81 79 82 85 87 87 89
93 93 94 96 97 99 100 100 99 99 100 101 102 103 103 104 105 105 106 106 105 104 104 105 105 106 108 108 108 109 110 110 110 110 110 110 110 110 109 107 105 105 104 104 104 104 103 104 103 103 103 103 103 103 105 104 104 103 102 99 96 95 95 94 93 92 92 92 93 92 93 95 93 90 89 89 91 89 88 88 85 84 82 81 80 80 81 84 85 82 79 79 82 83 85 89
