geocache-va/0-0/elevation.txt
ncols         874
nrows         925
xllcorner     -77.8
yllcorner     38.0
cellsize      1.0E-5
NODATA_value  -9999
[rows 306 to 356 of 925, columns 192 to 287 of 874]
102 99 96 96 96 97 100 102 103 105 107 109 109 110 110 111 111 113 114 115 117 118 119 118 117 116 114 112 110 109 109 110 108 106 107 110 111 113 114 115 116 115 114 113 112 111 110 109 108 108 107 106 105 104 104 105 106 107 107 107 109 110 109 108 107 105 104 103 101 100 98 97 98 100 101 102 103 101 99 96 95 96 100 103 105 106 107 108 107 106 106 105 103 102 100 99
104 101 98 96 97 96 97 100 103 105 107 109 109 110 111 111 111 112 113 115 116 118 119 118 118 116 115 113 111 110 111 111 109 107 108 110 112 114 115 116 116 114 113 112 112 111 110 108 108 107 106 105 104 103 103 104 105 105 105 106 107 108 108 107 106 105 105 104 103 102 99 97 96 98 100 101 101 100 98 95 95 96 100 103 105 106 106 106 105 104 104 104 102 100 99 98
104 102 99 97 99 98 96 99 103 105 107 108 108 108 109 109 110 112 114 116 117 118 119 119 118 117 116 114 113 112 112 112 110 109 108 110 112 115 116 117 117 114 113 112 111 110 109 108 107 107 106 105 104 102 102 102 103 104 104 104 105 106 107 106 106 106 106 106 105 103 101 97 95 96 98 99 100 99 98 96 95 95 99 102 104 105 105 105 104 103 103 104 103 100 98 96
102 100 98 98 102 103 98 97 101 104 106 107 106 106 107 108 110 113 115 117 118 119 119 118 118 117 116 116 115 114 114 113 111 110 109 109 112 114 116 117 117 115 114 112 110 109 108 107 106 106 106 105 104 102 102 102 102 102 102 103 104 105 106 105 105 105 106 107 106 104 102 98 95 95 96 97 98 98 99 98 95 94 97 100 103 104 104 104 103 102 103 104 103 101 98 96
101 98 99 101 105 106 102 97 99 102 104 104 104 105 107 110 111 114 117 118 119 119 118 118 117 116 116 116 116 115 115 114 112 111 110 110 111 113 115 116 116 115 114 113 111 109 108 107 106 106 106 105 104 103 102 102 101 101 101 102 103 104 104 104 104 105 106 107 106 105 103 101 98 95 94 95 96 97 98 98 95 93 96 99 101 102 103 102 101 101 102 103 103 102 98 95
100 99 101 104 107 107 103 99 98 100 102 103 104 107 109 111 113 115 117 118 119 119 118 117 116 115 115 116 116 116 116 114 113 112 112 113 112 112 114 115 115 115 115 113 111 110 108 107 106 106 106 106 105 104 102 102 101 100 100 101 102 103 103 103 103 104 106 107 106 106 105 103 100 97 94 93 94 95 97 97 93 93 96 99 100 101 102 101 99 100 102 103 103 101 98 95
99 101 104 107 109 107 104 99 98 99 100 102 105 108 110 112 114 115 116 117 118 118 117 116 115 114 115 116 117 117 116 115 114 114 114 115 114 113 115 115 114 114 114 113 111 110 109 107 106 106 107 108 107 105 103 102 101 100 100 100 100 101 102 102 102 103 105 106 106 105 104 103 101 98 95 92 93 94 95 95 92 93 96 97 98 99 100 100 98 99 101 102 102 100 98 95
100 103 106 108 109 106 103 101 100 99 99 102 105 107 109 111 112 114 114 115 116 116 115 114 113 114 115 116 118 118 117 116 115 115 115 115 114 114 115 115 114 113 112 112 110 109 108 107 106 107 108 109 108 107 105 103 102 101 100 100 100 100 100 100 101 102 104 104 104 104 103 101 100 98 96 92 92 92 93 93 91 93 95 95 96 97 99 98 97 99 101 101 100 98 97 95
102 106 108 109 109 105 103 103 104 100 99 101 103 105 107 109 110 111 111 112 112 112 112 112 112 114 115 117 118 118 118 117 116 116 116 115 115 115 115 114 113 112 112 111 109 109 108 108 108 108 108 108 108 108 106 104 104 103 102 101 100 99 98 98 99 100 101 101 101 101 101 98 96 96 94 92 91 91 91 91 91 91 92 92 92 95 97 97 97 98 99 99 98 96 95 93
104 107 110 111 109 105 103 106 106 103 100 101 103 103 105 106 107 108 109 110 110 111 111 112 113 115 116 118 119 119 118 118 117 117 116 116 115 116 115 114 113 112 112 111 110 109 109 109 108 108 107 107 107 108 107 105 105 105 105 104 103 101 99 98 97 98 98 98 98 98 98 95 94 93 92 92 92 91 91 91 90 90 90 90 90 92 94 95 96 97 97 96 95 93 91 90
104 107 110 111 109 105 105 107 107 103 101 103 105 105 105 106 107 108 109 110 110 111 112 113 114 116 117 119 119 119 119 118 118 117 117 117 117 116 115 114 113 113 112 112 111 111 110 109 108 108 107 106 106 107 108 106 106 106 106 105 104 102 100 98 96 96 97 97 96 96 95 94 93 93 94 94 94 93 92 91 91 90 90 90 90 90 92 93 95 96 95 94 92 91 88 87
104 108 110 111 109 106 107 109 108 104 101 104 106 107 108 108 109 110 111 112 112 112 113 115 116 117 118 119 120 119 119 118 118 118 118 118 117 116 115 114 114 113 113 112 112 112 111 110 109 108 107 106 106 106 107 107 106 106 106 105 104 102 100 99 96 96 95 95 94 94 94 93 93 95 97 98 98 97 96 93 92 92 91 90 90 90 90 92 93 93 92 91 90 89 87 87
105 109 111 112 110 109 110 111 108 104 102 105 108 109 110 111 112 112 113 114 114 113 114 117 119 119 119 120 120 120 119 119 118 118 118 118 117 116 115 115 114 113 112 112 112 112 112 111 110 109 108 106 106 105 105 105 105 105 104 104 103 102 100 98 97 97 97 96 95 94 94 95 96 99 101 102 103 102 100 97 94 93 92 91 90 89 89 90 91 90 89 89 88 87 87 87
107 111 113 112 112 113 113 112 108 104 102 105 108 110 112 113 114 114 115 116 116 115 115 117 120 121 121 121 121 120 120 119 119 119 119 118 117 116 115 115 114 113 112 112 112 113 112 111 110 109 108 107 106 105 103 103 103 103 102 102 101 100 99 98 99 101 101 99 98 97 96 98 100 102 104 105 106 105 103 100 98 96 93 91 90 89 89 89 89 88 88 88 88 88 88 89
108 112 114 115 114 115 114 111 107 104 102 104 107 109 111 113 114 115 117 117 117 117 116 117 120 122 122 121 121 120 120 120 120 119 118 118 117 116 115 115 114 112 111 111 111 112 112 111 110 108 108 107 106 104 102 102 102 101 101 100 99 98 98 100 102 104 104 102 100 99 98 100 103 105 106 107 106 105 103 102 101 98 94 92 90 89 89 89 89 88 88 88 89 90 90 91
109 112 115 116 116 115 113 109 106 105 104 104 106 109 111 112 114 115 117 118 119 118 118 118 120 122 122 121 121 121 121 120 119 119 118 117 117 116 116 115 114 112 111 110 110 110 110 110 108 107 107 106 105 103 102 101 100 100 100 99 99 99 100 102 104 105 105 103 101 99 100 102 105 106 107 107 106 104 101 100 99 96 93 91 90 89 89 89 89 89 89 90 91 92 94 94
112 114 115 118 117 115 112 109 107 108 107 104 105 107 110 112 113 115 117 118 119 120 120 120 121 122 122 121 121 121 121 120 119 118 117 116 116 115 115 115 114 112 111 109 108 108 108 108 107 106 105 104 103 102 101 101 101 100 100 100 101 103 103 105 106 107 106 104 102 101 102 105 106 107 107 106 105 103 100 98 96 93 90 90 89 89 89 89 89 89 91 93 94 95 97 98
113 115 116 118 117 114 111 109 109 111 110 107 105 106 108 111 113 115 117 118 119 121 121 121 122 122 122 121 121 121 121 120 119 118 117 116 115 114 114 114 113 112 110 109 108 107 107 107 105 104 103 102 102 101 102 103 103 103 103 103 104 106 107 108 108 108 106 104 102 103 105 106 107 107 106 105 103 101 99 96 93 91 90 89 89 89 89 89 90 91 93 96 97 96 98 100
114 116 117 118 117 114 111 110 112 113 113 110 107 106 107 109 112 114 116 117 119 120 122 122 122 122 122 122 122 122 121 120 119 117 116 115 114 113 113 112 112 111 109 108 107 106 105 105 103 103 102 102 102 102 104 105 106 105 105 105 106 108 109 109 109 107 105 103 103 105 106 107 107 105 103 101 100 99 98 96 93 90 90 89 89 89 90 91 92 92 95 98 98 97 98 101
115 117 118 118 117 114 112 111 113 115 115 113 110 108 108 108 110 112 115 117 118 120 121 121 121 121 122 122 122 122 121 120 118 117 116 115 114 113 112 112 111 109 108 108 106 105 105 104 104 104 104 103 103 104 106 107 107 107 107 107 108 109 109 109 108 106 105 104 105 106 107 107 106 104 101 98 97 96 95 95 92 90 90 90 91 91 92 93 94 93 94 98 100 99 99 101
116 117 118 118 117 114 112 112 114 117 117 115 112 111 111 108 108 111 114 116 118 119 120 120 120 121 122 122 122 122 121 119 118 117 115 114 113 113 112 111 110 109 108 108 107 107 106 106 106 107 107 106 105 106 108 109 109 109 109 109 109 109 109 109 108 107 106 106 106 107 107 106 104 101 99 97 96 95 93 92 90 90 91 92 94 95 96 97 96 93 94 97 100 101 101 102
116 118 119 118 117 114 113 113 115 118 118 117 114 113 113 111 109 110 112 115 117 118 118 119 119 121 122 122 122 121 121 119 118 117 115 114 113 112 112 111 111 110 110 110 109 110 109 109 109 110 110 109 108 109 110 111 111 110 109 109 108 108 108 109 109 109 108 107 107 108 107 105 103 101 100 98 97 95 93 90 90 90 92 95 97 99 100 100 98 95 94 97 100 102 103 104
118 118 119 118 117 115 114 115 117 118 119 118 116 116 115 113 111 110 111 113 115 116 116 117 119 121 122 123 122 121 120 119 118 117 116 114 114 112 112 112 112 112 112 112 111 112 112 111 112 113 114 112 112 112 112 113 112 111 109 108 107 107 108 109 109 109 109 109 108 108 107 105 104 103 101 99 96 94 92 90 90 91 94 96 98 100 102 102 99 96 96 97 100 103 105 106
119 119 119 118 117 115 115 117 118 118 119 118 118 117 116 115 113 112 111 112 113 114 115 118 120 122 123 122 122 121 121 119 118 118 116 115 114 112 112 112 112 113 114 113 113 114 114 113 114 115 115 114 114 114 113 113 112 111 109 107 106 106 107 108 109 110 109 109 108 107 106 104 102 102 100 98 95 92 91 91 91 92 94 97 99 101 103 103 100 98 97 97 99 102 104 106
119 119 119 119 117 116 117 118 119 119 119 119 118 117 116 115 114 112 112 113 113 115 117 118 120 122 123 122 122 122 121 120 119 118 116 115 114 113 112 112 113 114 114 114 114 115 115 114 114 114 115 114 114 113 113 113 112 111 108 106 105 106 107 108 109 110 109 107 106 106 105 103 100 100 98 95 93 91 91 92 93 94 94 97 99 101 103 103 101 99 98 97 100 103 105 107
119 119 120 119 118 118 119 120 120 120 120 119 118 117 116 115 114 113 115 115 115 118 119 120 121 122 123 122 122 121 121 120 118 118 116 115 114 113 113 113 114 115 115 115 115 114 114 114 113 113 113 113 112 112 113 112 112 110 108 106 105 106 107 108 109 109 108 106 103 102 103 101 98 96 94 92 91 91 92 94 95 96 95 96 98 101 103 105 103 101 99 98 101 104 106 107
118 118 119 119 119 119 119 120 120 120 120 120 119 118 117 115 114 115 117 117 116 119 121 121 122 122 122 122 122 121 120 119 118 117 116 115 114 114 114 114 114 114 114 115 114 113 113 112 111 111 111 111 111 111 112 112 111 109 107 105 105 105 107 108 109 109 107 105 101 99 99 99 96 94 92 91 91 92 94 96 99 99 96 96 99 101 104 106 106 104 102 100 101 104 107 108
116 117 118 118 118 118 119 120 120 121 121 120 120 120 118 116 115 117 118 118 118 120 122 122 122 122 122 122 122 121 120 119 118 117 115 115 115 115 115 115 114 114 114 114 113 112 111 111 110 110 109 109 109 110 111 111 110 108 106 105 105 105 106 108 109 108 107 104 100 97 96 96 93 92 91 91 92 93 95 98 100 101 98 97 100 102 104 106 107 106 104 102 102 105 108 109
114 116 116 116 117 117 118 119 119 120 121 121 121 121 119 118 117 118 119 119 118 120 122 122 121 121 121 122 122 121 120 119 118 117 116 115 115 115 115 114 114 113 113 113 112 111 111 110 110 109 108 108 108 108 109 109 108 107 106 104 104 105 106 108 109 108 106 104 101 98 95 94 92 92 92 93 94 95 97 99 101 102 99 98 100 103 105 107 108 108 105 103 103 105 108 109
113 113 114 114 115 116 117 118 118 119 120 120 121 121 121 120 120 120 121 121 120 121 121 121 121 121 121 121 122 121 120 119 118 118 116 115 115 115 114 114 113 112 111 111 111 110 110 109 109 108 107 106 105 106 106 106 105 105 104 103 103 104 106 109 109 107 106 104 102 98 96 93 92 92 93 95 97 98 99 101 102 103 102 99 100 103 106 108 109 109 107 105 104 106 109 109
112 112 112 113 114 115 116 117 118 118 119 120 121 121 122 122 122 122 122 122 121 121 121 121 121 121 121 121 122 121 120 119 119 118 116 115 115 114 114 113 112 111 111 111 110 110 109 108 107 107 106 105 104 104 104 104 103 103 103 102 102 104 106 108 109 107 105 104 102 100 98 94 92 92 95 97 99 100 101 103 104 105 104 102 100 101 105 108 110 111 109 107 105 107 109 109
112 112 112 113 114 115 115 117 118 118 119 120 121 121 122 122 122 122 122 121 121 121 120 120 120 120 120 121 121 121 120 119 119 118 116 115 114 114 113 112 112 111 111 110 110 109 109 108 106 105 105 104 103 102 102 103 102 102 102 101 101 103 105 107 108 108 106 103 101 99 97 94 92 93 95 98 100 102 103 103 105 106 105 104 102 102 104 107 110 112 111 109 107 107 109 109
112 112 112 113 115 115 116 117 118 118 119 120 121 121 121 121 121 122 122 121 120 120 120 120 120 120 120 120 121 121 120 119 119 118 116 115 114 113 113 112 111 111 110 110 109 109 108 107 106 105 104 103 102 102 101 101 101 101 101 100 100 101 103 105 106 107 105 103 100 98 96 93 92 94 96 99 101 103 104 104 105 107 107 106 104 102 104 106 109 112 112 110 109 108 109 108
111 111 112 114 116 117 118 118 119 120 120 121 121 121 121 121 121 121 121 121 120 119 119 119 119 119 119 119 120 120 120 119 118 118 116 115 114 113 113 112 111 111 110 109 108 108 107 106 105 104 104 102 102 102 101 100 99 99 100 100 99 98 100 102 103 104 104 102 99 97 94 92 92 95 98 102 104 104 105 106 106 107 108 107 106 105 105 107 109 111 112 112 110 109 109 108
111 111 113 114 115 117 118 119 121 122 122 122 122 121 121 121 121 120 120 120 119 119 118 118 118 118 118 118 119 120 119 119 118 117 115 115 114 113 113 112 112 111 110 110 109 108 106 105 105 104 103 103 104 104 103 102 100 99 98 98 97 96 97 98 100 101 101 100 98 96 94 92 93 96 100 103 105 106 106 107 108 109 109 109 108 108 107 107 108 111 112 112 112 111 110 107
110 110 112 113 114 116 118 119 121 121 121 121 121 121 120 120 120 120 119 119 119 118 117 117 117 117 118 118 119 119 119 119 118 117 115 115 114 114 114 113 112 111 111 110 109 109 107 105 105 104 104 105 106 106 105 103 101 99 98 97 96 96 95 95 96 97 98 97 96 94 93 93 94 97 100 102 105 107 108 108 109 110 111 111 111 110 110 109 109 111 112 113 112 111 109 107
109 109 110 112 114 116 118 119 120 120 120 120 120 120 120 119 119 119 119 118 118 117 117 116 116 116 117 118 119 119 119 118 118 117 115 115 115 115 114 114 113 112 111 110 109 109 107 105 105 105 105 106 107 107 106 104 102 101 100 99 98 97 97 96 95 94 95 94 94 93 93 93 95 97 100 102 104 106 108 109 110 111 112 112 112 112 112 111 110 111 112 113 112 111 109 106
109 109 110 112 115 117 119 119 119 119 118 118 119 119 119 119 119 119 119 118 117 116 116 115 115 115 117 118 119 119 119 118 117 116 115 115 115 115 115 114 113 112 111 111 109 108 107 106 106 106 106 108 109 108 106 105 104 104 104 103 102 101 101 99 96 94 93 93 93 93 93 93 95 97 99 101 103 105 107 108 110 111 112 112 113 113 113 112 112 112 112 113 112 111 108 105
108 109 110 113 115 117 118 118 117 117 117 117 118 118 118 118 118 118 118 118 117 116 115 115 115 115 116 117 118 119 119 118 117 116 115 115 115 116 116 115 114 113 112 111 110 108 108 107 107 107 108 109 109 108 107 106 106 107 107 106 106 105 104 103 100 95 93 93 93 93 93 93 95 97 99 102 104 105 107 108 109 110 111 111 112 112 112 112 112 112 112 113 112 111 108 106
107 109 111 113 115 117 117 116 115 115 115 116 117 117 118 117 117 117 118 117 116 115 115 115 115 115 116 117 118 119 118 118 117 115 115 115 116 117 117 116 115 114 113 112 110 109 109 109 109 109 109 110 109 109 108 108 108 108 108 107 106 104 103 102 99 96 93 93 94 94 93 93 95 98 100 102 104 105 106 107 108 109 109 110 110 110 110 111 111 112 112 113 113 112 109 108
107 109 111 113 115 116 116 114 113 113 113 115 116 116 117 117 116 117 117 117 116 115 114 114 114 115 116 117 118 119 118 117 116 116 115 116 117 118 118 117 116 115 114 113 112 111 111 110 110 109 109 110 109 109 109 109 109 108 107 105 104 103 101 100 97 95 94 94 96 96 95 93 95 97 99 101 103 104 105 106 106 107 108 108 108 109 109 111 111 112 112 113 113 112 111 111
107 109 112 114 115 115 114 112 111 111 112 113 113 114 115 115 115 116 116 115 115 114 113 113 114 115 117 118 118 119 118 117 117 117 116 116 117 118 118 118 117 116 115 114 113 112 112 111 111 110 110 110 110 109 109 108 107 106 105 103 102 100 98 97 95 94 94 95 98 98 96 94 94 96 98 99 101 102 103 104 104 105 106 107 108 109 109 111 111 112 112 112 113 113 112 112
107 110 112 113 114 114 113 110 109 110 111 111 112 112 114 115 115 115 114 114 113 113 112 113 114 115 117 119 119 119 118 118 118 117 117 117 118 118 118 118 117 116 115 114 113 112 112 111 110 110 110 109 109 109 108 107 106 104 101 100 98 96 95 94 94 95 95 97 99 99 97 95 95 95 96 97 99 100 101 101 102 104 105 106 107 108 109 110 111 111 112 112 113 113 113 113
107 110 111 112 113 113 112 110 108 109 110 111 112 114 115 115 115 114 113 112 112 112 112 113 114 116 117 118 119 119 119 118 118 118 118 118 118 118 117 116 117 116 115 114 113 112 111 110 109 109 109 108 108 107 106 105 103 100 98 96 96 96 95 96 97 98 99 99 100 98 97 97 97 96 95 96 98 99 100 100 101 103 104 105 106 107 107 108 110 111 112 112 113 114 114 114
106 109 110 111 112 113 112 109 108 108 109 112 113 115 115 115 114 112 111 111 112 112 113 114 115 115 117 118 119 120 119 118 118 118 118 118 117 117 115 114 115 115 114 113 112 111 110 109 108 107 107 107 106 105 104 102 99 97 97 97 98 98 98 98 100 102 103 102 99 97 97 98 98 98 97 96 97 98 99 100 101 102 103 104 105 106 107 108 110 111 112 114 115 115 115 115
106 108 109 110 112 112 111 109 107 107 109 111 112 113 114 113 112 110 110 111 112 112 113 114 115 116 117 118 119 120 119 118 117 117 117 118 117 116 114 113 114 114 114 113 112 110 109 108 107 106 105 104 104 102 101 99 98 98 99 99 100 101 101 101 101 104 105 103 100 97 98 99 100 99 98 97 97 98 99 101 101 102 103 104 106 107 108 109 110 112 114 115 116 116 116 115
105 107 108 110 111 110 109 108 107 107 108 110 111 111 111 110 110 109 110 111 112 113 114 115 116 117 118 119 120 120 120 118 117 116 116 117 117 115 113 112 112 112 112 112 111 109 108 107 106 104 102 101 100 99 98 98 99 101 102 102 102 103 104 104 104 106 106 104 101 99 100 101 101 101 100 98 97 98 101 104 104 105 105 106 108 109 110 110 111 112 114 116 117 116 116 116
105 106 108 109 108 106 106 106 105 106 107 108 108 108 109 108 109 109 110 111 112 113 114 115 116 118 119 120 120 121 120 118 116 115 115 116 116 115 113 111 111 111 111 110 109 108 107 105 104 102 100 99 99 100 100 101 101 102 104 104 103 104 106 107 107 107 107 104 101 100 101 103 103 104 103 100 98 98 102 105 106 107 108 108 109 111 111 112 112 113 114 116 116 116 116 116
104 106 107 107 105 104 104 104 105 105 105 105 106 106 107 108 109 110 111 112 113 114 115 115 116 118 119 121 122 121 120 118 116 114 114 115 115 115 113 111 109 109 109 109 108 107 106 104 102 100 100 100 101 103 103 104 103 104 105 106 105 106 108 109 109 109 107 104 101 101 103 105 106 106 105 102 99 98 101 103 105 107 108 109 110 111 112 113 114 114 115 116 116 116 116 116
103 105 105 105 104 104 104 104 105 105 105 105 106 106 107 108 108 110 112 113 114 115 116 117 117 118 119 121 121 121 119 117 115 114 113 114 115 114 113 111 109 107 107 107 106 105 104 103 101 100 101 103 105 106 106 106 105 105 107 107 106 107 109 110 111 110 107 104 102 102 104 106 107 108 107 104 100 99 101 102 104 106 108 109 109 111 112 113 114 115 116 116 116 115 115 116
103 103 104 103 103 104 105 105 107 108 108 107 109 109 108 109 109 110 111 113 114 116 117 118 118 119 120 121 121 120 118 116 114 113 112 114 114 113 111 110 108 107 105 105 104 103 102 101 101 101 103 106 109 109 109 108 106 107 108 109 108 108 110 111 111 110 107 104 102 103 105 107 109 109 108 106 102 100 102 103 105 106 108 109 109 110 112 113 114 115 116 116 115 115 114 115
