geo_cache/4-0/elevation.txt
ncols         949
nrows         918
xllcorner     -71.72222222222221
yllcorner     41.76
cellsize      1.0E-5
NODATA_value  -9999
[rows 414 to 459 of 918, columns 480 to 575 of 949]
68 65 63 63 65 71 73 72 71 72 75 73 71 71 71 71 73 75 76 72 65 63 63 63 63 63 63 70 81 89 95 96 98 102 105 109 113 118 123 128 133 137 140 145 145 142 142 137 137 139 136 132 129 125 121 119 121 121 121 117 112 107 103 98 94 91 93 91 87 84 82 80 76 75 75 74 74 74 74 76 77 77 77 74 73 71 67 63 61 56 48 47 47 47 47 47
68 66 63 63 66 72 74 74 72 72 75 75 73 72 71 71 73 74 76 76 73 65 63 63 63 63 63 67 75 83 90 94 96 100 104 109 113 116 122 128 134 135 137 143 144 142 138 133 133 135 136 134 130 126 122 119 120 120 118 114 110 108 107 101 94 93 95 93 87 83 81 79 75 75 75 74 74 74 74 75 76 77 77 75 73 71 67 63 61 57 49 47 47 47 47 47
68 65 61 63 66 70 73 75 75 73 73 74 73 73 72 73 73 73 75 76 76 68 63 63 63 63 63 63 68 77 85 89 92 98 105 112 113 115 120 125 131 133 136 141 140 138 133 128 131 132 136 136 131 127 124 119 118 116 113 112 111 110 108 103 99 96 96 93 87 84 82 80 78 75 75 74 75 74 73 73 75 77 75 74 72 67 65 62 60 57 51 47 47 47 47 47
68 65 63 68 69 68 70 72 72 73 73 73 72 71 72 74 76 78 78 76 74 71 65 63 63 63 63 63 63 70 79 85 90 98 105 113 117 118 120 124 130 133 135 136 135 134 131 127 129 129 130 133 131 126 121 116 114 111 108 110 112 111 107 104 102 99 96 92 87 85 82 81 79 75 75 75 76 76 73 73 75 76 75 74 71 67 66 66 61 57 54 47 47 47 47 47
69 70 72 70 67 66 68 68 68 69 70 72 71 70 72 75 77 79 80 78 75 74 71 66 63 63 63 63 63 68 78 83 89 98 106 114 119 122 124 126 130 133 134 133 132 133 131 128 126 124 124 127 127 125 121 117 115 111 108 110 111 108 104 104 103 99 95 91 88 87 85 84 81 77 75 76 76 76 73 74 74 74 75 74 71 67 67 68 62 57 55 50 47 47 47 47
70 70 72 69 64 64 65 67 66 64 68 72 73 74 73 75 78 79 82 82 79 77 74 74 68 63 63 63 63 66 75 83 89 98 106 114 120 124 126 128 130 131 133 132 131 131 129 126 122 119 119 121 124 125 123 121 119 115 111 111 109 105 104 104 102 98 94 89 89 88 86 86 84 79 76 76 76 74 74 74 74 74 74 72 70 68 68 68 63 58 56 52 48 47 47 47
68 68 69 69 65 64 64 66 66 64 69 73 75 77 76 76 78 81 83 83 80 77 75 77 71 63 63 63 63 63 73 84 89 96 104 113 120 124 126 128 129 129 133 132 130 127 126 123 119 116 117 118 121 123 122 121 121 119 114 111 107 104 103 103 101 97 94 90 89 89 87 87 85 82 78 78 76 74 74 74 75 75 73 71 68 67 65 65 64 59 56 53 49 49 48 47
67 67 69 69 67 64 64 66 66 65 71 74 76 77 77 77 78 81 83 82 79 77 76 77 71 63 63 63 63 63 72 85 89 96 103 112 118 123 125 128 128 128 131 130 127 125 123 121 118 116 117 118 120 121 119 119 121 120 116 111 106 104 102 102 101 98 94 92 90 89 88 88 86 83 81 79 77 75 74 74 75 75 73 70 67 65 63 63 63 59 56 53 50 50 48 47
67 68 70 72 70 66 66 67 67 66 74 76 79 79 79 77 79 81 82 82 79 77 77 77 68 63 63 63 63 63 72 85 90 96 103 110 114 118 120 123 125 127 126 123 122 123 122 121 118 118 119 121 122 120 117 116 118 120 118 115 110 106 104 102 101 100 97 94 91 89 89 90 89 88 84 80 78 76 75 74 74 73 70 68 67 64 62 62 60 58 56 52 50 49 48 47
69 68 69 72 70 68 67 67 67 68 75 77 79 79 79 78 79 81 82 83 79 76 72 69 63 63 63 63 63 63 73 88 93 99 105 109 112 113 117 120 123 125 123 121 121 124 124 122 119 119 122 126 126 124 123 119 118 118 119 118 115 111 106 104 102 101 100 95 92 90 90 92 93 91 85 80 79 78 76 73 72 70 67 67 66 64 62 61 60 58 56 55 53 49 48 47
71 69 70 71 72 71 70 69 67 67 75 78 80 79 78 79 80 80 81 80 76 70 64 63 63 63 63 63 63 63 73 89 94 100 105 108 112 114 119 122 124 125 124 124 125 127 127 124 120 121 126 130 130 130 128 122 119 120 121 119 117 115 110 107 106 103 100 95 90 87 90 92 93 92 86 82 80 78 76 74 71 68 67 67 65 64 62 60 60 58 56 57 54 50 47 47
73 72 73 72 73 73 72 71 68 68 75 80 82 82 78 78 78 77 80 77 64 63 63 63 63 63 63 63 63 63 73 88 93 98 104 110 114 119 123 125 128 128 129 130 129 128 127 127 123 123 127 130 130 129 128 122 121 123 125 122 119 117 114 111 108 103 98 94 90 87 88 92 93 92 88 86 84 79 76 73 70 67 67 67 65 65 63 61 60 58 56 55 54 50 46 45
73 73 73 73 77 77 74 73 73 74 76 81 83 85 81 78 75 76 78 72 64 64 63 63 63 63 63 63 63 63 72 86 90 96 103 112 117 121 124 127 129 129 134 135 133 129 127 127 125 124 126 129 129 128 126 124 125 126 127 123 120 118 115 112 109 104 99 94 91 89 88 93 95 94 91 88 85 79 76 72 69 67 67 67 65 65 63 61 60 57 56 54 53 51 47 45
74 74 75 77 81 80 76 75 77 79 80 81 82 85 83 78 75 75 74 64 65 76 67 63 63 63 63 63 63 63 69 80 86 93 103 112 118 122 125 129 129 129 133 135 134 131 128 128 125 124 126 130 131 130 129 129 130 129 128 124 120 120 117 113 109 104 100 96 92 89 89 93 96 95 92 88 86 81 79 75 70 68 68 67 65 65 62 61 61 57 54 54 53 52 50 49
79 78 79 81 84 81 76 76 79 82 85 82 81 85 87 81 76 74 72 63 68 81 79 67 64 63 63 63 63 63 68 79 82 88 98 109 117 122 127 130 133 131 132 131 132 132 130 130 125 123 125 129 131 132 132 132 133 131 129 126 122 121 117 114 109 105 101 98 94 90 90 93 96 96 93 89 86 82 80 76 71 70 69 68 65 64 62 60 59 55 54 55 54 52 51 52
86 85 85 84 84 78 73 73 77 81 85 82 81 87 88 83 78 75 72 62 76 80 80 79 74 66 63 63 63 63 67 79 79 84 95 106 115 122 128 130 134 134 133 132 134 135 134 134 130 126 125 127 129 131 132 132 133 131 129 126 122 119 116 115 110 105 103 102 97 94 93 93 97 99 97 93 89 85 82 79 75 72 72 69 66 63 62 61 58 55 55 56 54 54 53 52
88 89 85 85 83 77 73 74 76 76 81 82 82 86 87 84 80 77 72 61 71 78 80 82 81 74 63 63 63 63 65 69 73 80 91 101 111 118 126 130 134 134 134 135 137 138 139 139 136 131 128 128 128 130 131 131 132 130 128 124 122 118 115 114 109 105 106 107 102 97 94 93 97 100 98 94 90 88 84 81 78 75 72 70 67 64 63 62 60 56 56 56 55 55 54 52
88 88 84 84 83 78 76 77 76 73 78 82 83 85 86 84 80 78 73 63 64 76 80 83 84 80 63 63 63 63 63 63 68 76 85 96 106 114 122 130 134 135 137 137 137 139 139 140 137 133 132 133 131 130 130 131 132 129 127 124 121 119 116 114 111 107 110 111 106 100 95 93 97 101 101 98 94 90 87 82 79 76 72 70 67 66 65 63 64 60 56 54 54 54 53 51
87 85 84 87 86 79 76 76 76 73 79 84 84 84 86 84 80 78 75 74 71 74 79 83 84 81 63 63 63 63 63 63 64 72 82 92 101 109 118 126 133 137 137 137 136 139 140 140 137 134 134 136 135 130 130 133 133 129 127 125 122 121 117 115 114 111 112 111 108 104 100 96 97 102 103 101 99 93 89 85 81 77 73 70 67 67 65 64 64 60 57 54 54 53 52 50
85 84 84 87 88 82 77 75 73 73 80 84 82 82 84 83 80 78 76 76 73 74 78 82 83 79 71 63 63 63 63 63 63 71 81 89 98 104 113 122 129 135 137 138 138 140 142 142 140 136 135 136 136 132 131 133 132 129 129 125 122 122 117 116 117 115 115 113 112 109 105 101 97 102 104 102 100 94 91 87 82 78 75 72 70 69 66 64 61 60 59 56 54 53 52 52
85 85 84 84 85 83 80 75 72 73 81 84 82 82 84 84 82 80 77 76 74 74 77 79 76 72 74 66 63 63 63 63 63 65 75 84 93 101 110 119 125 132 137 139 139 141 142 144 143 139 138 138 139 135 132 133 131 129 129 126 122 123 122 119 118 119 120 117 115 113 109 104 98 98 103 103 100 96 93 88 82 80 78 74 72 72 68 65 61 60 60 56 54 54 55 54
86 86 84 84 84 84 81 78 75 73 80 85 83 82 83 84 85 82 77 75 74 74 75 72 68 66 67 69 63 63 63 63 63 63 69 79 88 97 107 117 124 132 136 137 138 140 142 144 146 144 142 141 141 138 133 130 130 129 127 127 125 124 124 122 121 123 125 122 118 115 109 105 99 97 101 104 103 99 94 90 84 81 80 77 75 73 70 67 64 61 60 57 55 55 54 54
85 84 84 84 83 82 82 82 80 76 79 85 83 81 82 82 84 83 79 75 72 72 74 72 69 70 65 66 63 63 63 63 63 63 68 75 82 92 104 116 124 132 135 135 137 140 141 144 146 145 143 141 140 137 133 131 131 129 127 127 125 125 125 123 124 126 129 127 123 118 111 106 103 99 101 104 104 101 96 91 86 83 80 79 76 73 72 69 68 66 62 58 56 55 53 51
84 84 84 84 83 82 82 82 82 79 81 86 84 81 82 82 80 80 80 75 71 69 71 71 74 77 64 62 63 63 63 63 63 63 67 73 80 90 102 114 122 129 134 135 139 140 141 144 144 143 140 138 138 136 135 134 133 132 130 127 127 128 128 124 126 129 129 130 127 120 113 108 105 101 101 104 104 101 96 91 87 84 80 80 76 74 74 72 73 72 67 60 57 56 53 51
82 83 81 81 83 83 83 83 83 81 81 86 85 82 83 81 77 77 78 75 71 69 70 71 75 80 65 62 63 63 63 63 63 63 68 73 79 87 98 109 118 125 130 135 137 138 140 143 143 143 139 138 138 138 138 137 134 133 132 129 129 131 132 129 129 130 130 130 129 125 118 111 106 103 101 103 103 100 96 90 87 84 81 81 78 76 76 75 75 75 70 63 57 56 56 55
76 75 78 80 82 82 83 83 83 82 82 85 86 86 85 81 78 77 76 73 72 70 70 70 73 78 73 73 64 63 63 63 63 66 71 72 77 85 94 103 112 119 125 130 132 134 137 139 143 146 142 139 138 139 140 137 134 134 134 132 132 133 132 132 133 133 130 131 130 127 121 114 108 105 104 102 99 96 95 92 87 84 80 80 78 78 76 76 76 76 71 64 59 58 58 56
72 72 74 79 82 82 83 83 83 82 82 84 86 86 87 83 80 78 76 72 70 71 73 72 70 72 75 79 65 63 63 63 63 69 74 72 76 83 91 99 106 114 120 125 128 130 135 138 143 146 144 142 142 141 141 137 134 135 137 137 136 132 132 132 135 137 134 134 131 127 124 118 111 107 105 102 98 95 95 94 88 84 81 80 79 79 77 76 76 76 73 67 62 59 58 57
72 72 74 80 82 83 83 83 83 83 83 84 86 86 86 84 81 79 75 71 69 70 73 72 69 69 69 73 65 63 63 63 63 68 73 72 76 81 88 94 101 108 114 120 125 129 134 137 141 142 144 143 142 141 140 137 136 136 138 139 137 132 132 134 137 137 135 135 132 130 127 120 113 108 105 101 99 99 100 96 91 88 85 81 79 79 79 77 75 75 74 70 66 62 58 56
72 73 77 81 83 83 83 83 83 83 83 84 85 85 85 83 82 80 75 73 71 70 72 72 68 68 67 72 72 63 63 63 63 66 69 71 77 81 88 93 98 103 109 116 122 127 133 137 139 140 143 143 139 139 139 137 137 135 137 139 137 136 133 136 137 134 135 135 134 133 128 121 113 108 104 101 102 101 101 97 92 89 87 82 79 79 80 80 76 75 76 73 69 65 59 55
79 80 78 79 79 79 81 81 80 81 83 84 84 85 82 80 81 78 76 75 73 75 77 73 69 69 68 71 74 64 63 63 63 63 67 73 79 85 92 97 99 103 108 113 120 127 132 134 134 136 141 140 136 137 139 138 137 135 137 138 139 137 134 136 136 134 135 135 135 133 128 122 113 108 104 101 102 103 102 100 97 93 90 85 81 78 80 81 77 76 76 73 71 68 62 57
81 77 74 73 73 74 80 82 79 79 82 84 86 85 81 80 80 78 76 75 74 76 77 74 71 70 70 69 72 64 63 63 63 63 66 73 80 87 94 101 103 105 109 113 119 126 131 131 129 131 136 137 136 136 138 136 137 136 137 139 139 136 133 133 135 136 135 133 133 131 127 121 113 108 104 101 102 104 103 103 102 98 94 90 84 79 79 80 77 75 74 70 70 69 63 58
75 73 72 72 73 76 81 82 79 80 82 86 86 84 81 80 80 77 74 74 73 74 76 75 73 72 70 67 68 64 63 63 63 63 63 69 80 87 95 103 107 107 109 114 119 126 130 131 131 131 132 136 136 135 135 134 136 138 139 139 139 137 136 135 134 136 135 133 133 130 126 121 115 110 106 103 103 105 104 104 106 103 98 92 86 83 79 79 77 75 72 69 69 68 64 62
73 73 72 76 77 77 80 81 80 81 82 85 86 82 79 79 79 75 72 72 72 73 74 75 74 74 71 66 64 63 63 63 63 63 63 67 80 89 97 106 111 112 115 120 123 126 130 133 135 135 133 136 136 135 135 136 140 142 141 139 139 139 140 140 135 135 134 132 132 129 125 121 117 111 107 104 104 105 104 105 105 103 98 93 88 84 81 78 75 72 69 67 66 67 67 65
74 73 77 81 77 77 79 80 81 81 81 83 85 81 78 78 76 72 71 71 71 73 73 73 73 74 73 66 63 62 62 62 62 63 63 69 84 93 101 108 113 118 122 127 128 130 133 137 139 140 138 140 138 135 137 142 143 144 143 139 139 139 139 140 137 135 133 131 128 125 122 119 115 111 107 103 101 102 104 104 104 102 99 96 91 86 82 78 75 71 69 66 65 66 68 66
74 72 80 86 82 80 80 80 81 82 81 80 81 80 78 78 75 71 71 71 71 72 70 70 69 72 73 67 63 64 62 62 62 63 66 77 86 94 102 110 116 120 123 127 129 133 136 139 141 143 141 141 140 140 142 146 146 145 143 139 138 138 135 135 136 135 132 129 127 125 121 119 114 111 108 105 104 102 103 105 106 105 102 99 95 90 85 80 77 73 71 71 68 66 65 65
74 72 81 88 85 85 84 83 83 82 80 77 77 76 76 76 74 71 71 72 72 71 69 69 69 69 71 67 65 67 65 63 63 67 72 79 87 94 103 112 118 119 117 121 129 135 139 140 142 144 143 142 142 145 147 151 152 149 145 141 139 138 134 134 136 135 131 128 127 128 125 122 117 113 109 106 106 104 104 105 106 106 104 100 96 92 86 80 77 73 72 74 72 69 65 65
73 73 83 89 86 86 85 84 84 81 80 76 75 74 74 72 69 69 69 71 71 71 69 70 68 66 67 66 67 71 71 69 69 73 74 80 87 95 104 112 119 118 116 120 128 135 138 140 141 143 143 143 145 147 150 155 156 152 146 143 141 140 136 136 137 134 131 129 128 129 127 123 119 114 110 107 107 107 107 105 105 105 103 99 95 91 84 79 75 72 73 74 74 74 71 68
72 80 90 87 85 84 83 83 81 81 80 76 74 72 71 70 67 67 68 71 71 70 70 69 67 65 66 66 68 72 74 74 73 73 74 81 89 97 104 112 118 119 118 121 127 132 136 140 142 142 142 142 145 148 150 156 156 152 146 145 145 144 140 137 135 132 131 130 130 132 128 124 119 115 113 110 108 109 110 108 105 105 104 100 94 90 83 80 77 75 77 77 75 75 73 70
72 79 86 83 83 81 79 78 78 78 79 76 72 71 70 70 69 67 67 72 73 71 70 69 68 65 67 69 68 72 75 76 75 73 75 81 90 96 101 109 116 119 119 122 125 129 135 140 143 144 142 142 144 148 152 155 153 150 146 147 147 145 142 138 134 130 130 131 131 132 128 125 120 118 117 115 110 109 110 108 107 107 108 102 96 92 88 85 83 80 81 80 76 74 73 72
72 73 74 77 80 76 72 73 77 77 78 75 71 71 71 71 72 69 69 72 73 71 69 67 67 66 69 71 71 74 76 76 74 74 78 82 88 94 99 107 114 118 119 123 124 126 131 136 141 143 143 145 146 149 152 153 153 150 147 146 147 146 143 139 135 132 132 133 134 135 132 127 121 119 117 116 112 108 108 108 106 107 108 103 99 96 92 88 86 83 81 80 77 74 74 74
73 72 72 72 73 72 72 73 78 77 77 76 71 71 73 73 76 74 70 70 71 71 69 67 66 66 70 72 72 76 77 72 66 71 81 84 88 93 96 102 110 115 118 122 124 126 127 131 137 142 146 148 150 150 150 153 153 151 146 143 144 145 144 142 139 137 135 135 135 136 135 131 125 121 119 118 115 109 108 108 106 104 105 106 103 100 94 91 87 83 79 78 78 77 76 76
75 72 72 72 72 72 72 74 79 78 78 76 72 72 74 74 76 75 71 69 70 70 69 67 66 67 70 72 73 77 77 70 65 70 82 85 89 92 95 101 108 113 117 122 124 126 126 129 136 142 147 148 150 150 150 153 153 151 145 142 144 145 144 143 140 138 136 136 136 136 135 132 127 122 120 119 116 110 108 108 106 103 105 106 105 102 95 91 88 83 79 78 78 78 77 77
83 80 80 78 76 74 75 77 81 80 78 75 72 72 73 73 73 73 69 66 68 69 68 68 68 70 74 75 73 76 72 66 65 69 84 88 89 92 93 97 104 110 116 121 123 126 125 125 132 138 143 144 146 150 150 153 154 151 146 142 141 143 143 143 142 140 137 137 137 135 133 130 127 123 121 123 119 113 109 108 106 103 103 108 110 105 99 93 89 85 80 78 78 78 78 79
84 87 87 86 83 80 79 80 82 81 78 74 72 72 71 73 71 70 68 65 66 68 67 68 71 73 76 77 76 78 72 65 65 72 84 87 89 92 95 98 104 111 117 119 120 124 125 126 131 134 137 137 139 143 146 149 152 151 147 142 140 141 143 144 143 141 139 138 139 137 133 129 127 124 123 123 120 114 109 106 106 105 104 107 110 106 99 93 89 86 82 78 78 78 80 80
86 86 86 86 84 82 82 80 80 79 77 74 72 71 68 70 70 70 66 64 66 70 70 69 72 72 74 77 78 78 69 65 66 79 84 87 90 94 98 99 105 112 117 118 119 122 125 127 131 132 132 134 136 138 141 143 147 150 147 143 140 141 143 143 144 142 140 139 139 139 137 130 128 125 122 121 120 114 110 106 106 106 104 103 106 106 102 96 91 86 83 79 78 78 80 79
89 89 84 81 80 80 78 78 76 75 75 73 73 73 69 67 68 69 66 65 67 71 73 71 70 71 72 76 80 74 65 66 70 77 82 89 93 98 102 101 102 108 113 116 120 123 126 129 133 133 132 136 136 136 137 139 141 143 142 140 139 140 139 140 141 140 139 138 139 141 138 133 130 124 117 117 118 117 114 108 105 105 104 100 100 103 104 99 95 88 83 82 80 79 79 77
