geo_cache/4-0/elevation.txt
ncols         949
nrows         918
xllcorner     -71.72222222222221
yllcorner     41.76
cellsize      1.0E-5
NODATA_value  -9999
[rows 230 to 275 of 918, columns 576 to 671 of 949]
112 111 111 114 116 118 117 117 118 119 121 120 119 117 113 111 108 107 108 103 103 103 103 103 103 103 103 103 103 103 103 103 103 103 103 103 103 103 103 103 103 103 103 103 103 103 103 103 103 103 103 103 103 103 103 102 101 101 100 100 100 99 98 96 94 92 91 90 89 89 89 89 90 89 89 90 90 89 89 89 90 90 91 91 91 91 91 91 91 91 92 94 97 97 98 99
114 111 111 114 115 116 116 118 119 119 118 118 119 117 113 112 109 106 105 103 103 103 103 103 103 103 103 103 103 103 103 103 103 103 103 103 103 103 103 103 103 103 103 103 103 103 103 103 103 103 103 103 103 103 103 103 102 102 101 101 100 99 99 97 96 95 93 92 90 90 90 90 91 90 92 93 93 92 91 90 90 90 90 91 91 91 91 91 91 91 92 95 97 97 97 97
115 112 112 113 113 114 117 120 119 117 115 115 117 116 113 111 109 105 103 103 103 103 103 103 103 103 103 103 103 103 103 103 103 103 103 103 103 103 103 103 103 103 103 103 103 103 103 103 103 103 103 103 103 103 103 103 102 102 101 101 101 100 99 99 98 97 96 94 92 90 90 92 94 95 96 97 96 96 94 91 89 89 90 90 90 91 91 91 91 91 93 95 97 97 96 96
114 111 110 112 112 114 117 119 118 115 113 114 116 114 110 109 109 104 103 103 103 103 103 103 103 103 103 103 103 103 103 103 103 103 103 103 103 103 103 103 103 103 103 103 103 103 103 103 103 103 103 103 103 103 103 103 102 102 101 101 101 100 100 99 98 97 97 96 93 91 92 93 95 98 98 98 98 98 96 92 89 89 89 90 90 91 91 91 91 91 92 94 96 96 96 96
112 109 109 112 114 114 114 114 114 113 112 113 114 113 109 108 108 103 103 103 103 103 103 103 103 103 103 103 103 103 103 103 103 103 103 103 103 103 103 103 103 103 103 103 103 103 103 103 103 103 103 103 103 103 103 103 102 102 101 101 101 100 99 99 97 96 95 94 92 91 92 92 94 96 97 97 98 98 96 92 89 89 89 90 90 90 90 90 90 90 91 92 95 96 96 95
110 109 110 112 115 113 111 111 111 112 111 112 113 113 110 109 108 103 103 103 103 103 103 103 103 103 103 103 103 103 103 103 103 103 103 103 103 103 103 103 103 103 103 103 103 103 103 103 103 103 103 103 103 103 103 103 103 103 101 101 100 99 98 97 95 94 93 92 91 91 91 91 91 92 94 95 96 98 95 91 89 89 89 90 90 90 90 90 90 90 90 91 94 95 94 94
109 110 112 114 113 110 109 111 112 111 110 111 112 112 110 108 106 103 103 103 103 103 103 103 103 103 103 103 103 103 103 103 103 103 103 103 103 103 103 103 103 103 103 103 103 103 103 103 103 103 103 103 103 103 103 103 103 103 101 100 100 98 97 96 94 93 92 92 91 91 91 91 90 90 91 91 93 95 94 90 89 89 89 90 90 89 89 89 89 90 90 91 93 94 94 94
110 113 115 114 113 110 109 111 112 111 110 110 111 109 107 105 103 103 103 103 103 103 103 103 103 103 103 103 103 103 103 103 103 103 103 103 103 103 103 103 103 103 103 103 103 103 103 103 103 103 103 103 103 103 103 103 103 103 101 100 99 97 96 95 94 93 92 92 91 91 91 91 90 90 90 90 90 92 92 90 90 91 91 92 91 89 89 89 89 90 91 91 92 93 94 94
115 117 115 115 115 114 111 109 111 111 109 108 107 104 103 102 102 103 103 103 103 103 103 103 103 103 103 103 103 103 103 103 103 103 103 103 103 103 103 103 103 103 103 103 103 103 103 103 103 103 103 103 103 103 103 103 103 103 101 99 98 97 96 96 96 95 93 92 92 92 91 91 90 90 90 90 90 91 91 90 91 93 94 93 92 90 89 89 89 90 90 90 91 92 93 94
119 119 117 116 117 116 113 108 108 108 108 106 104 102 101 102 102 103 103 103 103 103 103 103 103 103 103 103 103 103 103 103 103 103 103 103 103 103 103 103 103 103 103 103 103 103 103 103 103 103 103 103 103 103 103 103 103 103 101 99 98 97 97 98 98 97 93 93 92 92 91 91 90 90 90 90 90 90 90 90 90 93 94 92 91 90 89 90 90 90 90 90 91 92 93 94
118 118 118 117 117 115 112 109 106 105 105 104 103 103 103 102 102 104 104 103 103 103 103 103 103 103 103 103 103 103 103 103 103 103 103 103 103 103 103 103 103 103 103 103 103 103 103 103 103 103 103 103 103 103 103 103 103 103 101 100 98 98 99 100 100 97 94 93 92 92 91 91 91 90 90 90 90 90 90 90 90 92 92 91 91 91 90 90 90 90 90 90 92 93 94 94
114 116 118 117 116 114 113 111 109 106 105 105 106 107 109 106 105 107 108 107 103 102 103 103 103 103 103 103 103 103 103 103 103 103 103 103 103 103 103 103 103 103 103 103 103 103 103 103 103 103 103 103 103 103 103 103 103 103 102 101 100 100 102 102 101 98 95 93 93 92 91 91 91 90 90 90 90 90 90 90 90 91 91 91 92 91 91 90 90 90 90 90 92 94 95 95
112 114 117 116 116 115 116 115 112 110 108 108 110 111 114 113 111 112 114 115 104 101 103 103 103 103 103 103 103 103 103 103 103 103 103 103 103 103 103 103 103 103 103 103 103 103 103 103 103 103 103 103 103 103 103 103 103 103 102 102 102 102 103 104 103 100 96 94 93 93 92 92 91 90 90 90 90 90 90 90 91 91 91 92 92 91 91 90 90 90 90 90 93 94 96 96
113 113 115 114 114 115 119 119 115 114 112 112 114 114 117 119 117 117 117 117 109 106 105 103 103 103 103 103 104 104 103 103 103 103 103 103 103 103 103 103 103 103 103 103 103 103 103 103 103 103 103 103 103 103 103 103 103 103 103 103 103 103 105 106 105 102 98 95 93 93 92 92 91 91 91 91 91 91 91 91 91 91 91 91 91 91 91 90 90 90 90 90 92 94 96 97
114 114 115 113 111 114 118 117 116 116 115 114 115 116 119 120 118 115 114 114 112 111 107 103 103 103 103 104 106 106 105 103 102 102 102 102 103 103 103 103 103 103 103 103 103 103 103 103 103 103 103 103 103 103 103 103 103 103 103 103 103 104 106 106 106 104 100 97 94 93 92 92 92 91 91 91 91 91 91 91 91 91 91 91 91 91 91 90 90 90 90 90 92 95 97 98
117 116 117 115 111 112 114 113 113 114 115 113 113 115 118 117 114 110 108 108 110 107 105 103 103 103 104 107 108 108 107 104 103 102 102 102 102 103 103 103 103 103 103 103 103 103 103 103 103 103 103 103 103 103 103 103 103 103 103 103 103 104 107 108 108 107 103 99 96 93 93 93 92 93 91 91 91 91 91 91 91 91 91 91 91 91 91 91 91 90 91 91 93 95 96 97
121 119 119 117 113 112 111 110 112 114 114 114 113 114 116 113 109 104 103 104 105 102 103 103 103 104 107 109 110 110 108 107 106 103 102 102 103 104 103 103 103 103 103 103 103 103 103 103 103 103 103 104 104 103 103 103 103 103 103 103 103 105 107 109 109 109 106 102 98 94 93 93 93 93 92 91 91 91 91 91 91 91 91 91 91 91 91 92 92 91 91 91 93 94 96 97
122 121 118 117 116 114 112 111 113 115 115 115 113 113 113 109 105 102 102 103 104 104 105 105 105 106 109 111 112 111 110 110 108 105 103 103 105 106 104 103 103 103 103 103 103 103 103 103 103 103 103 104 104 104 104 104 104 104 104 103 104 106 108 110 111 110 108 105 100 96 94 93 93 93 91 91 91 90 90 90 90 90 90 90 90 93 93 93 93 92 91 91 93 93 95 97
121 121 117 117 118 117 115 112 114 115 114 113 111 111 110 107 105 104 104 104 106 108 110 109 107 108 111 112 113 112 112 111 108 107 106 106 107 106 106 104 103 103 103 103 103 103 103 103 103 103 103 104 104 105 105 105 105 105 106 105 106 108 110 112 112 112 110 107 103 99 97 95 94 92 91 91 91 90 90 90 90 90 90 90 90 93 93 93 93 92 91 91 93 93 95 97
121 121 118 118 118 117 115 113 114 114 113 111 110 110 109 106 106 105 105 107 108 110 112 112 110 110 111 113 113 113 113 111 109 107 107 107 107 107 107 105 104 103 103 103 103 103 103 103 103 103 103 105 105 105 105 105 106 106 107 107 108 109 111 113 113 113 111 109 105 101 98 96 94 92 92 91 91 90 90 90 90 90 90 90 90 92 93 93 93 92 92 92 93 94 96 98
122 122 120 120 118 115 113 114 114 112 110 109 109 108 107 107 107 107 108 109 110 112 114 114 112 111 113 114 114 113 113 112 111 110 109 109 109 109 107 105 104 103 103 103 103 103 103 103 103 103 103 103 104 104 105 106 107 108 108 109 109 111 113 115 115 115 113 110 107 103 100 97 95 94 93 91 90 90 90 90 90 90 90 90 90 92 92 93 93 93 92 92 94 94 96 98
125 123 120 120 116 112 111 113 112 109 108 108 108 108 106 107 107 110 112 113 114 115 115 115 115 114 115 116 115 114 114 113 113 114 113 111 111 110 108 106 104 103 103 103 103 103 103 103 103 103 103 103 103 104 105 106 108 109 110 111 111 113 115 118 118 117 114 111 108 105 101 98 96 94 93 91 90 90 89 89 89 89 90 90 92 93 93 93 93 93 93 93 94 94 96 98
125 123 120 118 115 111 111 111 110 109 108 108 108 107 106 107 107 111 113 115 117 117 116 116 117 116 117 117 116 115 115 115 117 117 115 114 113 112 110 107 104 103 103 103 103 103 103 103 103 103 103 103 103 104 105 106 108 109 111 112 113 115 117 120 121 119 115 112 109 106 102 99 96 93 93 92 91 90 89 89 89 89 90 90 92 94 94 94 94 94 93 93 94 94 95 96
124 124 122 119 115 111 111 112 111 110 109 108 107 107 108 109 109 111 113 115 116 117 116 118 119 119 119 117 115 115 117 119 120 119 117 116 115 114 112 107 104 103 103 103 103 103 103 103 103 103 103 103 103 104 105 107 109 110 112 114 115 116 119 123 124 120 116 113 109 106 103 99 97 94 94 93 91 89 89 89 89 89 90 90 91 92 92 93 93 94 93 93 94 94 94 95
125 126 125 122 117 113 113 114 113 111 110 108 107 108 109 111 112 112 113 114 114 116 118 120 121 122 121 117 116 118 120 122 123 121 119 118 117 116 112 106 104 103 103 103 103 103 103 103 103 103 103 103 103 105 106 107 109 110 113 115 116 118 122 126 125 121 116 113 108 106 103 100 98 96 95 93 91 89 89 89 89 89 89 90 90 90 90 92 94 95 94 94 94 94 94 94
125 126 129 125 120 116 116 116 115 113 112 111 110 110 110 111 111 112 112 114 115 117 120 122 122 122 121 118 118 121 123 123 124 123 121 120 118 116 111 105 104 103 103 103 103 103 103 103 103 103 103 103 103 105 106 107 109 110 113 115 117 119 122 126 125 121 116 113 109 106 103 101 99 96 95 92 91 89 89 89 89 89 89 90 90 90 90 92 94 95 96 95 94 94 94 94
126 127 129 128 123 121 120 116 116 116 115 114 113 111 110 111 111 113 114 115 117 119 121 122 122 122 121 120 121 124 125 125 126 126 123 121 117 114 110 105 104 103 103 103 103 103 103 103 103 103 103 103 103 106 106 107 110 110 113 115 117 119 122 124 123 121 116 113 110 107 103 101 99 97 95 91 91 89 89 89 89 89 89 90 90 90 90 92 94 95 96 96 95 95 94 94
127 129 130 130 126 124 122 118 117 117 117 117 114 111 111 111 113 116 116 118 120 122 123 123 122 123 123 122 122 126 129 128 128 127 123 119 115 112 108 105 105 103 103 103 103 103 103 103 103 103 103 103 103 105 106 107 110 110 113 114 116 118 120 121 121 119 116 114 110 107 104 102 100 97 95 92 90 89 89 89 89 89 89 90 90 90 90 92 94 96 96 96 96 97 96 96
130 132 132 132 129 125 121 118 117 117 119 119 114 112 112 113 116 119 119 120 122 124 124 123 123 123 123 123 125 129 132 130 128 127 122 119 114 110 108 106 105 103 103 103 103 103 103 103 103 103 103 103 103 103 105 107 110 110 113 113 115 116 117 118 118 117 116 114 110 108 104 102 100 97 96 92 90 89 89 90 89 89 89 90 90 91 91 93 94 96 97 97 98 98 98 97
133 133 131 130 129 126 123 120 119 121 123 121 116 114 113 116 119 122 121 122 124 125 124 123 122 123 123 124 128 132 134 132 129 127 124 120 115 110 108 107 106 105 105 104 104 103 103 103 103 103 103 103 103 103 104 107 110 110 113 113 114 115 116 117 117 117 116 113 110 108 104 102 99 97 94 91 90 90 92 93 91 89 89 90 90 91 91 93 94 95 97 97 99 99 98 97
133 132 128 125 126 127 126 123 122 124 125 123 119 116 116 120 123 125 123 123 125 125 125 124 122 123 123 125 129 133 134 134 131 127 124 121 116 112 109 108 108 108 107 107 106 103 103 103 103 103 103 103 103 103 104 107 110 110 112 113 113 114 115 116 116 117 116 113 109 107 104 102 98 95 93 91 91 93 96 95 91 89 89 90 90 91 91 94 94 95 97 97 99 99 97 96
131 129 125 124 125 128 128 125 124 124 127 126 122 119 120 123 126 127 124 124 126 127 127 126 123 124 124 127 131 134 135 135 132 129 125 120 116 112 110 110 111 110 109 109 107 105 103 103 103 103 103 103 103 103 104 107 110 110 111 112 112 113 114 114 115 115 115 112 109 107 104 102 98 94 94 93 93 95 97 95 90 90 89 90 90 91 91 94 95 96 97 97 98 98 97 96
129 126 124 124 126 129 128 127 126 125 128 128 125 124 125 126 128 127 125 124 126 127 129 129 127 127 128 129 133 136 137 136 133 131 125 120 115 112 111 111 111 111 110 110 109 106 103 103 103 103 103 103 103 104 104 107 110 110 111 111 111 112 113 113 114 114 113 111 108 107 104 103 99 96 96 96 95 96 97 95 92 91 90 90 90 91 93 94 95 96 96 96 98 98 97 97
127 126 125 124 126 130 130 130 130 127 127 127 127 127 128 129 129 126 125 125 127 129 130 132 132 132 132 133 135 137 137 136 133 131 125 120 115 112 111 113 113 112 112 111 109 106 103 103 103 103 103 103 103 103 104 107 109 110 110 110 110 110 111 112 112 112 112 110 108 107 104 103 99 98 99 98 97 96 96 96 94 92 90 90 91 93 94 95 96 96 95 95 98 98 99 99
127 127 127 125 127 131 132 132 132 129 127 127 128 129 130 130 130 128 128 129 131 132 133 135 136 136 136 137 137 137 137 136 133 130 124 119 115 113 113 114 114 114 113 112 110 107 103 103 103 103 103 103 103 104 104 106 108 109 109 109 109 109 110 110 111 111 111 110 107 107 104 103 100 99 99 99 98 97 97 96 94 92 90 90 91 94 94 96 97 96 93 94 97 99 100 100
126 127 128 128 129 133 133 132 132 130 127 127 130 131 131 131 131 130 133 134 134 136 137 138 139 139 139 138 138 137 137 137 134 130 123 119 116 115 115 116 116 115 114 113 111 108 105 104 105 104 103 103 104 105 105 105 107 108 109 109 109 108 108 108 109 109 109 109 107 106 104 103 100 99 99 99 99 98 97 97 95 92 89 89 91 93 94 96 96 96 93 93 96 99 101 101
127 127 129 131 132 135 135 133 132 131 129 128 132 132 131 132 132 132 136 138 137 139 140 140 140 140 140 138 138 139 138 138 136 131 124 120 118 116 116 117 117 116 115 114 111 109 107 106 106 105 104 103 104 105 104 105 107 107 109 109 109 108 108 107 107 107 107 107 106 105 104 103 99 98 98 99 99 98 97 97 95 92 90 90 92 93 94 94 95 95 94 94 95 99 100 101
130 129 130 133 134 136 136 134 134 133 131 130 133 133 132 133 134 134 138 140 140 141 142 142 141 142 141 140 139 139 139 138 136 132 125 121 119 117 118 118 118 118 116 115 112 110 108 108 107 106 105 104 104 103 103 105 108 108 108 108 108 108 107 106 106 106 106 106 105 104 103 101 98 97 98 99 99 97 97 97 94 93 93 93 94 93 93 94 94 94 94 94 95 97 98 99
132 131 130 134 134 134 134 134 134 133 132 132 134 134 133 134 137 138 141 142 142 144 146 144 144 144 142 141 141 139 139 137 135 132 126 123 121 119 119 120 120 119 117 115 113 111 109 109 108 106 106 104 103 103 103 105 107 108 107 107 107 107 105 104 105 105 106 106 104 102 102 100 97 97 97 99 99 98 97 97 95 95 95 95 95 94 94 94 94 94 94 94 94 94 97 98
133 133 133 133 133 131 130 132 133 131 132 133 135 135 136 136 139 142 144 144 144 146 148 147 147 145 143 143 142 139 139 135 132 130 128 126 123 121 121 121 121 120 118 116 113 112 111 110 109 107 106 104 103 103 103 104 106 106 106 105 104 104 103 102 103 104 105 105 103 101 100 98 97 97 97 99 99 98 97 97 96 96 95 95 95 95 94 94 94 94 93 93 93 93 96 97
136 135 136 132 131 129 129 132 131 129 130 133 135 135 136 138 142 145 146 146 145 145 146 147 147 144 143 143 143 141 139 135 130 129 129 128 124 122 122 122 122 121 119 116 114 112 111 111 109 108 107 105 103 102 102 103 104 104 104 103 102 101 101 101 102 103 104 103 102 101 99 97 97 97 97 97 97 96 96 96 97 97 96 96 96 95 95 95 95 94 93 93 92 92 94 96
138 136 136 131 130 130 131 133 131 129 130 132 135 135 137 140 144 146 146 145 145 143 143 144 144 142 142 143 142 142 140 137 132 129 128 127 124 123 123 123 123 121 120 117 115 113 112 111 110 108 107 105 104 102 102 102 103 103 102 101 101 100 100 100 101 102 103 102 101 100 98 97 97 97 97 96 96 95 95 96 97 97 97 96 96 96 96 96 96 95 93 93 92 92 93 94
138 136 135 132 132 133 134 135 133 130 131 134 137 138 141 143 144 145 143 142 143 144 142 141 141 142 144 143 140 140 142 140 135 131 127 125 123 123 123 123 123 122 120 118 115 114 113 112 110 109 108 105 104 103 103 103 102 102 101 100 100 99 99 99 100 101 101 101 100 99 97 97 96 96 96 96 96 95 95 95 97 97 97 97 97 97 97 97 97 96 95 93 92 92 93 93
140 138 136 135 135 136 137 136 134 134 135 137 139 142 145 146 144 143 141 142 144 147 145 142 143 145 146 145 141 141 143 142 137 133 128 125 123 123 123 124 124 122 121 119 116 115 113 113 111 110 109 107 105 105 106 106 104 102 100 100 100 99 99 99 99 99 100 99 99 98 96 96 96 96 96 96 96 95 95 95 97 97 98 98 98 98 99 99 98 97 97 95 94 93 93 93
140 140 137 137 137 137 137 136 136 137 139 140 141 145 147 146 145 143 142 144 145 147 147 146 147 148 147 145 143 141 141 141 137 133 128 125 122 122 122 124 124 123 122 119 116 115 114 113 112 112 110 108 106 107 108 108 106 103 101 100 100 99 99 98 98 98 98 97 97 97 96 96 95 95 95 96 96 96 96 96 97 97 98 99 100 100 101 101 100 99 97 97 96 95 94 93
137 137 137 140 138 137 136 137 138 139 142 144 144 147 149 148 146 144 144 145 145 146 149 149 149 148 146 144 143 141 140 139 136 131 126 124 122 122 122 124 124 123 122 119 117 116 114 114 114 113 112 109 107 108 108 109 107 104 101 100 100 99 99 98 98 97 97 97 96 96 96 96 95 95 95 96 96 96 96 96 98 98 99 100 102 103 103 103 103 101 99 98 97 98 96 94
