geo_cache/4-0/elevation.txt
ncols         949
nrows         918
xllcorner     -71.72222222222221
yllcorner     41.76
cellsize      1.0E-5
NODATA_value  -9999
[rows 598 to 643 of 918, columns 0 to 95 of 949]
141 141 141 140 140 140 141 144 150 154 159 164 166 170 172 175 177 179 180 180 179 179 178 177 176 174 173 169 167 167 165 165 163 162 160 159 159 158 158 156 156 155 152 152 151 151 150 150 150 147 144 143 143 143 141 139 138 138 139 144 147 147 147 146 144 142 141 141 142 144 146 148 148 151 154 155 157 157 157 157 155 154 153 151 151 151 151 150 149 149 148 147 145 145 146 149
141 141 141 140 140 140 141 144 150 154 160 164 166 170 172 176 178 180 181 181 180 180 178 178 177 175 173 170 168 167 165 165 163 162 160 159 159 158 158 157 156 155 152 152 151 151 150 150 150 146 142 140 140 140 139 138 137 137 139 143 146 146 146 145 144 141 140 140 140 141 142 144 145 148 153 155 157 157 157 156 155 154 153 151 151 149 149 148 148 148 148 147 145 145 145 148
141 140 140 139 139 140 141 144 149 154 160 165 166 170 173 176 179 181 182 182 181 180 179 178 177 175 174 171 169 167 166 165 163 162 160 160 160 160 159 158 156 155 153 152 151 151 150 150 147 144 141 138 137 137 137 137 136 137 139 142 144 144 144 143 142 140 139 139 139 140 140 142 144 147 150 154 156 157 156 155 155 154 153 151 150 149 148 147 147 147 147 146 145 145 145 148
140 140 140 139 139 139 140 143 149 154 159 165 167 171 173 177 180 182 183 183 182 181 180 179 178 175 174 171 169 168 167 166 164 163 161 161 162 162 161 159 157 156 154 153 152 152 151 150 146 141 139 137 135 135 135 135 135 136 139 141 142 141 141 141 141 139 139 139 139 139 140 142 145 147 148 151 154 155 154 154 153 153 152 151 149 148 147 147 146 146 146 146 145 145 145 147
140 139 139 139 139 139 140 143 148 153 159 164 167 171 174 178 181 183 184 184 183 182 181 179 178 176 175 171 170 168 167 167 166 164 163 162 162 163 163 160 159 157 155 154 153 153 151 150 145 139 137 136 134 134 134 134 134 136 139 140 140 140 140 140 139 138 138 138 139 139 139 142 145 148 149 151 153 154 153 152 152 151 151 149 148 147 146 146 146 146 145 145 145 145 145 146
139 139 139 138 138 139 140 142 147 152 158 163 166 171 174 179 182 184 186 186 184 183 181 180 178 176 175 171 170 169 168 168 166 166 164 163 163 163 163 161 160 158 157 156 155 154 152 149 144 138 137 135 134 133 133 133 133 134 137 138 138 139 139 139 138 138 138 138 139 139 140 142 144 148 150 152 152 151 150 148 148 149 149 148 146 146 146 145 145 145 145 145 145 145 145 146
138 138 138 137 138 139 140 142 146 151 156 162 165 171 175 179 183 186 186 186 185 184 182 180 178 176 175 171 170 169 168 168 167 166 165 164 164 163 163 162 161 161 160 158 157 156 154 150 144 139 137 135 134 133 132 132 132 133 135 137 137 137 137 138 138 138 138 138 138 140 141 142 145 149 151 152 151 150 147 145 145 146 147 146 145 145 145 145 144 144 145 145 145 145 145 146
137 137 137 137 137 139 140 141 145 149 156 162 165 171 175 180 184 186 187 187 185 185 183 181 179 176 175 171 170 169 168 168 168 167 166 164 164 164 163 163 163 164 163 161 160 159 158 152 146 142 138 136 134 133 132 132 132 132 134 136 136 136 136 137 137 137 137 137 138 139 141 143 146 150 151 151 150 148 145 143 143 143 144 144 144 144 144 144 144 144 145 145 145 145 145 148
136 136 136 137 137 139 140 140 145 148 156 162 164 171 175 181 184 187 187 187 186 185 183 181 179 176 175 171 170 168 168 168 169 169 168 166 165 164 164 164 165 166 165 164 163 163 161 155 148 146 142 137 136 133 132 132 132 132 132 136 136 136 136 136 136 137 136 136 137 138 141 144 146 149 150 149 147 146 144 143 142 142 142 143 143 144 143 143 143 143 144 145 145 145 145 149
136 136 136 137 137 139 140 141 145 148 156 162 165 171 175 181 184 187 188 188 186 186 183 182 179 176 175 171 169 167 167 168 169 170 168 167 166 165 164 165 167 168 168 167 166 166 164 157 150 149 145 140 140 136 132 132 132 132 132 136 136 136 136 136 135 135 135 135 136 137 140 143 146 147 147 146 145 144 143 143 142 142 142 143 143 144 143 143 143 143 144 145 146 146 146 149
135 136 136 138 138 139 140 142 145 149 157 162 165 171 175 181 184 186 187 187 186 185 183 182 179 176 175 171 168 167 167 167 168 169 169 168 166 166 165 167 168 169 170 169 168 168 165 157 151 150 147 142 141 138 134 133 133 132 132 135 136 135 135 135 135 134 134 132 134 137 139 142 144 145 146 145 144 143 142 142 141 141 141 142 143 143 142 142 142 142 144 146 147 147 147 149
135 136 136 138 139 140 141 143 146 149 156 162 165 171 175 180 183 185 186 186 185 185 183 181 179 176 175 170 168 166 166 166 167 168 169 168 167 166 166 168 169 170 171 171 169 169 165 157 152 149 148 143 140 138 135 134 133 133 132 133 133 134 134 134 134 134 132 131 131 134 137 141 143 144 145 145 143 141 140 140 139 140 140 141 141 141 141 141 141 141 143 146 147 148 148 149
135 136 136 138 139 141 143 144 147 150 156 162 165 171 175 180 182 184 185 185 185 184 182 181 179 176 174 170 167 165 165 166 166 167 169 168 167 165 165 168 169 171 172 171 169 168 164 156 151 148 147 142 140 138 135 133 133 132 131 130 131 134 134 134 133 133 131 131 130 132 135 138 140 142 143 142 140 139 138 138 138 139 139 140 140 140 140 140 140 141 142 144 146 148 148 150
135 136 136 138 139 142 144 145 148 150 155 162 165 171 175 179 182 183 184 184 184 184 182 180 178 176 174 169 167 164 164 164 165 166 169 168 166 165 164 167 169 171 172 171 169 166 162 156 151 148 146 142 140 138 135 132 131 131 130 130 131 133 134 134 132 132 131 131 130 130 133 135 137 139 139 138 137 136 136 136 138 139 139 140 140 139 139 139 140 140 142 143 146 149 149 149
135 136 136 138 139 142 144 145 148 150 154 161 164 170 174 178 181 183 184 184 183 183 181 180 178 175 173 169 166 164 163 163 164 165 167 167 165 164 163 166 168 170 170 170 168 164 161 155 151 148 146 143 140 138 135 132 130 130 130 130 130 132 132 132 132 132 131 131 130 130 131 133 134 135 135 135 135 134 136 136 138 138 138 139 139 138 138 138 140 140 142 143 147 149 149 149
134 135 136 138 139 142 143 145 147 149 153 160 163 169 173 177 180 182 183 183 183 182 181 179 177 175 172 169 165 163 162 162 163 164 166 166 164 163 162 165 166 168 167 168 166 164 160 156 151 147 146 143 140 138 135 132 129 129 129 129 129 130 130 131 131 131 130 130 130 130 130 131 132 133 133 133 133 133 136 136 138 138 138 138 138 137 137 138 139 139 141 143 146 148 148 149
134 134 135 137 138 141 143 144 146 148 151 157 160 166 170 174 177 179 181 181 181 181 180 178 175 173 171 168 164 162 160 160 162 163 164 163 162 161 161 163 164 165 166 166 165 164 161 157 153 147 145 142 140 138 135 131 129 129 129 129 129 130 130 130 131 131 130 130 130 130 130 131 131 131 131 131 132 133 136 136 137 137 137 137 137 137 137 137 139 139 140 142 145 147 148 148
133 134 135 137 138 140 142 143 145 147 149 154 157 163 167 170 174 176 178 178 179 178 177 175 172 171 170 167 163 160 159 160 160 161 162 161 160 160 160 162 163 164 166 167 166 164 161 158 154 147 144 142 140 138 135 131 129 129 129 129 129 129 129 130 131 131 130 130 130 130 130 130 130 130 130 131 132 134 136 137 137 137 137 136 136 137 137 137 138 138 140 141 143 146 148 148
131 133 134 136 137 139 141 143 145 146 148 152 154 159 164 167 169 172 173 174 174 174 173 171 170 169 167 165 162 159 158 158 159 159 160 160 160 160 160 162 163 165 167 167 166 164 162 159 154 148 145 144 141 139 135 132 129 129 129 129 129 129 129 130 131 131 130 130 130 130 130 130 130 130 130 131 132 135 137 137 137 136 136 136 136 137 137 137 138 138 141 143 143 145 147 148
131 133 134 136 137 139 141 142 144 145 147 150 152 156 160 164 166 168 169 170 170 170 169 168 168 167 165 163 160 159 158 158 158 158 159 160 160 161 161 162 164 166 167 167 164 164 164 160 154 149 146 144 142 139 136 132 129 129 129 129 129 129 129 130 131 131 130 130 129 129 129 130 130 130 130 131 133 135 137 137 137 136 136 136 136 137 137 138 138 139 144 146 143 144 146 147
131 133 133 136 136 139 141 141 144 145 147 148 150 153 156 160 162 164 165 165 165 165 165 165 165 164 162 161 159 158 157 157 157 157 159 160 161 161 162 163 164 166 165 164 161 162 164 160 156 151 147 143 142 139 136 133 130 129 129 129 129 129 129 130 130 130 130 130 129 129 129 130 130 130 130 132 134 135 137 137 137 136 136 136 136 137 138 139 141 140 145 147 143 143 145 147
131 132 133 135 136 138 140 141 143 144 147 148 149 151 153 156 158 160 161 161 161 161 162 162 161 160 160 159 158 157 157 157 157 157 160 161 161 162 162 162 163 164 162 161 159 159 162 160 155 151 146 143 142 139 137 134 131 130 129 129 129 129 129 129 129 129 129 129 129 129 129 130 130 130 131 133 135 135 137 137 137 136 136 136 136 137 138 140 143 142 144 145 143 142 144 146
131 132 133 134 136 137 139 140 142 144 146 147 148 150 151 153 155 157 158 158 158 158 159 159 159 158 158 157 157 157 157 157 157 157 160 162 162 161 161 160 161 161 160 159 157 157 159 158 154 149 145 143 142 139 137 136 132 130 129 129 129 129 129 129 129 129 129 129 129 129 129 130 130 131 131 134 135 135 136 137 138 136 136 137 137 138 140 142 144 144 144 143 141 141 143 144
130 132 132 134 135 137 139 140 142 143 145 147 147 149 150 151 152 153 154 155 155 156 157 157 157 157 156 156 156 156 156 156 157 157 160 161 161 161 161 159 158 158 157 156 155 154 156 157 154 148 144 142 141 139 136 136 134 132 130 131 131 130 129 129 128 128 128 129 129 129 129 129 129 130 131 133 135 135 136 138 138 136 136 137 138 141 145 146 147 147 146 145 143 141 141 142
130 132 132 134 135 137 139 140 142 142 145 146 147 149 149 151 151 152 152 153 154 154 156 156 156 155 155 155 155 155 156 156 157 157 159 161 161 161 160 158 156 156 155 154 153 152 155 156 155 149 144 141 140 138 136 136 136 135 134 136 135 132 130 129 128 128 128 128 129 129 129 129 129 130 131 133 134 134 136 139 138 136 136 137 141 145 150 151 152 152 152 149 146 144 143 143
130 132 133 134 136 138 139 140 142 143 145 147 147 149 150 151 151 152 152 152 154 154 156 156 156 155 155 155 155 156 156 157 157 157 159 161 161 161 160 158 156 154 153 152 151 151 153 157 157 151 144 139 138 136 136 136 137 137 136 138 138 133 131 129 128 128 128 128 129 129 129 129 129 130 130 132 134 134 137 139 137 136 136 138 144 149 153 155 157 158 158 154 149 149 148 146
130 132 133 135 136 138 140 140 143 143 146 147 148 150 150 151 151 152 153 153 154 154 156 156 156 155 155 155 156 157 157 158 158 158 159 161 161 161 160 158 157 154 151 150 149 150 152 156 157 152 144 138 136 136 136 137 138 138 138 138 137 133 132 129 129 129 128 128 129 129 129 129 129 130 130 132 134 134 137 137 136 136 136 140 146 151 155 157 160 163 163 157 152 152 151 149
130 132 133 136 136 138 140 141 143 144 146 147 148 150 151 152 152 153 153 154 154 155 156 156 156 154 154 154 157 158 158 159 158 159 160 161 161 160 159 158 156 153 150 149 148 148 151 153 155 152 144 138 136 136 137 138 139 139 137 137 137 134 133 130 129 129 128 128 129 129 129 129 129 130 130 133 134 134 136 136 136 136 137 142 148 153 157 160 163 166 167 161 158 157 155 151
130 132 133 136 136 139 140 141 143 144 147 147 148 151 151 153 153 154 154 154 155 155 156 156 156 154 153 153 157 159 160 160 160 160 161 161 160 159 158 157 155 152 149 148 148 147 149 151 152 150 144 137 136 136 138 140 140 139 136 136 136 136 135 133 130 129 129 129 130 130 129 129 129 129 130 133 134 134 136 136 136 137 139 144 150 155 159 162 166 168 168 165 163 162 158 154
130 132 133 136 137 139 140 141 143 144 147 148 148 151 151 153 153 154 154 155 155 155 156 156 156 154 153 152 157 159 159 159 160 160 162 162 160 158 157 155 154 151 148 147 146 145 146 148 149 149 144 137 136 136 139 142 141 138 135 136 138 138 138 136 133 129 129 129 130 130 129 129 129 129 130 133 134 134 135 135 136 137 140 147 152 157 162 165 169 171 171 168 167 165 161 157
129 131 133 136 137 139 140 141 143 144 147 148 149 151 151 153 153 154 155 155 155 155 155 155 155 154 153 152 155 159 158 158 160 161 163 163 161 159 157 154 152 149 146 144 143 142 143 144 145 146 143 136 136 136 142 144 141 138 135 136 141 143 142 140 136 131 130 131 131 130 129 128 128 129 130 133 134 134 134 134 136 137 142 149 155 161 166 169 173 175 175 173 173 171 165 160
129 131 133 136 137 139 140 141 143 144 147 148 148 150 151 152 153 153 154 154 154 154 154 154 154 153 152 151 153 156 156 156 159 161 163 163 162 160 158 155 152 149 144 142 140 139 141 142 143 144 142 137 136 138 144 145 141 137 135 138 144 148 147 145 139 132 131 132 133 132 130 128 128 129 130 133 133 133 133 133 136 138 143 151 157 163 168 171 176 179 179 178 178 176 170 164
128 131 132 135 136 138 140 141 143 144 146 147 148 150 150 151 152 152 153 153 154 154 154 154 153 152 152 150 151 153 154 156 159 161 162 163 163 161 159 155 153 149 144 140 138 137 138 140 141 142 141 137 136 138 144 144 140 136 136 140 148 150 150 148 141 134 130 131 133 133 131 128 128 128 130 132 132 132 133 134 137 139 145 152 158 164 170 172 178 182 184 183 182 180 175 168
128 130 132 134 136 138 139 140 142 144 145 146 147 149 150 150 151 151 152 152 153 153 153 153 152 152 151 149 149 151 153 155 158 160 162 163 163 161 159 156 153 150 145 140 136 135 135 137 139 139 139 137 135 137 141 142 139 136 136 142 149 152 152 149 142 135 130 130 132 133 131 128 127 127 128 130 131 131 133 136 140 141 145 153 158 165 170 173 179 184 187 188 187 185 179 172
127 129 131 133 135 137 138 140 141 143 144 145 146 147 148 149 149 150 150 151 152 152 153 153 152 150 150 149 149 150 152 155 157 159 162 162 162 161 159 156 154 150 146 141 136 134 133 134 136 137 137 136 134 135 139 140 137 136 139 144 149 151 151 149 142 135 130 129 130 131 130 128 126 125 127 129 129 130 134 138 142 143 146 152 158 165 170 173 178 184 187 190 191 187 181 177
126 128 130 133 134 136 137 139 140 141 142 143 144 145 145 146 147 147 148 150 151 152 154 154 152 149 149 148 148 150 151 154 156 159 161 162 161 160 159 156 154 151 146 142 137 134 132 132 133 134 134 134 133 135 138 139 138 138 142 146 149 151 151 147 140 135 130 129 128 128 127 126 124 124 126 126 128 130 134 139 144 145 147 152 158 163 168 170 176 183 186 190 192 187 183 179
125 127 130 132 133 135 136 138 139 140 141 142 142 143 143 144 144 144 146 147 150 152 153 153 151 148 148 148 147 148 149 152 156 157 160 161 160 159 158 156 154 150 146 143 139 135 132 132 132 132 132 133 133 134 138 141 140 141 145 148 149 150 150 146 138 134 130 128 126 125 124 123 122 122 123 123 128 130 133 139 143 145 148 152 156 159 163 166 173 180 185 190 190 186 182 180
125 126 128 130 132 134 135 137 138 140 141 141 141 141 141 141 142 142 144 145 148 151 152 151 150 147 147 149 146 146 148 152 156 157 158 160 160 159 158 156 154 149 145 142 140 137 133 132 132 132 132 132 132 132 136 140 141 144 147 149 149 150 148 143 135 133 130 127 124 123 122 121 121 121 121 121 127 130 132 136 141 145 148 151 154 156 159 162 169 177 183 188 187 183 179 179
124 126 127 128 130 132 134 136 137 139 140 140 140 139 139 139 140 141 143 144 146 149 149 148 148 146 147 149 145 144 148 151 156 157 158 158 159 158 157 155 153 149 143 141 140 136 134 133 133 132 132 132 132 132 134 138 141 144 148 149 148 147 145 139 133 130 128 125 123 121 121 121 121 121 121 121 125 127 129 134 139 144 148 150 152 154 156 159 165 173 179 183 183 181 177 177
123 125 125 126 128 130 132 134 137 138 139 139 139 138 137 137 138 140 143 145 145 146 146 145 145 145 145 147 144 144 147 150 155 157 158 158 158 158 156 153 151 148 143 141 138 136 137 136 134 132 132 132 132 132 134 136 140 144 149 149 146 144 142 137 131 127 124 122 121 121 121 121 121 121 121 121 122 125 127 131 137 142 147 149 151 153 155 157 162 168 174 179 180 179 175 176
122 123 124 125 127 129 131 134 136 137 138 138 138 136 135 135 136 140 144 145 144 144 144 143 143 143 143 144 142 143 147 150 154 156 158 158 158 157 156 153 151 148 144 141 138 138 139 139 136 133 132 132 132 132 134 135 139 145 149 148 144 142 140 136 130 125 122 121 121 121 121 121 121 121 121 121 121 123 125 128 133 137 142 147 150 152 154 156 162 166 171 175 177 177 174 174
121 122 123 125 125 127 130 133 136 137 138 137 136 134 133 134 136 140 143 144 143 142 142 141 141 141 140 140 140 143 146 149 153 156 157 157 157 157 156 153 151 148 144 141 138 138 138 139 138 135 133 133 133 133 134 135 138 145 149 147 143 139 138 134 129 125 121 121 121 121 121 121 121 121 121 121 121 121 124 126 131 134 138 144 149 151 154 156 161 166 170 172 174 175 173 172
121 121 123 124 124 126 128 131 134 136 138 136 135 133 132 133 136 140 142 142 140 140 140 140 140 139 139 139 140 142 146 149 153 155 156 156 156 157 157 153 151 149 144 142 138 137 137 138 138 136 133 133 134 134 134 135 137 143 147 146 143 137 136 133 129 126 121 121 121 121 121 121 121 121 121 121 121 122 124 126 130 133 137 143 147 149 152 153 158 164 168 169 170 172 172 170
120 120 121 123 124 125 127 128 131 134 135 134 133 131 131 132 136 140 142 139 137 137 138 139 139 138 138 139 139 142 145 148 152 154 155 155 156 157 156 153 151 149 145 142 138 137 136 136 137 136 134 133 133 134 133 134 136 141 144 144 142 137 135 131 129 126 121 121 121 121 121 121 121 121 121 121 123 125 127 128 130 134 138 143 145 147 149 150 154 158 162 165 167 170 171 169
120 120 120 121 123 124 125 126 128 130 131 131 130 130 130 132 135 138 138 135 134 135 135 137 138 137 137 139 139 141 144 147 151 153 154 154 155 155 154 153 151 149 145 143 138 137 136 136 136 136 135 133 133 133 132 132 134 138 142 141 140 136 134 129 126 124 121 121 121 121 121 121 121 121 122 122 125 127 129 131 134 137 140 144 145 146 148 148 151 154 158 162 165 168 169 168
119 119 119 119 121 123 124 125 126 127 127 127 127 127 129 131 133 135 134 133 132 132 133 135 136 137 138 139 139 140 143 146 150 152 153 153 153 153 152 152 151 149 146 143 139 137 136 136 136 136 135 132 132 134 134 131 131 135 139 138 136 134 132 128 124 123 121 121 121 121 121 121 123 124 124 125 127 129 132 135 139 141 143 145 146 148 149 150 151 154 158 162 165 167 168 167
