geo_cache/4-0/elevation.txt
ncols         949
nrows         918
xllcorner     -71.72222222222221
yllcorner     41.76
cellsize      1.0E-5
NODATA_value  -9999
[rows 460 to 505 of 918, columns 384 to 479 of 949]
103 106 108 109 111 112 111 109 108 108 109 109 111 116 118 118 118 117 118 120 124 124 123 127 132 132 129 129 130 130 128 129 132 134 134 133 132 130 130 130 127 127 125 125 126 125 121 118 118 118 116 116 115 113 109 106 106 104 104 103 103 101 99 98 98 98 97 97 94 91 91 89 88 86 83 83 81 81 83 86 86 84 82 82 82 84 82 79 78 79 81 82 84 86 87 88
101 101 104 106 110 112 110 108 108 108 110 111 113 117 119 117 115 115 117 119 122 122 122 125 130 131 129 128 129 129 128 129 132 135 135 133 132 130 128 127 126 126 125 125 128 127 120 118 118 118 116 115 114 113 110 108 106 106 104 102 101 101 98 98 98 98 96 97 93 90 91 88 86 83 81 83 84 83 84 85 85 84 84 83 85 84 80 77 76 76 78 78 81 83 84 84
101 100 100 102 107 109 108 107 109 109 110 110 110 114 117 116 113 113 115 117 119 121 123 125 129 132 130 128 128 128 128 130 132 134 135 131 130 128 127 127 126 125 124 125 128 128 122 117 117 118 116 115 114 113 111 111 108 107 105 102 101 100 98 98 98 98 95 93 91 90 90 87 85 82 82 84 85 85 85 85 84 83 84 86 86 83 78 77 76 77 76 77 77 79 80 81
101 100 100 100 103 105 105 105 108 108 109 107 106 111 116 114 111 111 114 116 118 121 124 127 129 132 132 130 128 128 130 131 131 131 130 129 129 126 127 128 127 124 122 123 125 127 123 117 115 116 115 115 114 113 111 111 108 108 107 104 103 101 98 98 97 98 95 90 90 91 90 87 85 83 84 86 85 84 83 82 82 83 83 85 85 82 78 79 80 78 76 77 77 77 77 80
100 100 100 100 100 100 102 105 107 108 106 102 102 105 112 112 111 112 114 116 118 121 124 126 128 131 132 132 130 128 129 131 129 128 128 128 129 126 126 128 126 124 123 122 122 123 119 116 114 114 115 115 115 114 111 110 109 108 109 107 103 101 97 97 95 93 93 90 90 91 90 88 88 86 88 88 84 82 81 81 82 83 82 81 82 80 78 79 81 80 78 78 78 78 77 81
100 100 100 100 100 100 100 102 106 106 104 101 99 100 105 108 110 113 115 116 117 120 122 124 128 130 132 132 131 130 128 129 130 129 127 127 129 127 124 124 122 123 123 122 121 122 119 117 114 114 117 116 116 114 109 109 110 107 107 105 101 98 97 97 94 92 93 91 91 90 90 89 89 88 89 87 83 83 82 81 81 81 79 78 79 80 80 79 77 76 77 79 79 79 78 83
100 100 100 100 100 100 100 101 103 103 101 99 99 99 101 105 107 112 114 114 115 118 120 124 127 129 131 132 132 131 129 130 131 130 129 128 128 125 122 121 121 124 123 122 121 121 121 120 117 114 117 118 117 113 108 107 108 106 104 103 101 99 98 97 95 94 94 92 92 91 90 90 89 88 88 86 84 84 83 81 81 79 78 78 79 80 81 79 77 74 76 79 79 80 80 82
100 100 100 100 100 100 100 100 99 100 100 99 99 99 99 103 104 108 112 113 115 116 118 123 127 129 131 132 132 130 130 131 132 131 129 128 125 123 123 120 121 125 124 123 122 120 118 117 116 113 114 114 113 111 107 106 105 104 104 104 104 103 100 99 97 97 96 94 92 92 90 90 89 87 86 85 83 83 81 81 81 79 79 79 79 78 78 80 80 78 77 78 79 81 79 77
100 100 100 100 100 100 100 100 99 99 100 100 99 99 100 101 102 104 109 113 114 115 116 121 127 128 129 132 132 130 130 131 132 131 128 123 121 122 124 124 126 127 125 124 124 120 114 112 112 112 110 110 110 108 106 105 104 104 104 104 104 103 102 99 97 97 95 92 91 91 90 90 88 86 83 82 82 82 81 80 80 79 79 79 78 77 78 80 81 80 78 78 79 81 78 75
100 100 100 100 100 100 100 100 100 100 100 100 100 101 101 100 100 102 105 109 112 115 116 120 123 126 130 132 132 130 130 130 132 131 127 121 120 121 125 127 127 126 124 123 122 119 113 110 111 110 108 108 107 106 105 105 104 104 104 102 101 101 100 99 96 94 91 90 90 90 90 89 86 83 82 81 81 81 81 80 80 79 79 80 78 78 78 78 79 79 80 79 77 78 77 77
100 100 100 100 100 100 100 100 100 100 100 100 100 101 101 99 99 100 104 107 109 114 117 121 123 127 130 131 130 129 129 129 131 131 125 120 118 118 121 121 119 117 118 117 113 111 112 109 110 110 108 107 105 105 105 104 103 103 103 102 101 101 100 99 97 95 92 91 91 89 88 87 84 83 82 81 79 80 81 81 80 79 80 81 80 80 78 77 78 79 79 79 76 75 76 80
100 100 100 100 100 100 100 100 100 100 100 100 100 100 100 99 99 99 104 107 108 112 116 120 122 126 127 126 125 125 126 125 125 123 118 113 109 108 112 114 114 114 114 113 109 107 107 106 107 109 108 106 104 103 103 103 102 102 102 102 101 102 100 99 97 97 95 93 91 88 87 85 84 83 82 81 80 81 82 81 81 81 80 79 79 79 78 78 78 78 77 78 77 75 77 79
100 100 100 100 100 100 100 100 100 100 100 100 100 100 100 100 99 100 103 105 105 107 112 116 119 121 123 123 122 122 123 122 122 118 113 108 106 106 110 112 113 113 113 112 108 105 102 101 103 106 107 105 103 101 101 102 102 101 101 100 100 101 99 98 97 97 95 93 91 89 87 86 85 83 83 83 82 83 83 81 81 81 80 80 79 79 79 79 78 78 76 77 79 79 78 78
100 100 100 100 100 100 100 100 100 100 100 100 100 100 100 100 101 101 100 100 101 104 110 116 118 118 118 119 119 121 121 121 122 118 111 106 105 105 106 109 112 112 112 110 107 102 98 97 100 103 103 103 101 101 101 101 102 101 101 100 99 99 98 96 96 96 94 92 92 90 89 87 85 84 84 82 81 82 83 81 81 81 81 81 80 79 80 80 78 78 76 76 78 79 79 77
100 100 100 100 100 100 100 100 100 100 100 100 100 100 100 101 101 101 101 101 100 103 112 116 115 115 116 117 118 119 119 119 118 114 108 104 103 103 102 105 108 110 110 108 104 98 94 94 99 103 102 102 101 101 101 102 101 100 101 100 99 97 96 96 95 96 94 93 93 92 91 87 84 83 84 82 79 79 81 82 81 81 82 82 79 79 79 80 78 78 77 77 78 77 77 75
100 100 100 100 100 100 100 100 100 100 100 100 100 100 100 101 102 103 106 104 102 104 113 115 109 110 113 114 116 118 117 114 112 109 104 101 101 101 99 99 103 106 106 105 101 96 92 93 99 103 103 102 102 102 104 103 99 99 101 100 99 96 96 96 95 95 94 94 94 92 91 87 84 83 84 83 80 80 81 81 80 81 82 80 79 79 78 78 79 79 79 79 79 77 76 75
100 100 100 100 100 100 100 100 100 100 100 100 100 100 100 100 102 102 107 107 110 112 112 110 106 106 109 110 111 113 113 110 108 106 104 102 100 97 95 95 98 101 103 102 100 94 90 92 99 103 103 102 101 102 103 101 97 97 100 100 99 96 94 95 95 95 94 93 93 91 91 89 87 85 83 83 82 83 82 80 80 81 82 80 79 79 79 78 78 78 78 78 78 77 76 76
100 100 100 100 100 100 100 100 100 100 100 100 100 100 100 100 101 102 105 106 110 112 109 106 106 106 106 106 106 108 110 108 105 105 105 106 101 96 93 92 93 97 99 98 95 91 90 91 97 99 101 101 100 99 97 97 96 97 98 99 98 96 94 94 97 97 95 93 93 91 91 89 89 86 84 84 84 84 83 81 81 81 80 80 79 79 79 79 78 77 77 76 77 77 77 78
100 100 100 100 100 100 100 100 100 100 100 100 100 100 100 100 101 101 103 103 106 107 107 107 108 106 106 105 105 106 106 104 102 103 104 107 105 100 96 94 93 94 96 93 90 90 90 91 93 94 95 97 97 96 94 94 95 96 95 95 95 96 94 94 99 99 95 93 93 92 91 89 89 87 84 84 85 85 84 81 81 79 78 79 79 79 79 79 77 77 78 78 78 76 77 78
100 100 100 100 100 100 100 100 100 100 100 100 100 100 100 100 101 101 100 103 106 106 106 107 109 106 105 104 104 105 104 102 101 101 101 103 104 103 100 97 94 93 93 92 90 90 90 91 92 92 92 94 96 96 94 94 95 96 94 91 93 96 94 93 97 97 94 93 93 92 91 90 89 87 86 86 86 86 84 82 81 79 78 79 79 79 79 79 78 78 78 79 77 76 76 76
100 100 100 100 100 100 100 100 100 100 100 100 100 100 100 100 101 101 99 100 105 106 104 105 109 107 104 103 102 101 101 101 100 99 98 98 101 104 104 99 96 93 91 91 91 90 90 90 90 90 91 93 94 95 94 94 94 95 92 91 93 95 93 90 92 95 94 93 91 90 90 90 89 88 87 87 87 87 84 84 83 81 80 79 79 79 80 80 78 78 78 77 76 76 76 76
100 100 100 100 100 100 100 100 100 100 100 100 100 100 100 101 102 102 99 99 101 102 101 103 108 107 105 102 99 98 98 98 99 99 98 97 99 102 104 101 97 92 90 90 89 87 87 88 89 90 90 91 92 93 93 93 93 93 92 92 93 93 91 90 90 92 92 92 91 89 90 89 89 89 89 88 87 87 85 85 85 83 81 80 79 79 79 79 78 78 78 76 76 76 77 76
100 100 100 100 100 100 100 100 100 100 100 100 100 100 100 101 102 102 97 97 97 97 97 99 104 107 105 100 97 97 96 96 99 101 100 101 101 101 102 102 97 91 87 87 86 86 86 86 87 89 88 89 90 91 92 92 93 93 93 93 93 93 91 90 90 90 91 91 91 89 89 89 89 89 90 90 89 88 86 85 85 84 83 80 79 78 77 77 78 78 78 76 76 76 77 78
100 100 100 100 100 100 100 100 100 100 100 100 100 100 100 101 102 103 98 97 97 97 97 98 98 101 99 97 97 97 96 96 100 102 103 102 102 100 101 101 97 91 86 86 86 86 86 86 87 87 87 87 87 88 90 91 91 93 93 93 93 93 91 90 90 90 91 91 91 90 89 89 89 90 90 90 89 88 86 85 85 84 84 80 79 78 77 77 78 78 78 77 77 76 77 78
100 100 100 99 99 99 100 100 100 100 100 100 100 100 100 100 102 104 101 100 99 99 100 99 98 97 97 97 97 97 96 99 100 102 103 102 101 98 99 99 95 91 86 86 86 86 86 86 86 87 87 86 86 86 89 90 90 91 91 92 93 93 91 91 91 91 92 92 92 91 91 91 90 90 90 89 88 88 86 85 84 84 84 81 80 79 78 77 78 78 78 77 77 79 78 77
102 100 100 99 99 100 100 100 100 100 100 100 100 100 100 100 101 104 106 104 103 103 105 102 98 97 97 98 99 99 97 100 100 102 101 99 97 96 96 96 94 93 89 87 87 87 87 87 87 88 88 87 86 86 88 89 90 90 90 91 93 90 91 92 91 91 92 92 91 91 90 90 89 89 89 89 88 88 86 85 84 83 83 82 81 81 80 79 78 79 78 77 77 79 78 77
104 103 101 99 99 101 103 101 100 100 100 100 100 100 100 99 99 104 107 107 105 105 106 105 100 97 99 102 102 101 100 101 99 96 97 96 95 96 95 95 95 95 93 90 90 91 88 87 87 88 89 88 87 87 88 88 89 89 87 89 90 89 92 97 92 90 91 91 89 90 89 88 88 88 89 89 88 87 85 85 83 82 82 83 82 81 80 80 80 80 79 78 78 78 80 80
106 107 106 102 102 104 104 100 100 100 101 100 100 100 100 99 99 100 104 106 107 107 106 106 103 101 102 103 103 101 101 105 100 96 95 94 94 95 95 95 95 95 94 93 94 95 92 89 89 88 89 89 89 90 89 89 89 88 86 86 86 88 93 101 98 92 90 89 89 88 87 87 87 87 88 88 87 86 85 83 83 82 82 82 81 81 81 80 80 80 80 79 78 78 81 82
111 111 110 109 109 107 103 100 100 100 101 101 101 100 100 100 99 99 100 101 108 108 106 107 106 103 103 103 104 104 105 106 102 98 95 95 94 95 96 96 96 97 96 96 96 96 96 94 92 89 89 89 90 90 90 90 89 89 87 87 85 86 91 101 99 91 88 89 89 86 86 87 87 87 86 86 86 86 85 83 83 82 82 81 81 81 83 82 80 80 80 80 79 79 81 83
113 112 111 112 112 108 102 99 100 100 101 101 101 100 100 100 100 100 100 101 107 108 107 107 106 104 103 104 105 106 107 107 103 99 96 97 95 96 97 97 97 98 98 98 98 97 97 96 93 91 90 89 90 91 91 91 90 90 89 88 86 86 89 99 97 90 88 88 88 86 86 86 86 86 85 86 85 85 86 84 84 82 82 81 81 82 83 83 81 80 81 82 81 81 82 83
112 113 113 114 113 111 103 99 100 101 101 101 101 100 100 99 100 102 103 105 107 107 107 106 106 105 105 105 106 106 107 107 104 102 100 100 99 100 100 99 99 100 100 99 99 98 97 97 96 94 92 91 91 92 91 91 91 91 90 89 88 87 88 92 92 88 88 88 88 86 86 85 85 85 84 84 84 84 86 85 84 82 81 81 81 82 84 83 82 81 82 84 83 82 83 84
113 114 114 114 113 113 105 99 99 101 102 101 101 100 100 99 100 105 107 108 108 106 106 105 105 106 106 106 106 106 107 109 106 105 104 103 103 104 104 103 103 103 102 101 100 99 98 98 99 97 95 95 94 94 93 92 92 92 91 90 89 88 88 88 90 88 88 87 87 86 86 85 85 85 84 83 83 84 85 85 83 81 81 81 81 83 85 85 82 82 84 85 85 84 85 86
114 114 114 114 113 112 105 99 99 100 102 102 101 100 100 100 101 105 108 108 108 106 105 104 105 107 107 107 106 106 108 110 110 107 107 106 105 106 107 106 106 105 104 104 102 101 99 99 100 98 97 97 96 95 93 93 94 93 92 91 91 90 89 89 90 89 88 88 87 86 86 86 86 86 83 83 83 83 84 83 82 81 81 82 82 83 85 84 83 83 84 86 86 86 87 87
113 113 114 113 113 111 103 99 99 100 102 102 102 100 100 101 103 105 107 108 108 106 105 103 106 109 109 108 108 108 111 112 111 110 108 109 108 107 107 107 107 107 107 106 103 102 101 101 101 100 99 98 97 95 93 93 94 94 94 94 93 92 91 90 90 90 89 89 87 87 87 87 88 88 84 83 83 83 82 82 82 82 82 82 82 83 84 84 83 83 85 86 88 88 88 89
109 112 112 113 111 106 101 99 99 99 100 101 102 102 103 104 105 106 106 106 106 106 105 103 108 108 108 108 110 110 112 114 113 111 110 111 111 108 107 107 108 108 108 107 105 104 102 102 102 101 100 99 99 97 94 94 95 94 94 95 94 93 92 91 90 90 90 89 88 89 89 88 88 87 85 84 83 84 82 82 82 83 83 82 82 83 83 84 84 84 85 86 88 90 91 92
108 109 109 109 109 105 100 100 99 99 99 100 102 102 104 105 105 106 105 105 104 104 104 106 109 108 108 108 109 110 111 114 114 113 112 112 112 110 107 108 109 108 107 107 106 106 104 103 102 101 101 100 100 99 95 95 95 94 94 94 93 92 91 91 90 90 90 90 90 90 92 89 87 86 85 85 85 85 83 83 83 83 83 82 82 83 83 84 85 85 85 86 88 92 92 92
108 108 108 107 106 104 100 100 99 99 99 100 101 101 102 103 104 104 105 105 103 103 105 107 109 107 107 108 109 110 111 113 113 115 115 113 113 111 108 109 109 108 107 107 108 107 105 103 103 102 102 102 102 100 96 95 95 94 94 92 92 92 92 92 92 91 90 90 90 89 92 91 88 86 85 85 87 87 84 83 83 83 83 82 83 84 84 84 86 87 87 87 89 92 92 92
108 108 108 107 105 103 100 100 100 99 99 100 102 102 101 103 103 103 105 105 104 104 107 106 105 105 107 109 110 110 110 110 112 116 115 113 113 112 110 110 108 108 107 108 108 108 105 104 104 102 101 101 102 99 98 95 95 94 93 92 93 93 92 92 93 93 91 91 90 88 90 91 88 86 86 89 90 87 84 83 83 84 85 84 84 85 85 85 86 88 89 88 90 92 92 93
108 108 108 108 106 103 100 100 100 100 99 100 102 103 103 103 102 102 103 103 104 106 107 104 103 105 108 109 110 110 110 110 110 114 114 114 114 114 111 111 109 109 109 108 108 108 106 105 105 103 101 99 99 98 98 96 94 93 93 94 95 95 93 92 92 93 91 91 91 88 88 87 87 86 89 93 90 87 84 83 83 85 87 86 85 84 85 85 87 89 91 91 92 94 94 94
109 109 109 108 106 106 102 100 100 100 99 99 101 102 103 103 102 102 101 102 104 105 105 104 103 106 108 109 109 110 110 110 110 110 111 114 115 115 111 112 111 109 108 107 107 108 108 107 105 105 103 99 97 98 98 96 94 93 93 95 97 95 93 91 91 92 90 90 90 89 88 88 87 87 91 93 89 86 84 84 85 87 88 86 84 82 84 86 88 90 92 93 93 94 96 96
109 109 109 108 106 105 102 100 100 100 99 100 101 102 102 102 102 101 101 102 104 105 105 106 106 105 107 107 109 111 111 111 110 109 110 114 116 116 113 113 112 109 108 107 107 107 108 108 106 105 104 100 98 99 98 96 94 93 93 94 95 93 90 90 92 93 91 90 90 89 89 88 88 87 89 89 86 86 86 86 88 87 85 84 84 86 87 89 91 91 92 93 93 94 95 98
109 110 110 108 106 103 100 100 100 100 100 100 100 101 102 101 100 100 100 102 103 104 105 107 105 103 104 107 109 112 112 111 111 109 111 114 117 119 118 116 113 112 111 109 107 107 108 108 107 105 105 103 102 101 99 97 94 94 93 93 93 90 90 91 93 93 91 90 89 90 90 88 89 86 86 86 85 86 88 89 89 86 82 82 85 89 90 90 91 91 92 93 94 95 96 97
111 111 112 109 105 100 100 100 100 100 100 99 99 101 101 100 100 100 100 100 102 103 105 106 103 101 103 105 108 111 112 112 112 112 113 115 117 119 120 118 115 115 114 110 108 108 107 107 107 105 105 104 102 101 100 100 98 97 96 94 93 91 90 92 91 90 90 89 88 90 92 90 90 88 86 86 84 86 88 91 89 86 84 84 86 88 88 90 91 92 93 94 96 96 97 97
115 114 113 110 104 100 100 100 100 100 100 100 100 102 102 100 100 100 100 100 100 102 105 104 100 100 101 102 103 107 110 112 114 114 114 114 113 116 119 117 118 118 115 112 110 109 107 107 107 105 105 105 103 102 99 99 99 98 98 95 93 92 92 93 90 89 89 87 87 89 90 92 94 91 86 85 84 86 88 90 88 86 86 88 87 86 86 88 91 93 93 94 98 98 98 97
120 115 113 107 100 100 100 100 100 100 100 102 103 105 104 100 100 100 100 100 100 100 101 101 100 100 101 103 103 104 107 111 113 113 113 114 112 113 115 116 118 118 115 114 112 111 110 108 107 106 106 104 103 102 99 99 99 98 98 97 94 93 93 93 91 90 88 87 87 87 87 90 94 91 86 86 86 86 88 88 87 85 86 89 88 85 87 89 93 94 94 95 99 100 98 98
119 115 112 106 99 99 100 100 100 100 100 103 104 106 105 101 100 100 100 100 100 100 100 100 100 101 104 106 107 105 106 110 113 113 114 114 111 110 113 116 118 117 116 114 114 114 114 113 112 109 107 104 103 102 98 98 99 98 98 97 95 94 93 93 91 90 89 87 87 86 86 88 90 88 86 85 85 86 87 87 86 86 87 88 86 84 88 91 93 95 97 98 100 100 99 101
