geo_cache/3-0/elevation.txt
ncols         949
nrows         918
xllcorner     -72.06666666666666
yllcorner     41.76
cellsize      1.0E-5
NODATA_value  -9999
[rows 210 to 251 of 918, columns 760 to 854 of 949]
202 200 199 199 199 199 200 200 200 200 201 204 206 207 207 207 207 207 208 210 211 212 213 213 215 215 217 217 217 217 217 217 218 219 219 219 218 217 216 214 213 212 213 215 217 218 219 219 220 220 220 220 220 220 221 223 224 223 224 224 224 225 226 225 224 221 219 217 217 218 218 218 217 215 212 209 207 205 205 206 206 205 203 202 200 199 200 200 201 201 203 203 202 203 203
202 201 200 201 201 200 200 200 200 201 204 206 207 208 209 209 209 209 209 211 212 213 214 214 215 216 217 217 217 216 216 216 217 218 219 218 217 216 215 213 211 211 211 213 216 218 219 219 219 220 219 221 221 220 220 221 222 222 222 222 224 224 225 225 223 219 217 216 216 215 215 215 214 212 210 207 205 204 204 206 207 206 204 203 201 201 202 203 203 203 205 206 205 206 206
202 202 202 203 201 201 200 200 200 203 206 208 209 209 209 209 209 210 211 213 214 215 215 215 216 217 218 217 216 215 215 215 216 218 218 217 216 215 214 213 211 211 211 213 214 217 218 218 218 218 218 220 220 219 219 219 220 220 221 221 223 224 224 223 221 218 216 215 215 213 213 212 211 209 207 205 203 204 205 208 208 207 204 203 203 204 204 205 203 203 206 207 206 206 206
203 203 203 203 202 202 202 201 201 204 207 208 208 208 209 209 209 211 213 215 216 217 216 216 217 218 218 217 215 215 215 215 216 217 217 215 214 213 213 212 212 211 212 213 213 215 216 217 218 218 218 218 218 218 218 218 218 218 219 220 220 221 221 221 220 218 217 215 214 212 211 209 208 206 204 203 203 204 206 208 208 207 205 205 206 206 207 207 204 203 206 207 205 206 207
203 204 204 203 202 202 203 203 203 205 207 208 207 207 209 209 211 213 215 217 216 217 217 218 218 218 218 217 215 215 215 215 215 216 215 213 212 211 211 211 211 212 212 213 214 215 216 217 218 218 217 217 217 217 217 217 216 216 217 218 218 218 219 219 219 218 218 215 213 211 209 207 206 204 202 202 202 203 206 208 207 207 206 207 208 208 208 208 207 206 206 206 205 207 207
205 205 204 204 203 204 205 204 204 204 206 206 206 206 209 210 212 214 215 217 216 216 217 217 217 217 217 216 216 216 216 215 215 214 213 211 210 209 209 209 210 211 212 215 215 215 216 216 218 218 217 217 217 217 217 215 214 214 216 216 216 216 217 217 217 218 217 214 212 210 208 206 204 203 202 201 201 202 205 207 206 206 207 207 208 208 207 207 208 207 207 207 207 207 206
205 205 204 204 204 205 206 205 204 203 204 205 206 207 209 211 213 215 216 216 215 215 216 216 217 216 216 215 215 215 215 214 214 213 211 210 208 207 208 208 209 210 212 214 214 214 215 216 217 217 216 216 216 217 216 214 214 213 215 215 214 214 215 216 216 217 216 214 211 209 207 205 203 203 202 201 201 201 204 204 204 205 206 207 208 206 205 205 206 207 207 207 208 208 205
206 206 205 205 206 207 208 206 204 203 203 203 206 207 209 211 214 215 216 215 214 214 215 215 216 216 214 214 214 214 214 214 213 212 209 207 206 205 206 208 209 209 211 213 213 213 213 214 214 215 215 215 215 216 216 214 213 212 213 213 212 212 213 214 215 215 214 212 210 208 205 204 203 203 202 201 201 201 202 202 202 203 204 206 206 205 204 205 207 209 208 208 209 208 205
206 206 206 206 208 209 209 207 205 203 203 203 205 207 209 211 213 214 215 214 213 213 214 215 215 215 214 213 213 214 214 213 212 210 207 205 204 204 206 207 208 208 209 211 211 212 211 211 211 212 213 214 214 215 215 214 212 211 211 211 211 212 212 213 213 213 212 210 209 207 204 203 202 202 201 201 200 200 200 200 200 202 202 204 205 205 205 208 210 211 210 209 208 207 204
206 206 206 206 209 210 210 207 206 203 203 203 204 206 208 210 212 213 213 212 211 212 213 214 215 215 213 213 212 213 213 213 211 209 206 204 203 204 205 206 207 207 208 209 210 210 209 209 209 210 211 212 212 213 213 211 211 210 209 209 209 210 210 211 211 211 211 209 208 206 204 203 201 201 200 200 199 198 198 199 199 200 202 203 205 205 208 211 212 212 211 210 207 207 204
205 205 206 207 209 210 209 207 206 203 202 202 203 205 207 209 210 211 211 211 211 212 213 214 215 215 213 213 212 212 212 211 209 207 204 203 202 203 204 205 206 205 206 207 208 208 208 208 208 209 210 210 210 211 210 209 209 208 208 207 207 207 208 209 209 209 209 207 206 205 203 202 200 200 198 198 198 198 198 198 198 199 202 203 205 206 210 213 213 212 211 209 207 207 205
204 204 206 207 209 209 208 207 205 203 201 200 201 204 206 207 207 208 208 209 210 212 213 213 214 214 213 213 211 210 210 209 208 206 203 201 201 201 203 204 204 203 204 205 206 206 206 206 207 207 208 208 208 209 208 207 207 207 206 206 205 205 206 207 207 207 206 205 204 203 202 201 200 198 196 197 198 198 197 196 197 199 202 202 204 207 211 213 213 212 211 209 208 207 206
204 205 207 208 209 208 206 204 202 201 200 199 199 201 204 205 205 205 206 208 210 211 211 212 212 213 213 212 211 209 209 208 206 204 202 201 201 201 202 203 203 202 202 203 204 204 204 205 206 207 207 206 206 207 206 205 204 204 204 203 204 204 204 205 205 204 203 203 202 201 200 200 199 198 196 198 198 198 196 195 196 198 201 202 203 206 210 212 212 212 211 210 209 208 207
206 207 209 209 208 207 205 202 201 200 199 199 198 199 202 202 203 203 204 207 208 209 209 210 210 211 211 210 209 208 207 206 204 202 201 201 201 202 202 202 201 200 200 201 202 202 202 203 203 204 204 204 204 206 205 203 202 202 201 200 201 202 202 203 203 202 201 201 200 200 199 198 198 198 196 199 198 197 195 195 196 197 200 201 203 205 208 209 210 211 212 211 209 209 207
208 208 209 209 208 206 205 203 201 200 199 199 198 199 200 200 200 201 203 205 207 208 209 209 208 210 210 209 207 206 205 204 203 201 201 202 203 203 201 201 200 199 200 201 202 201 201 201 201 201 202 203 204 204 203 201 200 200 199 198 199 200 201 201 201 201 201 200 200 200 200 199 198 198 198 197 196 195 195 195 196 198 200 200 202 204 205 206 207 209 210 210 209 208 207
208 208 209 208 206 205 204 203 201 200 198 199 199 199 198 198 197 199 201 203 205 206 207 207 207 207 207 206 205 204 203 203 202 201 201 202 203 203 201 201 200 200 201 202 203 202 200 199 199 198 199 201 202 201 200 199 199 199 197 197 198 199 201 200 200 201 201 201 201 202 201 201 200 200 200 198 197 196 196 197 198 199 201 201 202 202 203 203 204 206 207 208 208 208 207
208 208 208 207 204 203 202 201 200 199 198 199 200 199 197 196 195 197 198 200 202 204 204 204 204 204 204 203 202 201 200 200 200 199 200 202 202 202 202 202 201 201 201 202 203 202 200 198 197 196 197 198 199 199 197 197 197 197 196 196 198 199 201 200 199 200 201 201 201 202 202 202 201 201 200 199 199 199 199 200 201 202 202 202 201 201 201 200 201 203 204 206 206 207 208
207 207 207 206 204 203 201 200 200 199 199 199 199 198 196 194 194 195 196 197 199 201 202 202 201 201 200 200 198 198 197 197 198 198 199 200 201 202 203 202 202 201 201 201 201 201 200 197 196 195 195 196 197 196 195 195 195 195 195 196 197 198 199 199 197 198 199 199 200 201 202 202 201 201 201 200 200 201 202 202 203 203 202 202 201 201 200 199 199 202 202 204 206 207 209
206 206 205 205 203 202 201 200 200 199 199 199 198 196 194 193 193 194 194 195 197 198 199 199 199 198 198 197 196 195 195 195 196 197 198 199 201 202 202 201 201 200 200 200 200 199 198 196 195 195 194 194 194 193 193 193 193 193 194 195 196 196 196 196 196 196 196 198 199 200 201 201 201 201 200 200 200 202 202 204 204 204 202 202 202 201 200 199 200 202 203 205 207 209 211
205 205 204 204 202 202 201 200 200 199 199 198 197 195 193 191 192 193 193 193 195 195 196 196 196 196 195 195 194 193 193 193 194 196 198 199 201 201 200 200 199 199 199 199 199 198 197 195 195 194 193 193 192 191 191 191 191 192 193 194 194 195 195 195 195 194 194 196 198 198 200 201 200 200 199 199 200 202 202 204 204 204 203 202 203 202 201 201 201 202 204 205 208 210 212
202 203 202 201 201 201 201 201 201 200 199 198 196 195 192 189 189 191 191 191 192 192 193 193 193 193 192 192 191 190 190 192 193 196 198 200 201 201 199 199 199 198 198 197 196 195 194 194 193 193 193 192 191 190 190 190 190 190 191 192 193 194 194 194 194 193 193 194 195 197 198 199 200 200 198 198 200 202 202 204 204 204 204 204 205 205 204 204 203 204 204 206 208 210 212
200 201 200 199 199 200 201 201 201 200 200 198 197 195 192 189 189 189 189 189 189 190 190 191 191 190 190 189 189 190 190 192 194 196 198 200 201 201 199 199 199 198 196 195 194 193 192 192 191 191 192 191 190 189 188 188 188 189 190 191 192 193 194 194 194 192 192 192 194 195 196 198 199 199 198 198 201 203 204 205 206 206 206 206 207 207 206 205 204 204 205 207 209 210 212
198 198 197 197 198 199 200 200 200 200 200 199 197 195 191 190 189 188 187 186 186 187 188 188 188 188 188 187 189 190 191 193 195 197 200 201 201 201 200 199 198 197 196 193 191 191 191 191 190 190 191 190 189 188 187 187 187 188 189 190 192 193 194 194 194 192 192 192 193 194 195 196 197 198 198 200 202 203 205 206 207 208 208 209 209 209 209 207 205 205 205 207 210 210 212
197 196 196 196 196 197 199 200 200 199 199 198 197 195 191 190 188 186 185 184 184 185 185 185 185 186 185 186 189 190 192 194 195 197 200 201 201 201 200 198 197 195 194 192 190 190 190 190 190 190 191 189 188 186 185 185 186 187 189 190 191 192 192 192 193 192 192 192 193 193 195 195 197 197 199 201 203 205 207 208 208 209 209 210 211 211 210 208 207 207 206 207 210 211 212
196 196 195 195 195 196 197 200 200 198 198 197 196 194 191 189 187 185 183 182 181 182 182 182 183 183 185 186 189 191 193 195 196 197 198 200 200 200 199 198 196 194 193 191 190 189 189 189 190 190 190 189 187 185 185 185 186 188 189 189 191 191 191 190 191 192 192 193 193 194 195 196 197 198 200 202 203 206 208 209 209 210 210 211 212 212 211 209 208 207 207 208 210 211 212
194 195 195 195 195 195 196 199 199 198 197 196 194 192 190 188 186 184 182 180 179 179 180 180 181 182 184 186 190 192 194 195 196 197 198 198 197 197 197 196 194 193 191 189 188 187 187 187 188 189 189 188 187 185 185 186 188 189 190 190 191 191 190 189 190 191 192 193 193 195 196 197 198 200 201 202 204 207 209 210 210 211 212 212 212 212 211 209 209 208 208 209 211 212 212
194 194 195 195 195 195 196 198 199 198 196 194 192 190 189 187 185 183 182 179 179 179 179 179 181 182 183 186 189 192 194 195 195 195 196 195 195 195 195 195 192 191 189 188 187 186 186 186 187 187 187 187 187 186 187 189 190 190 191 191 191 191 190 189 189 191 191 193 195 196 197 199 200 201 203 204 205 208 209 211 211 212 212 212 212 212 211 209 209 208 208 210 212 212 212
193 193 194 195 195 195 196 197 197 196 194 192 190 188 187 186 185 183 182 179 179 179 179 179 181 182 183 185 188 191 192 193 193 194 194 193 193 193 193 193 191 190 188 187 186 185 185 185 186 186 186 187 187 187 188 190 192 191 191 191 190 190 190 189 189 191 192 194 196 197 199 201 202 203 205 206 206 208 210 212 212 212 211 211 212 212 211 209 209 209 210 211 212 212 211
192 193 194 194 195 195 196 196 195 194 194 192 189 188 186 185 184 183 182 180 180 179 179 180 181 182 183 184 187 190 191 192 192 193 192 192 193 193 192 192 191 189 188 187 186 185 185 185 186 186 185 185 186 188 189 192 193 193 192 192 191 190 190 189 191 192 194 196 197 199 201 203 205 205 206 207 207 209 210 212 212 211 211 211 212 212 212 210 210 210 211 211 212 212 210
192 194 196 195 195 195 195 194 193 193 192 192 189 188 185 184 183 183 182 180 179 180 180 181 182 183 184 185 187 189 190 192 192 193 192 192 194 194 192 192 191 190 189 188 186 185 185 185 186 186 185 185 186 189 191 193 195 194 194 194 193 192 192 191 193 195 196 198 199 201 203 205 207 207 207 208 208 209 210 211 211 210 209 210 211 212 212 211 211 212 213 212 212 212 211
193 194 196 194 193 193 193 192 192 192 191 190 188 186 183 182 182 181 180 179 179 180 181 181 183 184 185 185 188 189 190 191 192 194 194 194 194 193 192 192 191 190 190 188 187 186 186 186 186 186 186 186 188 191 193 195 196 196 196 195 195 195 195 194 195 196 198 200 201 203 205 206 207 207 208 209 209 209 209 210 209 208 208 209 211 212 212 213 213 214 215 214 213 213 213
193 193 194 192 191 191 191 190 190 190 189 188 186 183 181 180 180 179 178 178 178 180 181 181 183 184 185 185 187 188 189 191 191 193 195 194 192 191 191 190 190 190 189 188 188 186 185 185 186 186 186 187 188 192 194 196 196 196 196 196 196 198 198 197 197 197 198 201 202 203 205 206 206 207 207 207 207 207 208 208 207 206 206 208 211 212 213 215 216 217 217 217 216 215 215
193 193 192 191 190 190 189 188 187 188 187 186 184 181 179 177 177 176 177 178 178 179 179 180 181 182 183 184 185 186 188 189 190 192 192 191 190 189 189 188 188 189 188 188 188 185 185 185 186 186 187 188 189 192 194 196 196 195 195 195 196 197 197 198 198 198 198 200 202 203 204 204 205 205 205 205 205 206 206 206 206 205 205 207 209 211 213 216 216 218 218 218 218 217 216
194 193 191 191 189 188 187 186 185 185 185 184 182 179 177 176 176 176 177 178 178 178 178 178 180 180 182 183 185 186 187 189 191 191 189 189 188 187 187 186 186 187 186 187 187 187 185 186 186 187 189 190 191 192 194 195 195 195 194 194 195 195 196 197 196 196 197 198 200 201 202 202 203 203 203 203 204 205 204 205 205 205 205 207 209 211 213 215 216 218 218 219 219 219 217
194 193 191 190 188 187 186 184 183 183 183 182 180 178 176 176 176 177 178 179 179 178 178 180 180 180 182 183 185 186 187 189 191 190 188 188 187 187 185 184 184 184 185 186 186 187 186 187 187 189 191 192 192 192 193 194 194 195 194 194 195 195 196 196 196 196 196 198 198 199 199 200 200 201 201 202 202 202 202 203 204 205 206 207 209 210 212 214 215 217 218 219 219 219 218
192 191 191 188 187 186 185 183 181 180 180 179 178 177 175 175 176 177 178 180 180 179 180 180 181 181 182 184 186 187 188 189 190 188 187 187 186 185 183 182 182 182 184 185 185 187 188 188 188 190 191 191 191 191 191 193 194 195 194 194 195 196 198 198 197 197 198 199 199 198 198 198 199 200 200 201 200 200 200 201 203 205 206 207 208 209 211 213 215 217 217 218 218 218 218
190 190 190 189 186 186 183 181 179 178 178 177 176 176 175 175 176 177 178 180 180 180 180 181 181 181 183 184 186 188 189 188 188 186 185 185 184 183 181 180 179 182 183 185 186 189 189 190 190 190 191 191 191 191 191 192 193 195 195 196 197 198 199 200 199 199 199 199 199 198 197 197 198 199 200 200 199 199 199 200 201 203 205 206 207 208 210 212 214 215 216 216 217 217 218
190 191 192 190 186 185 183 180 178 177 177 176 175 174 174 174 176 177 178 179 179 180 180 180 181 181 183 184 186 188 188 187 186 184 183 182 182 181 178 178 178 182 183 186 187 190 191 192 192 191 191 191 191 192 192 192 192 194 196 197 199 200 200 201 201 201 201 201 200 198 197 197 198 198 199 199 199 199 199 199 200 202 203 205 206 207 209 211 213 213 214 214 215 215 216
188 191 192 190 186 184 181 178 178 177 177 176 174 173 173 174 176 177 178 179 179 179 179 179 181 183 184 186 188 188 187 186 184 182 180 179 179 178 178 178 180 183 185 186 188 190 192 192 192 192 191 192 192 192 192 193 193 193 196 198 200 201 201 203 204 204 203 202 201 200 198 197 198 198 199 199 199 199 199 199 200 201 203 204 206 206 207 209 211 211 212 212 212 213 214
188 190 191 190 186 184 181 178 178 177 176 175 173 172 173 174 177 178 178 179 179 179 179 179 182 184 185 187 189 188 187 185 184 181 179 177 177 177 178 178 181 184 185 187 188 190 192 192 191 191 191 192 192 192 192 192 192 193 196 198 201 201 202 204 204 205 205 202 202 201 198 198 198 198 198 198 198 199 199 199 200 200 203 204 206 206 206 209 210 210 210 210 211 211 212
187 189 190 188 186 184 181 178 178 177 175 173 172 172 173 174 177 179 179 179 179 179 180 180 183 185 186 188 189 187 185 184 182 179 178 177 177 177 178 179 183 186 187 188 188 190 191 191 191 191 191 192 192 192 192 192 192 194 196 198 201 201 203 204 205 205 205 203 202 201 198 198 198 198 198 198 198 198 198 198 200 201 203 204 206 206 206 207 208 208 208 208 209 209 210
185 186 187 186 185 184 182 179 178 176 175 173 171 171 173 174 177 179 179 179 180 181 182 183 184 185 187 187 188 185 183 181 179 178 177 177 177 177 179 182 185 188 189 190 190 190 191 191 191 191 191 192 193 192 192 192 193 195 197 198 200 201 203 204 205 206 206 204 203 201 198 198 197 197 197 198 198 198 198 198 199 201 203 204 205 204 204 205 206 206 206 206 206 207 208
