geo_cache/3-0/elevation.txt
ncols         949
nrows         918
xllcorner     -72.06666666666666
yllcorner     41.76
cellsize      1.0E-5
NODATA_value  -9999
[rows 168 to 209 of 918, columns 95 to 189 of 949]
277 277 274 271 268 266 267 267 265 263 261 259 255 254 255 252 250 248 248 248 247 247 247 247 247 246 245 246 247 247 247 246 245 246 247 247 248 249 245 241 236 232 230 227 224 222 219 218 217 215 214 214 214 215 215 217 219 219 220 218 216 215 214 214 214 214 216 216 220 222 224 224 225 228 229 230 231 233 237 238 239 237 236 234 234 230 224 219 214 212 209 208 207 206 205
277 276 274 270 267 265 265 265 263 260 258 256 254 253 252 250 247 246 247 248 246 246 247 247 247 245 244 246 249 251 250 249 248 248 249 249 251 251 247 242 237 233 230 228 225 222 220 220 216 213 212 212 212 213 214 215 217 217 218 217 216 215 214 214 214 215 216 217 220 221 222 223 225 227 229 230 231 233 236 237 236 235 233 232 232 230 223 219 213 210 207 207 206 204 203
277 275 273 270 267 264 263 262 259 258 256 254 252 251 250 247 245 245 246 246 245 245 247 248 248 246 245 248 250 253 253 251 250 249 249 250 252 251 248 244 240 236 232 229 225 222 220 220 216 212 212 212 213 213 214 215 215 214 214 215 215 216 215 214 215 216 218 218 220 220 221 222 223 224 228 229 230 231 233 235 234 233 231 230 230 228 221 218 213 209 206 205 204 203 202
277 275 272 268 265 262 260 259 257 256 254 252 250 250 249 245 243 244 245 245 245 245 247 248 248 246 245 246 249 252 253 252 250 248 249 250 250 250 249 247 243 238 234 231 226 222 219 219 216 213 213 213 214 214 215 215 213 212 212 214 215 216 215 214 213 215 217 218 219 218 218 219 220 222 225 227 228 229 231 233 233 233 230 229 228 226 221 218 213 209 207 205 203 202 202
276 273 271 267 264 260 259 257 255 254 252 250 249 248 248 244 243 243 244 245 245 245 248 248 247 246 244 244 246 249 250 250 249 248 249 249 249 250 250 248 245 240 237 234 229 224 221 218 216 214 214 213 214 216 216 215 213 212 211 212 213 215 215 212 211 212 214 216 217 216 217 217 218 221 223 227 228 228 230 231 233 233 230 228 226 224 221 218 214 211 209 206 204 203 202
272 270 268 265 262 260 258 256 254 252 250 248 247 245 246 244 243 243 245 244 244 244 247 247 246 243 243 243 244 247 248 248 248 248 248 248 249 249 249 247 245 243 241 239 233 228 224 221 218 215 214 211 212 214 214 214 213 212 211 211 212 215 215 212 210 209 211 213 214 215 216 217 217 220 223 226 227 228 229 230 231 231 229 226 223 222 220 218 215 212 211 209 207 206 205
268 268 266 263 260 258 257 256 253 250 247 245 244 243 244 244 243 244 245 244 244 244 246 245 244 242 242 243 244 246 246 247 247 247 247 247 248 248 248 247 247 246 245 242 237 233 229 225 221 217 214 210 210 210 211 211 212 212 211 211 212 215 215 212 208 207 209 211 212 214 216 216 216 219 223 224 225 226 227 227 228 228 226 224 222 221 220 218 215 213 212 211 210 209 208
266 266 265 262 260 257 256 253 250 247 245 243 241 242 242 242 242 243 245 244 244 244 245 245 243 243 244 245 246 247 248 247 247 246 246 246 246 248 248 247 247 247 247 244 239 236 232 229 225 219 216 210 208 208 209 209 212 212 211 210 211 213 213 210 207 207 208 209 210 213 215 215 216 218 221 221 222 223 224 224 225 225 223 221 220 219 219 217 216 215 214 212 211 210 209
266 265 265 262 259 256 253 250 247 245 243 242 240 240 239 240 240 241 243 244 244 245 247 246 245 245 246 247 248 249 249 248 246 245 244 244 246 248 249 250 250 248 246 243 238 234 231 229 227 221 219 213 208 208 209 209 211 211 210 210 210 211 211 208 207 207 207 208 210 212 215 215 215 216 218 219 219 219 220 220 221 221 220 218 218 217 218 217 217 217 215 214 213 212 210
263 263 262 260 257 253 249 246 244 244 243 241 239 238 237 239 239 241 243 244 244 246 248 248 246 247 247 248 248 248 248 247 245 244 243 243 246 248 250 251 251 249 245 241 236 232 228 227 226 222 220 214 210 208 208 209 211 210 210 210 210 210 209 208 207 207 207 209 210 212 215 216 216 215 215 216 217 217 218 218 219 218 218 216 216 215 216 217 217 217 216 217 215 214 212
260 259 259 257 255 251 247 244 242 241 240 239 237 236 236 239 240 242 245 245 246 246 248 247 245 246 247 248 247 247 247 246 243 243 243 243 246 247 248 249 249 248 244 240 235 231 227 225 225 222 219 215 211 208 208 208 209 209 210 210 209 209 209 209 209 208 209 209 212 212 214 215 216 215 214 214 215 215 217 217 217 217 216 215 214 213 214 216 217 219 219 219 218 217 215
258 256 255 255 253 249 246 243 240 238 237 236 235 235 237 240 243 245 246 246 246 246 247 247 246 246 247 247 246 247 247 247 245 243 243 244 245 245 246 246 246 245 243 240 236 232 228 225 223 221 219 216 214 211 208 206 207 208 208 209 208 208 209 210 211 210 209 210 212 212 214 215 215 216 215 213 215 216 217 218 218 217 216 215 212 212 215 217 220 221 222 222 221 220 217
256 253 253 253 252 248 244 242 239 237 235 235 235 235 238 242 244 247 247 246 246 246 246 246 248 249 248 248 248 248 250 249 248 245 245 245 245 245 245 243 243 243 241 240 237 235 230 226 223 221 220 218 216 213 210 206 206 206 206 207 207 207 208 210 212 211 211 212 212 212 213 215 215 216 216 216 216 217 218 219 219 218 216 213 212 213 217 219 222 223 224 224 223 222 219
253 250 250 250 249 245 243 241 240 237 235 235 235 236 238 242 244 245 245 245 246 246 246 247 248 251 251 251 251 251 253 252 251 248 246 246 245 244 244 243 242 241 239 239 238 237 233 228 225 222 221 220 218 215 211 207 206 205 205 206 207 207 207 210 212 212 213 213 213 213 213 215 215 216 217 217 217 218 219 219 219 218 216 213 212 213 217 219 222 223 225 225 225 224 220
249 247 247 247 246 242 242 241 240 237 235 237 236 236 238 240 242 243 243 245 247 249 249 250 251 254 255 255 255 255 257 256 254 251 249 248 246 244 242 242 240 239 239 238 238 238 235 231 227 224 223 222 220 217 213 210 208 205 203 204 206 207 207 209 212 212 212 213 213 213 213 214 215 215 215 217 217 218 219 219 218 217 215 212 211 212 216 219 222 224 226 227 227 226 223
244 242 242 243 242 240 240 241 240 237 235 237 236 236 237 237 239 241 243 245 248 251 252 254 255 258 260 260 260 260 261 262 260 256 254 252 248 244 241 241 239 238 238 238 239 239 236 233 229 227 226 224 222 218 215 213 209 205 202 202 204 205 206 207 209 210 210 210 210 211 211 212 214 215 215 217 218 219 220 220 219 217 213 211 211 212 217 219 222 224 227 228 229 228 225
241 240 239 239 238 238 238 238 238 238 238 238 237 236 236 236 237 241 244 247 250 252 254 256 257 260 264 264 264 265 266 267 265 262 258 254 249 243 240 239 238 237 238 240 239 239 236 233 231 228 227 225 223 218 215 213 210 205 202 202 202 203 204 205 206 207 208 208 208 209 211 212 214 215 216 217 219 220 222 222 221 219 215 211 212 214 218 220 223 224 227 229 230 230 227
239 239 239 238 238 236 236 237 239 240 240 240 238 237 237 236 238 242 245 248 250 252 255 257 259 262 265 266 266 268 269 269 267 264 260 255 250 244 240 239 237 236 237 240 241 240 237 234 232 230 229 226 223 219 216 213 211 208 205 202 201 201 202 203 203 204 205 206 207 209 211 212 215 217 218 219 220 221 223 223 223 221 217 213 213 216 218 219 222 224 226 228 230 230 228
238 238 239 238 238 236 236 236 238 241 241 240 238 238 237 237 239 243 245 248 250 251 255 258 261 264 266 267 269 271 271 270 268 264 261 257 251 245 242 240 237 234 235 239 242 241 238 235 235 233 232 228 224 221 218 216 214 212 208 203 200 199 199 200 200 201 202 203 205 208 211 214 216 217 218 220 220 222 224 225 225 223 220 216 214 216 217 219 221 223 226 227 230 230 229
237 237 238 238 237 236 235 234 237 239 240 240 239 239 237 237 239 242 245 248 250 251 255 260 264 267 268 270 273 275 274 272 270 267 264 259 253 247 244 240 236 234 234 238 243 242 239 236 236 234 233 229 226 222 220 218 216 214 211 206 201 198 197 198 198 199 199 199 202 206 210 214 215 215 216 219 220 221 225 226 227 225 223 220 217 217 218 219 221 223 226 228 230 231 230
235 235 236 237 237 236 235 234 235 237 240 240 241 241 240 238 239 240 243 247 249 252 257 262 266 269 271 274 278 279 278 276 273 270 266 261 254 248 243 239 236 233 234 236 239 240 238 235 233 232 231 228 226 224 222 219 218 216 214 210 204 199 197 198 198 198 197 197 200 204 209 213 213 213 215 219 220 221 225 228 229 228 226 223 221 219 219 221 223 224 227 230 231 233 233
234 235 236 236 237 237 236 235 235 236 240 242 244 244 243 241 238 238 241 245 248 252 258 264 267 272 273 276 280 282 282 280 277 272 266 261 253 247 242 238 235 233 233 234 236 237 235 232 231 230 229 228 227 227 226 224 221 219 217 213 207 201 199 198 198 197 196 196 199 202 207 211 212 213 215 219 220 222 226 229 231 230 228 225 223 220 220 220 223 225 227 230 233 234 235
234 234 235 235 237 238 237 236 235 236 240 244 247 248 246 243 240 238 239 243 246 251 258 264 269 274 275 278 280 284 284 282 278 273 266 261 254 247 241 237 235 233 233 233 234 234 232 230 229 229 229 230 229 230 230 228 225 222 219 215 209 203 199 198 198 197 196 196 198 201 205 209 211 212 215 220 222 224 228 230 232 232 230 226 224 221 220 220 222 225 227 230 232 234 234
233 233 233 234 236 238 238 236 236 238 242 246 248 250 248 245 242 240 240 242 245 250 257 264 268 273 276 278 280 284 285 283 278 274 268 262 256 250 245 240 237 234 233 233 233 231 230 229 229 230 231 231 231 231 231 231 227 224 219 215 210 204 201 198 198 197 196 196 197 199 202 206 209 210 215 221 224 225 230 231 232 232 231 229 226 223 222 222 222 224 226 228 230 232 232
231 231 231 231 233 236 238 237 239 241 245 248 250 250 249 247 245 244 242 242 245 249 256 263 266 272 276 278 280 283 283 283 278 274 270 265 259 254 249 243 239 235 231 229 229 228 229 230 230 231 231 231 230 230 231 230 228 224 219 215 211 207 204 201 198 198 197 196 196 196 199 203 207 209 214 219 224 225 230 232 234 234 233 231 228 225 224 223 224 224 226 227 229 230 230
230 230 229 230 231 234 236 239 242 244 247 249 250 249 249 248 248 247 245 244 246 250 256 262 266 271 274 277 279 282 283 283 279 276 272 267 262 256 251 244 239 233 228 225 224 226 228 230 231 231 231 231 230 230 230 230 228 225 221 217 214 210 206 203 201 200 200 198 195 195 196 201 204 208 212 217 223 225 230 234 236 236 234 232 229 226 225 223 223 224 226 227 229 230 230
230 230 229 230 231 234 237 241 244 245 247 249 250 249 249 250 251 251 249 249 249 252 257 262 264 269 273 275 278 281 282 282 279 277 273 268 262 256 250 244 237 230 225 223 223 225 227 229 231 232 232 232 232 231 232 231 229 226 222 219 216 211 208 205 203 202 202 199 196 195 196 199 202 206 210 217 223 225 231 235 238 237 235 232 229 227 225 224 223 224 226 227 230 230 230
230 230 230 231 232 235 239 242 244 245 246 247 250 251 251 253 255 255 254 253 253 253 256 259 261 266 270 274 277 280 280 280 278 275 272 266 260 255 248 242 235 228 224 223 224 225 226 226 228 230 231 232 232 233 234 233 231 227 222 219 215 211 208 206 204 204 203 201 198 196 197 199 201 205 209 216 221 224 229 235 238 238 237 234 231 230 227 226 224 224 226 227 229 230 229
229 229 229 232 233 237 239 241 242 243 246 248 251 253 254 256 257 258 258 257 256 255 254 256 258 263 267 272 276 278 277 277 275 272 268 263 258 253 247 241 235 229 225 225 225 225 225 224 226 228 229 230 232 234 235 234 231 228 222 219 215 212 211 208 206 205 205 203 201 199 199 200 202 205 209 215 220 221 227 234 239 241 240 237 234 233 228 227 225 225 225 226 228 229 228
228 228 229 231 233 236 237 239 240 243 246 250 253 255 257 258 259 260 260 260 259 256 254 254 255 260 264 269 273 274 274 273 271 268 265 261 256 252 247 243 237 231 227 226 225 225 224 224 224 227 227 230 233 235 236 236 232 228 223 219 215 213 213 211 209 208 208 206 204 202 202 202 203 204 208 212 217 219 225 232 239 242 242 240 236 234 230 227 224 224 224 225 226 227 226
229 228 229 230 232 235 236 238 240 244 248 252 255 257 258 259 261 262 261 262 260 257 254 254 254 258 262 265 268 270 271 270 268 266 263 259 255 252 249 245 239 233 229 226 226 226 224 224 224 227 228 231 234 236 236 235 232 229 223 219 216 215 215 214 213 212 211 209 207 205 204 203 203 203 205 210 215 217 223 230 237 242 243 242 238 234 230 227 224 223 222 222 223 224 224
230 229 229 230 232 235 237 239 243 247 250 254 256 258 259 261 262 263 262 263 261 258 254 254 254 257 260 261 264 267 268 268 266 264 261 258 255 253 251 246 241 234 230 227 226 226 224 223 223 226 228 231 234 235 235 234 232 229 224 219 216 216 216 217 216 216 215 212 210 207 205 203 202 201 203 209 213 215 221 228 236 240 243 241 237 233 228 226 223 221 220 220 221 222 222
231 231 231 232 234 236 239 242 246 249 252 255 257 259 261 261 263 264 264 263 261 258 254 254 254 256 258 259 260 263 265 266 265 263 260 256 253 253 250 245 240 234 231 230 229 226 222 221 222 225 227 229 231 233 232 233 232 230 226 222 219 218 218 220 219 218 217 216 213 208 206 203 202 201 203 208 213 215 220 227 233 238 240 239 235 231 226 224 221 219 218 219 220 221 221
232 232 233 234 236 239 242 245 248 251 253 256 258 260 262 263 264 265 264 262 260 258 255 254 254 256 256 256 256 259 262 262 262 260 257 253 251 251 247 242 238 234 233 233 231 226 222 220 222 225 225 226 227 228 229 231 233 231 229 226 223 221 222 222 221 220 219 219 216 211 208 205 202 201 203 207 211 213 217 224 230 235 238 237 234 229 226 223 220 217 217 218 218 218 219
233 234 235 236 238 241 244 247 250 251 254 256 259 262 264 265 265 265 264 263 261 259 256 255 254 255 253 252 252 254 257 258 258 257 255 250 250 249 245 240 237 234 235 235 232 228 223 221 222 223 223 224 224 226 228 230 233 233 233 230 227 225 224 223 222 221 221 221 219 214 211 208 203 202 202 205 209 211 215 220 226 232 235 235 233 229 225 222 218 215 214 215 215 215 216
234 236 237 238 240 242 245 248 251 251 253 255 259 263 264 264 264 265 265 265 264 262 259 257 255 253 251 248 248 250 252 253 254 254 252 249 248 247 244 239 237 235 235 233 231 226 223 221 220 220 220 222 224 226 228 230 232 234 236 234 230 227 225 224 224 223 223 223 222 218 215 211 205 201 201 204 207 209 213 218 223 228 232 232 230 228 224 222 218 214 212 212 212 212 213
235 237 239 239 241 243 246 249 250 250 253 255 258 261 263 264 264 264 265 267 267 266 262 259 257 253 250 245 244 245 247 248 249 250 249 248 247 246 243 239 237 235 232 229 227 223 220 218 216 217 218 221 224 226 228 230 232 236 238 237 232 227 225 226 227 225 225 226 224 221 217 213 207 201 201 204 207 209 212 216 221 225 227 228 227 226 223 220 216 213 212 211 210 210 210
236 238 239 241 241 244 246 248 249 250 252 254 257 261 262 264 265 264 264 266 268 268 263 261 258 256 251 246 242 241 241 243 244 246 247 247 246 244 242 239 237 234 229 225 223 220 218 216 215 215 216 219 221 224 226 230 234 237 239 239 234 228 227 228 228 227 227 227 226 223 219 214 208 202 201 204 207 209 211 216 220 223 223 224 224 223 221 219 215 212 211 209 208 207 207
235 237 239 241 241 244 246 248 249 251 252 253 256 259 263 265 266 265 265 264 266 267 264 261 259 258 255 249 243 238 237 238 240 242 244 246 246 243 241 239 237 232 227 222 220 219 216 215 214 214 214 217 219 222 224 228 232 236 238 239 235 230 228 228 228 227 227 227 226 224 220 215 209 202 201 203 206 207 209 214 218 221 221 221 221 221 219 217 213 210 209 206 204 204 204
234 236 239 241 241 244 246 248 251 252 251 252 256 259 263 267 267 266 264 264 265 266 264 262 259 258 257 251 245 239 236 235 236 239 241 243 244 242 240 238 236 231 226 221 219 219 216 215 214 213 213 215 218 220 222 225 229 233 234 236 236 231 227 226 226 226 227 227 226 224 220 216 209 203 201 203 204 205 207 213 217 219 219 219 219 219 217 215 212 208 206 203 201 201 200
234 237 240 242 243 244 246 249 251 251 250 251 255 259 263 266 267 265 263 264 265 265 264 261 259 257 257 253 247 241 236 233 234 236 237 239 241 240 239 238 236 230 226 222 219 218 215 214 214 213 213 215 216 218 219 220 224 229 232 234 234 231 227 225 224 225 226 227 227 225 221 217 211 204 201 203 204 205 206 210 214 216 216 216 216 217 215 213 210 206 203 201 198 197 197
235 238 242 244 245 246 246 249 250 250 249 250 253 257 260 263 264 263 262 263 264 264 262 260 258 257 257 254 249 243 238 234 233 235 236 236 237 237 237 236 233 228 224 221 218 216 214 213 213 214 214 215 217 217 216 217 220 225 230 231 232 229 226 224 223 222 224 227 227 226 223 219 213 206 202 202 203 204 204 207 211 212 213 212 213 214 212 211 208 205 201 198 196 194 193
