geo_cache/3-0/elevation.txt
ncols         949
nrows         918
xllcorner     -72.06666666666666
yllcorner     41.76
cellsize      1.0E-5
NODATA_value  -9999
[rows 168 to 209 of 918, columns 0 to 94 of 949]
206 203 200 200 203 206 207 207 207 206 206 205 204 204 204 203 201 200 198 196 197 199 201 201 202 205 211 216 220 224 229 235 241 248 254 258 262 264 266 267 269 269 269 269 270 272 271 271 270 268 265 262 263 265 268 268 265 263 262 262 262 262 261 260 258 257 257 257 257 256 254 254 254 256 259 260 259 259 260 261 260 260 260 259 257 259 262 266 272 277 281 283 284 283 280
203 200 199 200 202 205 205 205 205 203 203 202 201 201 201 200 199 198 196 194 195 197 199 201 203 207 213 218 222 226 231 237 243 250 256 261 265 267 267 268 268 269 268 268 269 270 269 269 269 267 265 263 263 265 268 267 265 262 261 260 260 260 260 258 257 257 256 255 255 254 253 254 255 258 259 260 261 262 263 264 263 260 260 259 256 258 261 265 271 275 279 281 282 281 280
199 198 197 200 202 203 203 203 202 200 199 198 198 198 197 197 196 195 194 193 195 196 198 201 204 209 214 220 224 227 232 238 244 252 258 263 266 269 268 268 268 268 268 268 269 269 269 269 267 265 263 262 263 265 266 266 263 261 259 259 259 258 257 257 256 256 255 254 253 252 252 253 255 257 259 261 264 266 267 267 265 262 261 260 258 258 260 264 271 275 278 279 280 280 280
197 196 196 198 200 200 201 201 200 198 197 196 195 194 194 194 193 191 191 192 195 195 198 201 205 210 214 220 225 229 233 240 247 253 259 263 266 269 268 268 268 268 269 269 269 269 270 269 266 263 260 259 260 263 265 264 261 260 259 259 259 256 256 255 256 255 255 253 253 252 252 252 254 257 260 262 266 270 270 269 267 263 261 260 259 259 260 264 270 274 275 276 277 279 279
197 196 195 194 195 197 199 200 198 196 195 194 192 191 190 189 187 186 187 190 195 197 199 203 206 211 215 221 226 231 236 243 250 256 261 264 267 269 269 268 268 269 270 270 269 268 268 267 265 262 260 258 258 260 262 263 261 259 258 258 258 255 255 254 254 253 253 252 252 252 251 252 254 257 262 264 268 271 271 270 268 264 262 261 260 260 261 263 268 272 273 274 275 277 276
195 194 193 192 193 195 197 198 196 193 191 189 187 186 185 184 182 183 186 191 196 198 201 204 208 212 217 223 228 234 241 247 254 260 263 266 268 269 269 269 270 270 270 270 269 267 265 265 265 262 260 257 256 258 259 260 258 256 256 257 257 255 254 253 252 252 252 251 250 250 250 252 254 259 264 266 270 271 270 269 267 264 264 262 261 261 261 262 266 270 271 272 273 274 273
192 191 190 190 192 194 195 195 194 190 187 184 182 182 181 181 181 182 188 193 197 198 201 205 209 214 219 225 230 237 245 251 256 261 265 267 268 270 270 269 270 270 269 269 266 265 265 266 265 262 260 257 255 255 256 257 255 253 254 255 254 252 251 250 251 251 251 250 249 249 250 251 254 260 265 268 272 272 270 269 267 264 264 262 260 260 261 261 264 269 270 271 272 271 270
187 187 187 189 191 193 193 192 190 186 183 181 181 181 181 181 181 183 190 195 197 199 201 205 210 216 220 225 231 238 248 254 258 261 264 266 268 269 269 268 268 267 268 267 264 264 265 266 266 262 260 257 255 253 253 252 250 251 252 252 251 250 248 247 248 249 249 248 246 247 249 250 253 259 265 268 272 273 272 269 267 264 264 262 259 258 258 260 263 267 268 270 270 269 268
183 182 184 186 191 192 192 191 187 183 181 180 181 182 182 182 182 184 189 195 198 200 203 207 212 216 219 224 230 238 248 254 258 260 263 265 266 268 268 267 266 266 266 266 264 263 264 265 265 262 259 257 254 250 249 248 248 249 250 250 248 248 246 245 245 246 246 245 245 246 248 249 252 259 264 268 272 275 275 272 269 265 264 262 259 256 256 258 260 264 267 267 268 267 267
182 181 181 183 188 191 192 190 185 182 181 180 181 182 182 182 182 183 189 194 198 201 204 209 213 216 219 224 231 238 247 253 258 260 263 265 266 267 266 265 264 265 266 265 264 261 261 262 262 260 257 254 252 248 247 247 247 247 248 247 246 246 245 244 243 243 242 243 244 245 247 249 252 258 264 267 272 276 277 274 272 268 266 264 261 257 256 256 258 262 264 265 265 265 264
182 182 182 182 185 188 189 187 183 182 181 181 182 182 182 182 182 183 190 195 198 202 205 208 212 216 219 225 231 238 246 252 256 260 262 264 266 266 266 264 264 264 265 264 261 258 257 258 259 257 254 251 249 247 246 246 246 246 246 245 243 243 242 242 242 241 240 241 241 243 245 247 251 257 263 267 272 276 277 276 274 270 268 266 263 258 256 256 257 260 262 263 263 262 261
182 182 182 182 182 184 186 184 182 182 181 181 182 182 182 182 182 186 191 195 198 202 204 206 211 216 220 225 230 237 243 249 254 258 259 261 263 264 265 264 264 264 263 261 258 256 256 257 257 255 252 249 247 246 245 245 244 244 243 242 240 240 240 240 240 239 240 240 239 239 241 245 250 257 262 267 272 275 277 277 275 271 269 266 263 258 255 254 256 258 261 261 261 261 260
182 182 182 181 181 181 182 181 181 181 182 182 182 182 182 182 182 187 191 194 197 200 203 206 211 217 221 225 229 235 242 247 252 256 257 259 260 262 264 264 263 263 261 259 256 256 256 256 256 254 251 247 246 245 244 243 242 242 241 240 237 237 238 238 239 239 240 240 238 238 239 244 250 257 262 266 272 276 278 278 275 271 269 265 263 257 253 252 254 257 259 259 259 259 258
182 182 182 181 181 181 181 181 181 181 182 182 182 182 182 182 182 185 190 193 196 199 203 206 212 218 222 225 230 236 242 246 251 255 256 257 258 260 261 262 262 261 260 258 256 255 256 256 255 253 250 247 246 243 242 241 239 239 240 238 237 235 237 237 239 240 241 241 239 238 240 245 251 258 262 266 272 276 279 278 275 272 269 266 263 257 252 250 251 254 256 257 257 257 255
182 182 182 182 182 181 181 181 181 181 182 182 182 182 182 182 182 184 188 191 195 198 203 207 213 219 222 226 232 238 242 246 250 252 253 254 256 258 259 260 260 259 258 257 255 254 255 254 253 250 247 245 243 240 240 239 237 237 238 238 237 234 235 236 239 240 242 242 240 240 242 246 251 257 262 266 272 276 279 279 277 274 271 268 265 258 253 249 249 251 253 253 253 253 252
182 182 182 182 182 182 182 182 182 182 182 182 182 182 182 182 182 183 187 190 195 200 205 209 213 218 222 228 232 238 241 245 247 249 250 252 255 256 258 258 258 257 256 254 252 252 252 251 248 246 244 242 239 238 239 239 238 236 236 236 236 235 234 235 238 240 241 241 240 241 242 245 249 255 262 265 271 276 280 280 280 278 275 271 267 261 255 249 247 248 248 249 249 248 247
182 182 182 182 182 182 182 182 182 182 182 182 182 182 182 182 182 183 187 191 196 200 204 209 212 218 222 228 232 236 238 242 244 245 247 249 252 255 256 256 256 255 253 252 250 250 248 246 244 243 242 240 236 236 239 241 240 237 235 234 236 235 234 234 237 238 239 241 240 242 242 243 247 253 260 264 270 275 280 281 282 280 277 272 268 263 257 251 247 246 246 244 244 244 243
182 182 182 182 182 182 182 182 182 182 182 182 182 182 182 182 182 184 188 192 196 199 203 209 213 218 223 228 232 234 235 238 240 242 244 247 250 253 253 253 253 252 250 250 249 248 245 243 241 240 239 238 234 234 238 242 241 237 234 234 235 236 236 236 236 236 236 239 240 241 241 241 245 252 258 263 270 276 280 281 282 280 277 271 268 263 257 252 247 245 244 242 242 242 241
182 182 182 182 182 182 182 182 182 182 182 182 182 182 182 182 182 185 189 192 196 199 203 209 214 220 225 229 232 233 233 235 238 240 242 245 247 250 250 250 250 248 247 247 247 245 243 240 238 237 236 235 233 233 236 239 238 236 234 235 236 236 236 236 234 234 234 237 239 241 241 241 244 251 257 263 271 277 281 282 282 280 278 272 268 264 257 252 247 245 242 240 240 241 240
182 182 182 182 182 182 182 182 182 182 182 182 182 182 182 182 182 185 189 193 197 200 205 210 214 221 226 231 231 231 232 233 236 238 240 242 244 246 248 248 247 245 245 244 244 243 241 238 235 234 234 233 232 232 234 235 235 235 234 235 236 236 234 235 234 233 234 235 238 241 242 243 244 250 256 263 271 277 281 282 282 280 278 274 270 265 258 252 248 245 241 239 238 238 237
182 182 182 182 182 182 181 181 181 181 181 181 182 182 182 182 182 185 189 193 197 201 205 210 214 221 226 231 231 231 231 233 235 236 238 239 241 244 246 247 245 244 243 241 240 240 239 236 234 234 234 232 229 230 232 233 235 235 235 236 235 234 232 233 235 236 236 236 237 240 243 243 245 250 256 263 270 275 279 281 282 280 277 274 270 265 259 254 249 245 240 237 236 235 234
182 182 182 182 182 182 181 180 180 180 180 181 181 182 182 182 182 185 190 194 198 201 205 210 215 221 226 232 234 233 233 235 236 237 238 238 239 242 244 244 245 243 241 238 238 238 238 235 235 234 233 230 228 229 232 232 234 235 235 235 233 232 231 234 237 238 239 238 237 239 242 244 246 251 257 262 268 272 275 278 281 280 277 272 269 265 259 254 249 244 238 236 235 233 232
182 182 182 182 182 182 181 180 180 181 180 180 181 182 182 182 183 188 193 197 200 203 207 211 216 222 228 234 236 236 235 236 238 238 238 238 239 239 240 240 241 241 239 236 235 235 235 235 234 233 231 230 230 231 232 232 233 234 234 233 233 233 234 235 238 239 240 239 238 239 243 246 247 251 257 261 266 269 271 276 279 278 276 271 268 264 259 253 247 243 238 236 235 232 232
182 182 182 182 182 182 181 181 182 183 180 180 181 181 181 182 186 191 195 199 202 205 209 212 217 223 228 234 237 237 236 236 237 238 238 237 236 235 236 236 237 238 238 235 232 231 232 232 231 230 229 230 231 232 232 232 232 234 235 235 235 235 236 236 238 239 239 239 239 241 245 247 247 250 254 258 263 267 269 273 276 276 273 270 266 262 257 251 245 242 238 234 233 232 232
182 182 182 182 182 182 181 181 182 185 183 180 179 179 181 186 190 193 197 200 204 207 211 214 216 222 227 232 236 235 234 234 235 236 238 237 235 234 234 234 234 236 235 232 229 229 230 230 229 228 228 229 231 232 233 232 233 235 237 239 238 237 237 236 236 236 237 238 240 243 246 248 248 249 251 254 260 265 268 270 271 271 270 267 264 260 256 250 244 240 236 233 232 231 231
182 182 182 182 182 182 181 181 183 187 186 182 178 178 182 190 194 195 197 199 203 207 211 214 215 220 225 229 232 233 234 234 235 236 238 238 236 235 235 235 233 233 231 229 228 227 228 228 228 227 227 228 231 233 234 234 235 237 238 240 239 238 237 235 234 234 235 238 241 244 247 249 248 247 247 251 257 263 267 267 267 267 266 263 260 257 253 248 243 240 237 233 232 230 230
182 182 182 182 182 182 181 181 184 188 188 185 182 181 184 192 196 197 197 198 202 207 210 213 216 220 224 227 229 231 234 234 235 236 238 238 237 236 235 234 231 229 228 228 227 227 227 228 229 228 227 228 231 234 235 235 236 237 238 239 239 237 236 234 233 233 234 238 241 243 247 249 248 246 246 249 255 261 265 265 264 263 262 260 258 255 251 246 242 240 237 234 232 230 230
182 182 182 182 182 182 181 181 184 188 190 188 187 185 187 192 196 198 199 199 200 205 209 213 216 220 223 226 228 230 233 232 232 234 236 236 236 236 233 232 229 228 227 227 227 227 227 230 230 228 228 228 232 234 236 236 236 236 236 238 239 237 236 235 234 234 235 238 240 241 244 246 247 246 247 249 254 260 262 262 260 260 259 257 255 253 249 245 241 239 235 232 231 229 230
182 182 182 182 182 181 181 181 185 190 193 193 191 189 189 191 194 197 198 198 200 203 209 213 216 221 224 226 228 230 231 230 230 232 234 235 235 234 232 231 229 228 226 226 227 227 228 229 229 228 228 229 232 235 236 237 237 236 236 238 240 239 236 235 236 237 237 237 238 239 241 243 246 247 247 249 251 256 258 258 257 256 255 254 253 251 248 245 240 237 233 230 229 228 229
182 182 182 182 182 180 180 182 188 193 197 197 195 193 191 192 194 195 196 197 201 203 209 213 216 222 226 229 229 230 229 228 228 230 232 234 234 233 233 232 230 227 225 224 225 227 227 227 227 227 228 231 233 235 238 238 238 237 237 238 240 239 238 237 238 239 237 236 237 238 239 240 243 245 245 245 247 251 253 253 252 252 252 252 250 249 247 244 240 236 232 229 229 227 227
182 182 182 181 181 181 182 187 192 198 201 201 199 198 196 196 196 195 195 197 201 203 208 212 216 222 227 230 230 229 227 225 227 229 229 231 233 232 232 232 230 227 224 224 224 224 224 224 225 227 230 232 234 235 237 237 237 237 238 239 240 240 241 242 242 241 240 239 237 238 238 238 239 240 240 241 243 246 247 247 247 248 249 250 248 246 244 242 239 235 231 230 229 227 228
182 182 182 181 181 184 186 191 196 201 204 205 203 202 201 201 200 197 197 198 201 203 208 212 216 221 224 226 227 226 224 223 225 226 226 228 230 231 230 229 229 226 224 224 224 223 221 222 225 229 232 233 234 235 236 236 237 237 237 240 240 242 244 246 246 245 244 242 241 241 239 236 236 236 237 238 240 242 241 242 243 244 246 247 246 243 241 240 237 234 232 231 230 229 230
182 182 182 181 183 186 188 192 198 201 205 206 206 206 206 205 203 200 200 201 202 205 208 212 215 218 219 221 223 223 222 222 224 223 224 226 228 228 227 226 226 225 223 223 223 222 221 222 225 229 232 234 235 235 236 236 238 239 239 240 240 243 246 248 248 248 247 245 245 244 241 238 236 235 236 238 239 238 237 238 239 240 242 243 242 241 239 238 236 234 232 231 231 231 231
182 182 182 182 184 186 188 193 198 202 205 207 208 209 209 208 206 202 202 203 205 208 211 213 215 216 216 217 220 221 222 222 223 222 222 224 225 224 223 222 223 224 223 221 222 222 222 224 226 229 231 233 235 235 237 238 240 241 241 241 241 242 245 246 248 250 250 250 250 248 245 242 240 238 239 240 238 236 234 235 237 239 240 240 240 239 238 236 235 234 232 231 231 232 232
181 182 182 183 184 187 190 195 199 203 206 208 209 210 210 208 205 203 203 205 207 211 214 216 218 217 216 216 219 221 222 222 222 222 221 221 221 220 219 218 219 221 221 220 222 223 224 226 228 229 230 232 234 236 238 239 241 242 242 241 241 241 243 245 248 251 252 253 254 254 252 249 245 243 242 241 238 236 234 234 236 238 239 239 239 238 237 235 234 234 232 231 231 232 232
181 182 182 183 185 189 192 197 200 203 207 208 208 208 208 206 205 204 204 206 209 213 217 220 221 220 217 217 217 220 222 223 222 221 219 219 219 218 217 216 217 219 219 219 221 223 224 225 228 231 231 232 234 236 239 239 241 242 242 241 241 241 243 247 249 252 253 255 257 258 258 255 251 247 244 241 239 236 235 235 236 236 236 238 237 236 235 235 234 234 233 232 231 232 232
181 182 182 183 188 192 194 197 200 203 207 208 206 206 206 206 206 205 206 208 212 216 220 222 223 222 220 218 218 221 223 223 221 220 219 219 219 218 217 216 216 217 217 218 220 222 223 224 228 231 231 233 234 236 238 239 241 242 242 241 241 243 246 249 252 254 256 258 260 260 261 260 257 252 247 244 241 238 237 236 236 234 234 236 236 236 234 234 235 235 235 233 233 232 233
181 181 182 186 191 194 196 196 199 203 207 207 206 206 208 210 210 209 211 213 217 220 223 224 224 224 222 221 220 222 223 223 220 219 219 219 219 218 218 218 217 217 217 217 220 221 222 224 227 231 233 234 234 236 238 239 241 242 242 242 242 245 248 251 255 257 258 260 261 261 262 263 261 256 251 247 244 242 240 237 236 233 233 235 236 236 235 235 235 236 236 235 234 234 234
181 181 183 189 193 196 197 197 198 202 207 208 207 207 211 214 214 213 214 218 222 225 225 224 223 224 224 223 223 223 224 223 220 219 219 219 218 218 218 219 219 219 219 219 222 222 222 224 228 233 235 235 236 236 237 239 240 241 242 242 243 246 249 252 256 258 260 260 261 259 260 262 262 258 253 249 247 245 242 239 236 234 233 233 234 233 234 233 234 236 237 235 234 233 233
181 181 184 191 195 197 198 198 199 202 207 209 209 209 213 216 217 215 216 219 223 225 224 221 221 222 223 222 223 223 224 223 220 220 218 217 216 216 216 218 219 221 221 222 224 224 224 225 228 233 236 236 235 235 236 238 239 240 241 242 242 246 250 253 256 257 259 260 259 256 256 258 260 258 255 251 248 246 243 240 237 234 232 230 230 231 231 231 232 234 234 233 232 231 232
182 181 184 192 195 197 199 200 201 204 209 209 210 210 213 216 217 215 216 219 221 222 222 219 219 219 220 220 220 221 221 220 220 219 217 215 215 216 217 218 220 221 222 222 224 223 223 226 228 232 235 235 234 234 236 237 239 240 241 241 241 246 251 255 257 258 259 260 258 255 254 254 256 257 256 252 248 245 243 241 238 233 230 227 228 229 230 231 232 232 231 230 230 230 231
184 183 186 192 196 198 200 202 203 205 209 209 210 209 210 213 214 214 214 216 217 220 220 219 218 217 217 217 218 218 219 218 218 218 215 214 214 216 217 218 220 221 222 222 222 222 223 226 228 231 233 233 233 233 236 237 240 240 239 239 241 246 251 255 258 258 258 260 258 256 254 253 254 255 255 252 247 243 241 240 235 231 228 226 226 227 229 231 231 230 229 228 228 230 231
