geo_cache/3-0/elevation.txt
ncols         949
nrows         918
xllcorner     -72.06666666666666
yllcorner     41.76
cellsize      1.0E-5
NODATA_value  -9999
[rows 630 to 671 of 918, columns 475 to 569 of 949]
104 104 104 104 105 103 100 98 96 96 96 95 94 94 94 93 89 85 82 80 79 78 79 80 80 79 79 80 80 80 80 80 79 79 80 81 81 82 83 84 85 85 86 86 86 87 87 88 89 90 89 90 91 93 95 96 98 100 102 102 103 105 106 106 105 104 102 100 99 98 98 98 98 97 96 96 96 96 96 97 97 98 98 99 100 99 99 100 99 99 98 98 97 96 97
104 104 104 104 105 103 100 98 96 96 96 96 95 94 94 93 91 88 85 83 81 80 81 81 81 79 79 79 80 80 80 80 79 78 78 81 81 82 82 82 83 84 85 85 86 87 87 89 91 92 92 92 93 95 97 98 100 102 102 103 103 105 106 106 105 103 101 100 99 98 98 98 98 97 97 97 97 97 97 97 98 99 101 102 102 101 101 101 100 100 99 98 97 99 99
107 106 105 104 104 104 101 99 99 98 97 96 95 94 94 93 92 91 88 86 84 83 82 82 82 80 80 80 80 80 79 79 78 78 79 81 81 82 81 81 81 82 83 84 86 87 88 90 91 94 94 94 95 96 97 99 101 102 103 104 104 105 106 106 105 102 101 100 99 98 98 98 98 98 98 98 98 97 97 98 100 101 103 104 104 104 104 103 101 101 101 100 100 102 102
108 107 106 104 104 104 102 101 101 100 98 96 95 95 95 95 95 94 91 89 87 85 84 83 82 82 82 82 81 80 78 78 79 79 79 80 80 80 80 80 81 81 82 83 87 88 88 89 90 93 95 96 97 97 99 100 102 104 104 104 104 105 106 106 103 102 102 102 102 101 99 99 99 98 99 100 100 99 99 100 102 104 105 106 107 107 108 107 105 104 103 103 105 106 105
106 107 106 104 104 103 103 103 103 102 98 96 95 96 96 97 97 96 93 91 90 88 87 85 85 85 84 83 82 80 78 78 78 78 79 78 78 79 79 81 81 81 82 83 87 88 88 88 90 93 95 98 99 100 101 102 103 105 105 105 105 106 107 106 105 103 104 105 105 104 102 101 100 99 99 101 103 102 102 103 105 107 108 109 111 112 113 112 110 109 108 108 110 111 110
104 105 105 104 104 103 103 103 103 102 99 97 97 98 98 97 97 97 95 93 93 92 90 88 87 87 86 85 83 80 78 78 78 78 77 76 76 77 79 81 83 83 83 84 86 87 87 88 89 93 95 99 100 102 103 104 105 107 107 107 107 108 109 109 108 108 108 108 107 105 104 102 102 101 101 102 105 105 105 107 109 110 111 113 115 116 116 116 114 113 112 112 114 115 112
103 104 104 103 103 103 103 103 103 102 100 100 100 99 99 97 97 97 96 94 95 95 92 90 88 88 87 86 84 81 79 78 78 78 77 75 75 76 78 80 82 83 83 84 85 86 86 88 89 93 95 99 100 102 103 104 107 109 109 109 109 110 111 112 112 111 110 109 105 103 102 102 101 101 101 102 105 106 107 109 112 114 115 116 117 118 118 118 117 115 114 114 115 116 114
103 103 103 102 102 102 103 103 103 103 102 102 103 102 101 98 97 97 96 96 97 97 94 92 90 89 89 87 85 83 80 78 77 77 77 75 75 76 77 78 80 81 82 83 84 85 85 88 89 92 95 97 99 101 102 103 107 109 109 111 111 110 112 113 113 111 109 106 103 101 101 101 101 101 101 102 105 107 109 111 114 116 117 118 118 119 120 121 120 118 116 115 115 116 116
102 102 102 102 102 102 103 103 103 103 104 105 106 106 104 100 98 97 97 99 100 99 96 93 91 91 91 88 85 83 80 77 76 76 76 76 76 77 78 78 80 80 81 83 84 84 85 88 89 92 94 96 98 100 101 104 107 109 110 111 111 111 113 113 110 108 106 102 101 101 101 102 103 104 103 104 106 108 110 113 114 117 118 118 119 121 123 124 123 120 118 117 116 117 118
100 101 101 101 101 101 101 102 103 104 106 107 108 108 106 102 99 98 99 101 103 101 98 95 92 90 90 88 85 82 79 76 75 75 75 76 77 77 78 78 79 79 81 81 84 84 85 87 89 92 93 96 98 100 103 105 108 110 110 111 111 112 112 110 107 104 102 100 100 102 103 105 106 107 106 106 107 109 111 113 114 117 119 120 122 124 126 126 125 122 120 119 119 120 120
99 100 99 98 98 99 100 101 102 104 106 108 109 110 108 103 100 99 101 103 105 103 99 95 92 90 89 87 84 82 79 76 74 74 74 75 76 76 77 78 78 79 81 82 84 84 85 87 89 92 93 96 98 100 102 105 107 109 110 111 111 111 109 107 103 101 100 100 102 105 106 108 109 110 109 109 110 111 112 113 116 119 122 123 125 127 128 128 127 125 123 122 122 123 123
99 98 97 96 96 97 98 99 102 103 105 107 109 110 108 104 101 100 101 103 106 105 101 95 92 88 87 86 84 83 80 77 75 74 73 74 74 74 75 76 78 79 81 82 83 85 85 87 89 92 93 95 97 100 101 104 107 109 109 110 110 108 105 103 100 99 100 102 105 108 109 111 112 112 112 112 113 113 114 116 119 122 125 126 127 129 130 130 129 127 125 124 124 125 126
99 98 96 95 95 95 97 99 101 103 104 106 108 109 107 104 101 100 101 103 106 106 101 96 92 87 85 84 84 83 81 78 76 74 73 74 74 74 74 75 77 79 80 81 82 84 85 86 89 91 92 94 96 98 100 104 107 108 109 110 108 106 103 101 99 99 101 104 108 111 113 114 115 115 115 115 115 116 117 119 122 124 127 128 129 130 129 129 129 128 127 127 127 128 129
98 97 95 94 94 95 96 98 100 102 103 105 106 107 106 104 102 100 101 103 106 106 101 96 92 86 85 83 84 84 82 80 77 75 74 74 74 74 74 76 77 79 79 80 81 82 83 85 88 90 91 93 96 97 100 103 106 108 108 108 106 104 101 101 99 99 101 105 110 113 116 117 118 118 118 118 118 119 121 123 124 126 129 130 131 131 129 129 130 130 130 130 130 131 132
97 96 95 93 94 94 95 96 98 100 102 103 103 104 103 103 103 101 100 103 104 103 100 96 92 86 85 82 82 82 82 81 79 77 75 75 75 75 75 77 77 77 77 78 79 80 82 84 87 89 90 93 95 97 99 102 105 106 107 106 103 102 101 101 99 100 103 107 112 115 118 120 120 121 121 121 121 122 124 126 126 128 131 132 132 131 130 129 130 133 133 134 133 134 134
97 96 94 92 92 92 92 94 96 98 100 100 100 100 100 101 102 100 99 101 102 101 98 94 91 86 85 82 80 80 80 80 80 79 77 76 76 77 77 77 75 75 76 76 78 79 80 84 86 88 90 93 94 96 98 99 101 102 103 101 99 99 100 101 100 101 105 110 114 117 120 122 122 123 124 124 125 125 127 129 129 130 132 134 134 133 131 131 133 135 137 138 137 137 137
96 95 93 91 91 90 90 92 94 96 97 97 97 97 97 99 100 99 98 99 101 99 96 92 89 86 84 82 80 78 78 79 80 80 78 77 77 77 77 76 75 75 76 77 78 80 81 83 85 87 90 92 92 94 95 94 95 97 97 96 96 98 100 100 101 104 108 113 117 120 123 124 124 125 126 126 127 129 130 131 132 132 134 135 135 134 133 133 135 138 140 141 140 140 139
95 94 93 89 89 88 88 90 93 94 94 94 94 94 95 97 98 98 96 97 99 97 93 89 87 84 83 81 78 77 77 78 79 78 76 76 77 77 77 76 77 77 77 78 80 81 81 82 83 86 88 90 90 90 91 90 90 91 93 94 95 98 100 102 103 107 111 116 120 123 125 126 127 128 128 129 130 131 132 133 134 135 136 137 137 135 135 135 137 140 142 143 144 142 141
94 93 93 88 88 88 87 88 91 91 91 91 92 92 93 94 96 96 95 96 96 94 90 86 84 81 80 79 76 76 77 78 78 76 74 74 76 77 77 78 79 80 79 80 81 82 82 82 83 85 87 88 88 87 88 87 87 90 92 96 98 101 104 106 107 112 116 121 124 126 128 129 130 131 132 132 132 133 134 135 136 137 138 139 139 138 137 138 139 142 144 145 146 145 144
92 92 92 90 88 88 87 87 89 89 89 89 90 91 91 92 94 94 93 93 93 90 86 83 80 78 77 76 76 76 77 77 76 74 74 74 75 77 77 79 81 81 81 81 82 82 82 82 83 84 85 86 86 86 86 86 87 91 95 99 102 105 108 110 112 117 123 126 128 130 131 132 132 134 136 136 135 136 137 137 138 139 140 141 141 141 141 141 143 145 147 148 149 148 147
91 91 92 92 89 87 88 90 88 87 86 88 89 90 90 91 91 92 91 90 89 86 82 79 77 75 73 73 74 76 77 76 73 72 73 75 76 77 77 79 80 81 81 81 81 81 81 82 83 83 83 85 85 85 86 87 90 94 99 102 105 108 110 113 116 123 127 129 131 132 133 133 134 136 138 139 139 140 139 139 139 140 140 142 143 144 144 145 146 148 149 150 151 151 151
91 92 93 92 89 88 91 92 89 85 84 87 88 89 89 89 89 90 89 87 85 83 79 76 74 72 71 71 72 74 75 75 72 71 74 76 76 76 77 78 78 79 79 79 80 80 80 82 82 83 83 84 85 86 87 90 94 98 101 104 107 110 113 115 119 125 129 131 132 134 134 134 135 136 139 140 142 142 141 140 140 140 140 142 144 145 147 147 148 148 149 151 152 153 153
92 92 92 90 89 90 92 92 89 85 84 86 86 86 87 87 87 88 87 85 82 79 77 74 72 71 71 71 72 73 75 75 74 73 75 76 76 76 77 77 78 78 78 78 79 79 80 81 82 83 83 85 86 87 89 92 96 100 103 106 109 113 115 117 121 127 130 132 133 134 135 135 136 138 139 140 142 142 141 140 140 140 140 140 143 145 148 148 148 148 149 151 152 154 154
91 91 89 88 90 91 91 91 89 87 84 84 84 83 85 85 85 86 86 84 80 78 75 73 71 71 71 72 73 74 75 75 75 75 76 77 76 76 76 77 77 77 77 77 78 79 79 81 82 84 84 86 86 88 90 93 97 100 104 108 112 115 117 120 123 128 131 133 135 136 137 138 139 139 140 140 142 142 141 141 141 140 140 140 143 146 148 148 148 148 149 151 153 155 155
91 89 87 87 90 91 90 90 89 87 84 82 82 82 83 84 83 84 85 84 81 78 75 71 71 71 71 72 74 74 75 75 74 74 76 77 77 76 76 77 77 77 77 77 78 79 79 82 82 83 84 86 87 89 91 94 98 102 106 110 113 116 119 122 125 130 133 136 138 139 140 140 141 140 140 141 142 142 142 142 141 142 142 142 144 146 148 149 150 150 151 153 154 155 155
91 90 89 88 90 90 90 91 90 87 85 82 81 81 82 82 81 82 83 83 81 78 76 72 71 71 70 71 72 73 74 73 72 73 76 77 76 76 76 76 77 77 77 77 78 79 80 82 82 83 84 86 88 90 92 95 99 103 108 111 114 117 120 123 126 131 135 139 140 141 142 142 142 141 141 142 142 142 143 143 144 144 144 145 145 145 147 149 150 151 153 154 155 156 156
91 91 91 90 90 91 92 92 90 88 86 83 81 80 80 79 79 79 80 80 78 77 77 73 72 72 71 71 72 72 72 72 72 73 74 75 75 76 76 76 76 76 77 77 78 79 80 82 82 84 84 86 89 90 93 96 101 105 109 112 115 118 121 124 128 134 137 141 142 143 143 143 143 142 142 143 144 144 145 145 145 146 146 146 145 145 145 148 150 151 155 156 158 158 157
92 92 92 91 91 92 93 92 91 89 87 83 81 79 79 77 77 78 78 77 76 76 76 74 73 73 73 73 72 72 72 71 71 71 72 74 75 76 76 75 75 76 76 76 77 79 81 82 83 84 85 87 88 90 93 96 102 106 109 113 116 119 122 125 130 136 139 142 143 144 144 144 144 143 144 145 146 146 146 146 146 147 147 147 145 145 146 149 150 151 156 158 160 160 159
92 92 92 92 92 92 93 92 91 90 87 83 82 79 78 77 77 78 77 76 75 75 75 74 74 75 75 74 73 73 70 70 70 70 71 73 74 75 75 75 75 75 75 75 77 79 82 84 84 85 86 87 88 90 93 96 101 106 110 114 117 120 124 127 132 137 141 144 145 146 145 144 144 145 146 146 148 148 147 147 147 148 149 149 146 145 148 150 149 151 155 159 161 162 161
92 92 92 92 92 92 93 91 89 88 86 82 81 80 78 77 77 77 78 77 76 76 75 74 74 75 75 74 73 72 70 69 70 70 71 72 73 74 74 74 75 75 75 75 77 80 82 84 84 86 87 88 89 89 91 95 101 106 110 114 118 121 124 128 133 138 143 145 146 146 146 146 145 145 146 146 148 149 148 148 149 150 151 151 148 146 148 150 149 149 154 158 160 162 161
92 92 92 92 92 92 91 90 87 87 84 81 81 80 79 77 77 77 78 78 77 76 75 74 74 74 74 73 72 72 70 69 70 70 71 72 72 73 73 74 75 75 76 76 78 81 82 84 84 86 87 88 89 89 91 94 101 106 110 116 118 123 126 129 134 138 143 145 147 147 147 147 147 147 147 147 148 149 149 149 150 152 152 152 150 146 146 149 149 149 154 157 159 161 161
93 93 92 91 91 91 90 88 87 87 84 82 81 80 80 78 77 77 78 78 77 75 75 74 74 73 73 72 71 71 71 70 70 70 71 72 72 72 73 73 74 75 76 77 78 81 82 83 84 85 87 88 90 90 91 95 101 106 110 116 118 123 126 129 133 138 143 145 147 147 147 147 147 147 147 147 148 149 150 150 151 152 152 152 149 146 145 149 151 152 154 157 159 162 162
93 93 92 90 90 89 88 86 86 86 85 82 81 81 81 78 77 77 78 78 76 74 74 74 74 71 71 71 71 71 71 70 70 70 71 71 71 71 71 72 74 75 76 78 80 82 82 83 83 85 86 88 90 90 93 95 101 106 110 115 118 122 126 129 133 138 142 145 147 148 148 147 147 147 147 147 149 150 151 151 151 150 150 150 148 148 147 148 152 153 156 158 159 162 162
92 93 91 90 89 88 86 86 86 86 85 83 82 81 79 78 77 77 77 77 75 74 74 74 74 72 71 71 71 71 72 71 71 70 70 71 71 70 70 71 73 74 77 79 82 83 83 83 83 85 86 88 90 90 93 95 101 106 110 115 118 121 125 128 133 137 142 145 147 148 148 147 147 147 147 148 150 151 152 151 150 149 149 150 151 151 150 149 152 154 157 159 160 162 163
91 91 90 89 87 88 87 86 86 86 85 83 81 79 77 76 75 75 76 76 74 73 73 74 74 73 73 72 72 72 72 72 71 70 70 71 71 70 70 71 73 74 77 79 81 82 82 83 84 86 87 88 90 90 93 95 100 105 109 114 117 120 124 128 132 137 141 144 146 148 148 148 149 149 150 151 152 153 153 152 150 150 151 153 154 154 153 153 154 156 159 161 162 164 165
88 88 87 87 87 89 89 88 87 87 85 82 81 78 76 74 73 73 74 73 71 69 70 73 74 73 73 73 73 72 72 72 72 71 70 71 71 71 71 72 73 73 76 79 80 81 81 84 85 88 88 88 89 90 93 94 100 104 108 112 116 119 122 126 130 135 140 143 146 147 148 150 152 153 155 156 155 155 155 154 153 153 155 157 158 158 157 157 158 159 161 163 163 166 167
87 86 85 85 86 89 91 90 87 86 84 82 81 78 76 72 72 71 72 71 69 68 68 71 72 72 72 72 73 72 71 71 72 72 72 72 72 72 72 73 74 74 75 77 78 80 80 83 85 87 87 89 89 90 93 95 99 103 107 111 114 117 121 125 129 134 138 141 144 146 148 152 154 156 158 159 158 158 158 158 157 156 158 160 160 160 161 160 160 161 161 162 163 166 166
87 86 85 84 86 89 91 89 86 85 83 82 82 79 76 73 72 71 70 70 68 68 69 70 71 72 72 72 72 71 70 71 72 72 72 72 71 72 72 73 73 73 75 76 78 80 81 82 84 85 87 90 90 91 93 95 99 102 106 109 112 116 119 123 127 133 137 140 143 145 148 151 154 157 159 160 160 160 160 161 160 159 159 160 161 162 163 163 162 162 162 162 164 166 166
87 86 84 83 85 87 88 87 84 83 82 82 82 80 78 75 72 71 69 69 69 70 70 69 70 72 73 73 72 70 70 70 72 72 70 70 70 71 72 72 73 73 75 76 78 80 81 82 82 85 87 90 92 93 94 95 98 102 105 108 111 114 118 122 126 130 135 139 142 145 147 151 153 156 158 160 162 162 162 163 162 161 161 161 161 163 165 165 164 163 163 164 164 167 167
86 85 83 82 82 84 86 85 84 82 81 81 81 80 79 76 73 71 69 69 70 71 71 70 71 73 73 73 72 70 70 70 72 72 70 68 69 70 71 72 73 74 76 77 78 80 80 81 82 85 87 90 92 93 94 95 97 101 104 107 110 113 116 120 124 128 134 138 142 145 147 151 153 155 157 160 162 163 164 165 164 163 162 161 161 163 164 164 164 163 164 165 165 167 167
84 83 81 80 80 82 83 83 82 82 81 80 80 79 78 76 74 72 70 70 71 73 73 72 72 73 73 73 71 69 69 69 72 72 70 68 68 70 71 72 74 74 77 78 80 80 80 81 81 85 87 90 92 93 95 95 97 100 103 106 108 111 114 118 122 126 131 136 141 144 147 151 153 155 157 159 163 164 166 167 166 164 163 160 159 161 164 164 162 162 164 164 164 167 167
84 82 81 79 79 80 80 80 80 81 81 80 79 78 77 75 74 74 72 71 72 73 74 72 72 72 72 72 70 69 69 70 73 73 70 68 68 70 71 72 73 74 77 78 80 80 80 81 82 85 88 90 92 93 94 94 96 99 102 105 107 111 114 117 120 124 129 134 139 143 146 150 153 156 158 160 163 165 166 167 167 165 164 161 159 161 164 164 162 162 162 163 165 167 167
