geo_cache/0-4/elevation.txt
ncols         934
nrows         918
xllcorner     -73.1
yllcorner     42.752
cellsize      1.0E-5
NODATA_value  -9999
[rows 756 to 797 of 918, columns 376 to 469 of 934]
568 575 578 581 584 588 591 591 591 589 588 586 583 581 579 577 576 575 576 578 582 585 588 590 594 598 602 606 611 615 621 629 637 643 649 650 650 650 648 643 637 629 620 617 611 606 602 598 594 588 581 575 570 567 563 559 557 554 552 551 550 549 549 548 548 547 546 547 547 545 544 545 547 548 549 550 550 550 548 546 545 546 547 548 548 549 548 547 547 545 542 535 531 523
560 568 573 577 580 582 586 587 587 586 585 583 580 578 576 575 574 573 576 578 581 584 587 589 593 597 601 605 610 615 621 629 637 644 649 649 648 645 642 639 634 626 618 615 610 606 603 599 594 589 582 576 571 567 563 558 556 552 549 546 545 544 543 543 543 544 543 544 544 542 540 541 543 545 546 547 547 547 545 541 540 540 541 542 542 543 543 543 545 545 544 541 538 531
554 560 568 573 577 579 581 583 583 583 582 580 578 576 574 572 571 572 575 577 580 583 586 588 592 596 600 604 608 613 620 628 637 643 647 648 645 640 638 635 630 621 615 612 609 605 603 599 595 590 583 577 571 567 563 559 556 552 548 544 541 539 538 538 540 541 541 542 541 540 536 537 540 542 544 544 544 543 541 538 536 535 536 537 537 538 538 538 540 541 542 542 541 536
548 556 563 568 572 576 577 579 579 580 579 578 576 574 571 569 569 571 574 576 579 582 585 587 591 594 599 603 607 612 618 627 636 642 646 646 642 635 633 630 625 618 614 611 608 605 602 600 595 590 584 577 571 568 563 559 556 553 548 544 541 539 535 535 537 537 538 538 537 536 533 534 536 539 540 541 541 540 538 535 533 532 532 532 532 531 532 532 534 536 537 538 538 535
543 552 558 563 567 570 572 574 574 575 575 574 572 571 568 566 567 570 572 575 577 580 583 586 589 592 597 601 605 610 616 625 633 640 644 644 639 632 628 625 621 615 612 609 607 604 602 600 595 590 584 577 571 567 563 559 556 553 550 545 542 540 535 533 533 534 534 533 533 531 529 529 532 535 536 538 538 537 535 533 529 527 527 527 527 525 526 526 527 529 530 531 531 530
539 547 553 557 561 563 565 567 568 570 570 569 569 568 566 564 564 568 570 573 576 579 581 584 588 591 594 598 602 607 613 621 630 636 640 641 637 629 624 621 618 612 609 608 606 603 602 600 595 590 584 578 571 567 563 559 556 554 550 545 543 540 536 532 530 531 530 530 529 527 525 526 529 531 533 535 535 534 532 530 526 522 522 522 522 521 521 521 521 523 523 524 524 524
533 542 549 552 555 558 560 562 563 564 565 565 564 565 564 562 562 565 567 571 574 577 579 582 586 589 592 595 599 605 610 618 626 632 637 638 634 627 621 619 616 610 607 606 604 602 601 599 595 590 585 580 573 567 563 560 557 554 550 545 543 540 536 532 528 527 527 526 525 524 522 522 525 527 529 531 531 531 529 527 524 519 518 517 518 518 518 517 517 518 518 519 518 518
525 535 544 547 550 553 555 557 559 560 560 560 561 562 561 560 559 561 565 569 573 576 578 581 584 586 589 593 598 603 609 615 623 628 633 634 631 626 620 617 613 609 606 605 603 601 600 597 594 590 586 582 575 569 564 561 558 555 551 546 543 540 536 533 528 524 523 522 521 520 519 519 521 523 525 527 527 528 527 525 521 517 514 513 513 513 513 513 512 513 514 514 513 512
518 527 536 542 545 548 551 553 555 556 556 557 558 559 559 558 556 557 563 567 571 574 577 579 582 584 588 592 596 602 607 613 619 625 629 630 628 624 620 617 612 608 605 604 602 599 598 595 592 589 586 582 577 572 566 562 559 556 553 548 544 540 536 533 529 524 521 519 517 517 516 516 518 520 522 523 524 524 524 522 519 515 510 509 510 510 509 508 507 508 508 507 506 505
511 518 526 533 539 544 547 549 550 551 552 553 554 555 555 555 554 553 559 564 569 572 576 578 580 583 587 591 595 601 606 611 615 622 625 627 626 624 620 616 612 607 605 604 602 598 597 594 591 588 586 582 577 573 568 563 560 557 553 549 546 541 537 533 529 525 521 518 516 513 511 511 514 516 518 519 520 520 520 518 515 512 508 505 506 506 505 504 502 501 501 500 499 496
505 511 518 525 531 538 541 544 545 547 548 550 551 552 552 552 551 550 556 561 566 570 573 577 579 582 586 589 594 599 604 608 613 619 623 624 624 622 619 616 612 608 606 604 602 600 597 594 590 588 585 581 578 574 569 565 561 558 554 550 547 544 539 535 531 528 524 520 517 515 510 507 511 512 514 515 516 517 516 515 512 509 505 502 502 502 501 499 497 495 494 493 492 489
497 505 513 520 526 531 535 538 541 543 544 547 548 549 549 549 548 548 553 558 563 567 572 576 579 581 585 589 592 597 602 606 610 615 620 622 623 622 618 616 612 608 606 605 603 600 598 594 591 588 585 582 578 574 570 566 561 559 556 551 548 546 542 537 532 529 526 522 518 515 510 506 506 508 509 511 512 513 512 511 509 506 503 500 498 498 497 495 493 491 488 487 485 483
490 500 510 516 522 527 530 533 536 539 541 543 545 546 546 546 545 547 551 556 562 567 571 576 578 581 584 588 591 595 599 604 608 612 617 620 622 622 620 617 612 609 607 606 604 601 598 595 591 588 586 582 578 575 572 568 564 561 558 553 549 547 544 539 534 530 527 524 520 516 511 506 504 503 503 506 508 509 509 508 506 503 500 497 495 495 493 492 489 486 482 480 478 476
485 496 507 513 518 522 526 529 532 535 538 539 541 541 541 542 543 547 551 555 560 565 570 574 577 580 583 586 590 593 597 601 606 610 615 620 622 623 620 617 612 609 607 606 605 601 599 595 591 589 586 583 579 576 573 570 566 562 559 555 550 548 545 540 535 531 528 525 521 516 512 507 504 501 499 500 502 503 503 503 501 499 496 493 492 491 490 488 485 482 477 473 472 469
482 493 503 510 514 518 522 525 528 531 535 536 537 537 537 540 543 547 551 555 559 564 569 573 577 579 582 586 589 592 595 598 604 609 614 619 622 626 621 618 612 609 607 607 605 602 600 596 592 589 586 583 580 577 574 571 568 563 559 555 551 549 545 541 536 531 528 525 522 516 511 507 504 501 499 497 497 499 499 498 497 495 493 490 488 488 487 484 482 478 473 468 467 463
478 489 498 506 511 514 517 521 524 528 531 532 533 533 535 539 543 547 550 554 558 562 567 571 575 578 581 584 587 590 592 596 601 606 611 618 622 628 622 618 612 609 608 607 605 602 600 596 593 591 588 585 582 579 576 573 569 565 560 557 553 552 548 543 538 534 530 526 523 518 513 508 506 503 500 497 493 493 494 493 493 491 489 486 483 483 481 479 476 473 468 462 460 457
472 485 494 501 506 510 513 517 521 524 526 528 529 531 535 538 542 546 549 553 557 561 565 570 574 577 580 583 585 588 591 595 599 604 608 615 620 625 622 617 613 609 608 607 606 602 600 597 594 592 589 586 583 580 577 573 570 566 561 558 555 553 549 544 539 535 531 527 524 520 516 511 508 504 501 497 491 488 489 489 489 487 484 481 478 477 477 475 472 468 463 457 455 450
465 481 490 497 502 505 509 514 518 520 522 523 527 530 533 537 541 545 548 551 555 559 563 568 572 575 578 580 583 586 589 593 597 601 605 611 617 620 619 616 613 609 608 607 606 604 601 599 596 594 591 587 584 581 578 575 572 568 563 560 557 554 551 546 541 536 532 528 525 522 519 514 511 507 502 497 493 487 483 484 483 481 478 475 472 472 472 470 467 464 459 453 449 442
462 478 487 493 497 500 505 511 514 517 518 522 526 529 532 536 540 544 547 550 554 557 562 566 571 574 577 580 582 585 588 591 595 598 602 607 611 615 616 615 612 609 608 608 606 604 602 600 598 595 592 588 585 582 579 576 572 569 564 560 558 555 551 547 542 537 534 530 527 524 521 517 512 507 504 500 496 490 482 478 477 475 472 469 467 468 467 466 463 459 454 448 444 435
461 472 483 490 493 497 502 506 511 513 517 521 524 528 531 534 539 542 545 548 552 555 560 565 570 573 576 579 581 584 587 589 592 595 599 603 606 610 613 613 612 609 608 608 606 605 603 601 599 597 594 590 587 584 581 578 574 570 566 561 558 555 552 549 544 540 536 533 529 525 522 519 514 510 507 503 499 494 485 477 473 469 466 463 461 462 462 461 459 455 449 442 438 429
461 468 478 485 489 493 497 502 509 512 516 519 523 526 529 532 536 540 543 546 551 555 559 564 569 573 575 578 581 583 586 588 591 593 596 599 601 605 608 610 610 609 608 608 607 605 604 602 600 598 596 592 589 585 582 579 575 571 567 561 559 556 553 550 546 542 538 534 530 526 523 520 516 514 512 508 502 495 488 480 474 469 464 459 456 457 457 456 454 450 443 435 432 423
461 463 472 481 488 492 496 502 508 512 515 518 521 524 527 530 533 537 540 545 551 555 559 564 568 572 575 577 579 581 584 586 589 591 593 595 597 601 604 606 607 607 607 607 606 605 604 603 601 600 598 595 591 588 584 581 577 573 569 563 560 557 556 552 548 544 540 536 532 527 524 521 519 518 516 512 505 497 490 482 475 470 464 458 450 450 451 450 447 442 435 428 425 418
461 461 473 484 491 497 499 502 508 511 514 517 519 522 525 528 531 534 539 545 550 555 558 563 568 571 574 577 579 580 583 585 587 589 591 593 594 597 600 602 604 605 606 606 605 605 605 603 601 600 599 597 593 589 585 581 578 575 571 566 561 559 557 553 549 545 541 537 533 528 525 522 521 522 520 515 506 498 491 482 475 470 464 458 449 443 443 442 438 433 427 421 418 413
458 462 476 487 495 501 503 504 505 510 513 515 517 520 523 527 530 534 539 544 549 553 557 562 567 571 573 575 577 579 581 583 585 587 589 590 592 593 596 599 601 602 603 603 604 605 605 603 602 602 600 599 595 590 587 584 581 577 573 569 562 560 558 555 550 546 542 538 534 529 526 524 524 525 523 517 507 499 491 482 474 468 461 456 448 440 435 434 430 425 419 414 412 407
458 464 478 489 498 504 505 507 507 509 512 514 516 519 522 526 529 533 538 543 548 553 556 561 566 570 572 575 577 578 580 582 584 586 587 589 590 591 593 595 597 599 600 600 603 605 605 604 603 602 601 599 596 591 588 585 582 579 575 570 564 561 558 556 551 547 543 539 535 529 526 525 525 526 524 518 508 499 490 481 473 467 460 454 446 439 430 426 423 418 413 409 406 402
457 466 479 489 498 504 506 509 511 511 512 514 515 518 522 525 528 532 537 542 547 552 556 560 565 570 572 574 576 577 579 581 583 584 585 586 588 589 591 592 594 596 597 599 602 605 605 605 605 604 603 601 597 593 590 587 584 581 577 572 565 561 558 556 552 547 543 540 535 529 526 524 523 524 522 517 508 498 488 479 471 464 458 451 443 436 428 421 415 411 408 403 401 397
456 465 479 487 495 502 506 510 514 514 513 514 515 518 520 523 527 531 536 542 547 552 555 559 563 568 571 573 575 576 578 580 581 582 584 585 587 588 590 591 593 594 596 599 602 605 606 606 606 605 604 601 599 595 592 588 585 582 578 574 567 562 559 556 552 547 543 539 534 528 525 523 521 521 520 516 507 497 488 478 470 462 457 449 441 434 427 420 411 406 403 399 397 393
455 460 476 484 492 499 504 509 512 513 513 513 514 517 519 522 526 531 536 543 548 552 555 559 563 567 570 573 574 575 577 579 580 581 583 584 586 587 588 589 591 593 596 599 603 606 607 607 607 607 605 602 600 597 593 589 586 583 580 575 569 562 559 557 552 548 544 539 534 527 524 521 519 519 518 514 505 496 486 475 468 460 454 446 438 431 424 417 410 402 399 396 393 392
456 456 468 480 487 494 501 505 509 510 511 511 513 515 518 521 526 531 537 544 549 553 556 559 563 567 570 573 574 575 576 578 579 580 582 583 585 586 587 588 590 593 596 600 603 607 608 609 610 610 607 604 602 599 595 591 588 585 582 577 571 564 560 557 552 548 544 539 534 527 522 518 515 516 515 511 502 493 483 473 465 457 449 441 434 427 421 414 407 399 395 392 391 394
457 454 461 474 482 488 496 501 505 507 508 508 510 514 518 521 527 532 538 545 550 554 557 560 564 568 570 573 574 574 575 578 579 580 582 583 584 585 587 587 590 593 597 600 603 607 608 610 612 613 611 607 603 600 596 592 588 586 583 579 573 566 560 557 553 548 544 539 533 526 522 515 511 512 511 508 499 490 480 471 462 454 445 437 430 423 417 411 404 397 391 390 390 397
460 455 456 466 477 484 490 496 501 502 503 505 509 513 518 521 527 533 539 545 551 554 558 561 566 569 571 573 574 576 576 578 579 580 582 583 584 585 587 588 590 594 597 600 603 606 608 611 614 616 615 611 606 601 597 593 590 586 584 581 576 568 561 556 553 549 544 538 532 526 521 514 508 506 506 502 494 486 477 467 458 449 441 432 425 419 413 407 401 394 389 389 393 398
461 456 453 460 470 478 484 490 495 497 499 503 508 513 518 521 527 533 539 545 551 555 558 562 567 570 571 574 575 576 577 579 579 580 582 583 584 586 588 589 591 594 597 599 602 606 608 611 615 617 617 613 608 602 597 593 590 587 584 582 578 571 564 556 553 549 544 538 532 525 520 513 507 503 499 495 489 482 474 461 453 444 436 427 421 415 408 403 398 391 389 390 393 399
464 455 452 456 464 472 478 484 490 493 496 503 508 513 517 521 527 533 540 545 551 555 559 563 568 571 572 574 576 576 577 579 579 581 583 584 585 587 589 590 592 595 597 599 602 605 608 611 613 617 617 613 608 601 596 593 590 588 585 582 580 574 567 559 554 549 545 538 532 525 520 513 507 502 497 492 485 478 467 455 447 439 430 422 417 411 405 401 395 389 389 392 394 399
470 458 452 452 460 466 471 478 484 489 495 502 508 513 517 520 526 532 540 545 551 555 559 563 569 571 572 574 576 576 577 579 579 581 583 585 586 587 590 591 593 596 598 599 602 605 607 610 612 614 614 611 605 598 593 590 588 588 585 583 581 577 570 562 554 549 545 538 532 525 521 514 507 501 497 492 484 475 462 451 443 435 426 418 412 407 402 398 392 388 390 395 398 402
476 465 454 450 455 462 469 477 482 488 495 501 507 511 515 520 525 531 538 545 550 554 559 563 569 571 572 574 576 576 577 579 580 581 583 585 586 588 590 591 593 596 598 599 602 604 606 608 610 612 611 608 602 595 590 586 585 585 584 583 582 579 573 565 556 549 546 540 533 526 521 514 507 501 496 491 483 473 460 450 441 433 424 416 408 403 399 394 389 388 393 399 402 408
481 472 456 450 451 460 471 481 485 488 494 500 506 510 515 519 524 531 538 544 549 554 558 563 568 571 572 574 575 576 577 580 580 581 584 585 586 588 590 591 593 595 597 599 601 603 605 607 609 609 607 602 596 589 584 581 580 582 582 583 582 580 574 569 560 550 546 541 534 527 522 514 507 501 495 490 481 471 458 448 440 431 424 415 407 400 396 391 388 390 397 404 408 413
485 476 459 450 449 459 474 485 488 490 494 501 506 510 515 520 525 531 538 543 548 552 556 561 566 569 571 574 575 576 578 580 581 582 584 586 586 588 590 591 593 594 596 598 601 603 604 606 607 606 602 596 589 583 578 576 575 577 579 581 582 580 575 570 563 553 546 542 534 527 521 514 507 500 494 487 479 468 456 447 438 430 423 414 405 398 392 388 388 393 400 409 412 417
488 478 462 451 448 461 477 487 491 493 495 502 507 511 516 520 525 532 538 543 547 551 555 559 563 567 570 574 575 576 579 581 583 584 586 586 587 588 590 591 592 594 595 598 600 602 603 604 604 602 597 590 584 576 571 571 571 573 576 578 579 578 575 571 565 556 546 541 534 527 521 514 507 499 493 485 476 466 456 447 438 431 423 415 405 397 390 387 389 396 404 413 415 420
488 478 463 451 447 464 481 489 494 497 498 503 507 511 516 520 525 531 537 542 546 550 553 557 560 565 570 574 576 578 580 583 585 587 588 589 589 590 591 591 592 593 593 596 598 600 601 601 600 596 590 584 577 570 565 565 567 568 571 573 575 575 574 571 565 556 546 541 534 526 520 512 505 497 490 483 475 466 458 450 441 433 425 416 406 398 390 387 392 398 406 414 417 422
486 475 461 450 448 469 484 490 496 501 502 505 508 511 516 520 524 529 535 540 544 547 550 554 557 562 569 574 577 578 581 584 587 589 591 592 592 592 592 592 592 592 592 594 595 597 597 594 592 588 582 577 569 565 561 561 562 563 567 569 571 572 571 568 563 556 546 541 533 526 518 510 504 496 490 483 476 468 461 453 444 434 426 417 407 399 389 387 393 399 407 414 418 423
479 468 455 446 449 473 486 493 498 503 505 506 508 511 515 519 523 527 532 537 541 544 547 550 556 561 569 574 577 579 583 586 589 591 594 595 596 597 596 595 594 591 591 591 592 592 591 587 584 580 575 569 565 561 558 557 558 559 563 565 567 569 568 565 561 555 546 539 532 525 517 509 503 496 490 484 477 469 462 454 446 436 427 419 409 399 388 387 393 400 408 414 418 424
476 464 451 443 452 476 486 494 500 505 508 509 509 511 514 517 521 524 529 533 537 538 542 548 554 560 568 575 578 580 584 589 592 596 600 602 603 604 603 602 597 593 589 586 586 586 585 581 577 573 568 564 561 558 555 554 554 556 559 561 562 563 563 561 558 553 544 537 532 524 517 510 504 498 492 486 479 471 464 456 448 438 429 422 411 400 388 387 393 400 407 414 417 423
