geo_cache/0-4/elevation.txt
ncols         934
nrows         918
xllcorner     -73.1
yllcorner     42.752
cellsize      1.0E-5
NODATA_value  -9999
[rows 756 to 797 of 918, columns 94 to 187 of 934]
666 664 661 657 652 648 643 640 636 633 630 626 622 616 613 612 618 623 627 631 634 637 639 640 641 642 643 643 643 643 642 641 640 638 634 631 627 624 621 618 614 611 606 601 597 591 586 580 572 568 569 572 575 577 578 579 579 580 580 580 579 577 573 565 558 552 544 536 528 520 512 504 494 487 482 478 473 469 463 456 450 443 438 435 433 433 433 433 432 427 428 432 435 438
665 663 661 657 652 649 644 641 638 634 630 626 621 616 612 610 615 621 624 628 632 635 637 639 640 641 642 642 641 641 641 640 639 636 633 629 626 624 621 617 613 610 605 600 595 590 585 578 571 566 565 567 569 571 573 574 575 575 575 575 575 572 568 561 554 549 541 533 524 517 509 502 494 487 483 479 474 469 462 455 449 444 439 434 431 431 431 431 430 427 426 428 433 436
663 662 660 656 652 649 645 641 639 635 631 626 621 615 610 607 612 619 623 626 629 632 634 637 638 639 640 641 640 639 640 640 638 635 631 628 625 623 620 616 613 609 603 598 593 588 583 577 571 566 561 563 565 566 567 569 570 570 571 571 570 568 563 557 551 545 537 528 520 514 506 499 493 486 483 478 473 468 461 454 448 444 439 435 431 429 428 428 427 426 425 424 430 433
662 660 658 655 652 649 645 642 639 635 631 626 619 613 608 607 610 617 621 624 627 629 631 633 635 637 639 640 639 638 639 639 637 633 630 627 624 622 619 615 612 608 603 597 592 587 583 576 570 566 560 560 562 563 563 564 565 566 566 566 566 563 558 553 548 541 533 523 516 509 502 495 488 484 480 476 471 465 458 452 446 443 440 437 433 428 426 426 425 425 425 423 426 428
660 659 657 655 651 649 645 642 639 636 631 626 619 611 607 605 608 615 619 622 625 627 629 630 632 635 637 638 636 636 637 637 635 633 629 626 624 621 618 615 612 607 602 597 591 587 583 576 569 566 560 555 557 558 559 561 562 562 562 563 562 559 555 550 544 536 528 519 511 504 497 489 482 477 473 470 466 460 454 449 444 442 440 437 434 429 425 425 424 424 423 422 423 425
658 657 656 654 651 649 645 642 639 635 631 626 619 610 605 605 607 612 616 620 622 625 626 627 629 632 634 635 633 633 634 634 633 631 628 625 623 620 617 615 612 607 602 597 592 587 583 577 570 566 560 553 552 552 554 555 557 557 558 558 558 556 551 545 539 531 522 514 506 498 491 483 475 468 464 461 458 454 450 446 443 441 439 437 435 432 426 425 424 423 422 421 422 423
657 656 655 653 651 649 645 642 639 635 630 626 618 610 603 604 606 610 614 620 622 622 623 625 628 630 632 632 630 630 631 632 632 630 627 625 623 619 617 616 612 608 602 598 593 588 584 578 571 566 561 555 550 547 546 547 549 552 553 553 553 551 546 540 533 526 517 509 501 494 487 479 471 461 456 452 450 448 445 442 440 439 438 436 435 433 428 425 424 422 420 420 421 422
656 655 654 652 650 648 645 641 638 634 630 624 616 608 601 603 606 610 616 620 621 621 621 623 626 628 629 628 627 628 629 630 630 629 627 624 622 619 617 616 613 608 603 599 593 589 585 579 572 567 562 556 551 546 541 538 540 544 546 547 546 544 540 535 528 521 512 505 497 491 484 478 471 461 453 446 444 442 440 437 436 436 435 434 434 433 430 426 424 421 420 420 421 421
655 654 653 651 649 647 644 640 637 633 629 622 615 606 599 602 605 611 616 619 619 619 619 621 623 625 626 625 624 626 627 628 628 627 626 624 622 619 617 616 613 608 604 599 594 589 585 580 573 567 562 557 553 547 541 533 531 533 536 539 538 536 533 529 524 516 509 501 494 488 482 477 471 463 454 444 439 436 434 432 432 432 432 432 433 432 430 427 424 421 419 419 421 421
654 654 653 651 649 646 642 639 635 631 626 620 612 603 597 602 605 609 614 616 616 616 617 620 622 623 623 621 621 623 624 626 627 627 625 623 622 619 617 616 614 609 605 600 594 589 585 579 573 568 563 557 553 548 542 534 527 522 525 529 530 529 528 525 520 512 505 497 491 484 480 475 471 465 456 447 439 434 429 427 428 428 428 429 430 430 428 427 424 421 419 419 421 420
653 653 652 650 647 644 641 637 633 628 623 617 609 600 595 600 604 608 611 613 613 613 615 618 620 620 620 618 618 620 621 623 624 625 624 623 622 619 617 616 614 609 605 600 594 589 585 579 573 568 563 557 553 549 543 536 529 518 515 519 523 525 524 522 517 510 501 493 487 481 477 472 468 462 457 450 442 436 431 425 425 425 425 426 426 426 425 424 422 420 418 418 420 420
652 652 651 648 645 642 638 634 631 627 621 615 608 597 593 598 603 607 609 611 611 611 613 615 617 617 617 616 616 618 619 621 623 624 623 622 621 619 617 616 614 609 605 599 593 588 584 578 573 567 562 557 553 549 544 537 530 518 507 510 515 517 519 516 513 507 498 489 482 476 471 467 461 457 454 449 443 439 433 426 424 424 423 422 422 422 422 421 421 419 417 417 418 418
652 650 648 645 643 641 637 634 631 628 624 618 609 596 591 597 601 605 607 609 608 609 610 612 613 614 613 613 614 616 618 621 622 623 622 622 621 619 617 615 613 609 604 598 592 587 583 578 572 566 561 556 552 549 544 537 530 519 505 501 506 509 511 510 509 504 496 488 480 472 465 459 452 451 448 445 442 439 434 428 424 424 422 421 420 420 419 419 419 418 416 416 417 420
650 648 646 644 642 641 639 636 632 629 625 619 611 596 588 594 599 603 605 606 606 606 607 609 610 610 610 610 612 614 617 619 621 622 622 621 621 618 616 615 612 608 602 596 590 585 581 576 570 563 559 555 551 548 542 536 528 518 504 495 497 500 502 503 503 500 495 488 481 471 461 452 446 444 442 440 439 436 435 430 425 424 422 421 420 420 418 418 417 416 415 418 423 427
648 647 646 643 641 640 638 635 632 629 625 619 612 598 585 591 597 601 604 604 604 603 604 605 607 607 607 607 609 612 615 617 619 620 621 620 619 617 616 614 611 607 601 595 589 584 580 574 568 562 558 554 551 547 541 534 525 515 503 491 489 491 493 494 495 495 492 488 482 474 464 453 444 439 435 434 433 433 433 430 425 424 423 422 421 420 418 417 416 415 415 424 430 436
645 644 643 640 638 637 635 632 629 627 624 618 612 599 582 588 594 598 601 602 601 600 601 602 603 604 604 604 607 610 613 616 617 618 618 618 618 616 615 613 611 606 601 594 588 583 579 572 565 561 557 553 550 545 538 531 522 511 501 490 484 484 484 485 488 489 489 485 481 475 468 457 447 440 433 429 427 427 429 429 426 425 425 424 422 420 418 417 415 414 417 429 435 441
643 641 639 636 634 633 631 629 627 624 621 616 609 599 579 584 590 595 598 599 599 598 598 599 600 601 600 602 605 608 611 613 615 616 616 616 617 615 614 613 611 605 601 594 587 583 578 571 564 559 555 552 548 542 534 525 514 505 497 487 482 478 477 478 479 481 482 481 478 473 467 458 449 443 436 430 423 422 424 426 427 426 426 425 421 419 417 415 414 413 420 430 435 439
640 638 635 633 632 630 627 626 624 621 617 612 606 596 578 578 586 592 594 596 596 595 594 595 596 597 596 599 602 606 609 612 613 614 614 615 616 616 615 614 611 605 601 594 587 582 577 570 564 558 554 550 545 537 529 517 505 498 491 485 482 476 472 470 470 471 471 471 469 465 460 454 448 444 438 433 425 421 420 423 425 426 425 422 416 415 414 413 413 413 421 428 432 434
638 638 635 634 633 631 627 625 623 620 614 608 601 592 577 574 581 587 591 593 593 592 591 592 593 593 593 595 599 604 607 610 611 613 614 615 618 618 616 615 611 605 601 593 587 582 576 569 562 557 552 548 542 533 525 513 500 491 486 483 481 476 470 464 461 461 461 460 457 454 451 448 445 441 438 433 428 422 420 419 421 421 419 415 411 411 411 412 414 416 420 424 428 431
637 637 636 635 634 632 629 625 623 620 613 606 599 590 577 571 577 583 588 590 590 589 587 587 588 588 589 591 596 601 605 608 610 612 614 617 621 620 617 615 611 605 600 593 587 581 575 567 560 555 550 545 538 530 523 512 500 490 484 482 480 475 469 463 453 451 451 450 447 445 442 440 437 435 433 431 427 423 420 417 415 413 410 409 409 410 412 414 417 419 421 423 425 430
637 637 636 635 634 633 629 625 623 620 613 607 600 591 579 567 571 579 583 586 587 586 584 583 583 584 585 588 593 598 602 606 609 611 614 619 622 621 617 614 610 605 600 593 586 580 573 565 559 553 547 542 534 528 520 512 501 491 485 480 477 472 468 462 452 445 443 442 440 437 434 431 428 426 425 424 424 422 420 414 409 407 408 408 409 411 413 417 419 421 423 424 425 429
637 636 635 634 634 632 629 625 623 620 613 607 601 592 581 567 566 573 579 582 582 582 580 579 578 579 581 584 589 594 599 603 607 610 615 620 622 621 617 613 609 605 598 592 585 579 571 563 556 550 544 538 531 525 517 510 501 492 485 479 474 469 465 459 451 443 438 435 433 430 427 424 421 420 419 420 421 420 416 409 407 407 409 410 411 412 414 417 421 423 425 427 428 430
636 635 635 634 633 632 629 626 623 620 614 608 603 594 584 569 560 567 573 577 578 578 577 575 574 575 577 580 585 590 596 600 604 610 615 621 622 620 616 613 609 604 598 591 584 578 569 561 553 546 541 534 528 522 514 508 500 492 484 477 470 466 461 455 448 442 437 430 426 425 423 419 417 418 418 420 420 417 411 406 406 407 411 413 413 413 414 417 421 424 427 431 433 434
634 634 633 633 632 631 628 626 624 621 615 609 604 597 589 575 558 560 565 569 572 573 572 571 571 572 573 577 582 587 592 597 602 608 614 621 622 619 616 613 609 603 597 591 584 576 566 558 550 542 536 530 524 518 511 505 497 490 483 475 468 462 455 450 444 440 436 429 422 421 419 416 414 416 418 420 418 413 407 406 407 410 414 416 416 416 416 419 423 426 430 434 438 440
633 633 632 632 631 630 628 626 624 621 616 611 607 603 595 581 565 555 554 558 561 564 565 565 566 568 569 574 579 584 589 595 600 606 612 620 621 619 616 613 610 603 597 590 583 574 564 554 546 537 531 525 519 513 507 501 494 487 481 474 468 458 451 447 442 437 433 426 419 416 415 413 413 414 417 418 415 410 405 406 409 414 415 417 419 420 421 423 426 429 434 439 443 444
632 631 631 631 630 630 628 626 625 621 617 613 610 607 599 588 575 561 551 548 550 553 555 558 560 563 565 570 575 581 586 592 598 604 611 619 621 620 619 615 610 603 596 589 582 572 562 552 542 531 525 519 512 507 501 495 490 484 478 471 465 456 451 447 442 439 434 427 421 415 412 410 410 413 415 415 412 406 405 406 409 414 416 418 419 421 425 427 429 432 436 442 446 448
630 630 629 628 628 628 628 626 625 622 619 616 613 608 603 593 583 571 558 549 544 543 545 549 554 557 560 566 572 577 582 589 595 602 609 617 622 622 620 616 611 604 596 588 580 569 559 550 538 528 519 510 502 497 493 490 486 480 474 467 461 455 451 446 443 439 436 429 423 418 412 410 407 410 412 411 408 404 404 407 409 411 413 416 418 421 426 427 429 433 437 442 447 449
629 628 628 627 627 627 626 625 624 622 619 617 614 608 605 597 588 577 566 556 546 540 538 542 547 550 555 562 568 573 578 585 592 600 608 616 622 622 620 617 612 603 594 586 578 567 556 547 535 525 515 505 496 489 485 484 480 476 470 464 458 452 448 443 441 439 436 429 423 419 414 411 407 405 407 407 404 404 405 407 407 409 412 414 417 420 426 428 431 434 437 442 447 451
627 626 626 625 625 624 624 623 622 621 619 617 615 609 605 600 590 580 570 561 550 542 533 536 540 544 549 556 563 569 575 581 590 598 606 615 622 621 619 616 611 602 592 584 575 564 553 544 532 523 513 503 493 485 479 477 474 471 467 463 457 450 447 443 441 437 434 427 423 420 416 412 407 403 403 403 404 405 406 407 408 409 412 414 418 423 427 429 432 436 440 444 448 453
625 624 624 623 623 622 621 621 621 620 618 616 614 609 605 601 591 580 572 563 552 542 532 529 534 539 544 550 557 565 572 579 587 596 604 612 620 621 618 615 609 600 590 582 572 561 550 539 529 521 510 501 492 484 476 470 468 467 465 461 455 450 447 444 439 436 432 428 425 422 418 413 407 401 401 403 406 408 410 411 412 412 414 417 421 426 429 431 434 438 442 447 451 456
622 622 622 622 621 620 620 619 619 618 617 615 614 609 605 600 589 579 570 561 552 542 530 523 527 534 539 544 552 560 568 577 585 593 602 610 618 620 618 615 609 599 589 579 569 557 546 535 526 518 507 499 491 482 473 466 462 462 462 458 452 445 441 439 436 433 433 431 427 423 419 413 407 400 403 408 412 415 416 416 416 416 417 420 423 427 430 432 436 440 445 450 454 459
620 620 621 620 620 619 619 618 618 617 616 614 612 609 605 597 586 576 567 558 549 539 529 519 521 527 533 540 547 556 565 574 583 591 599 608 616 618 616 614 608 598 587 577 564 553 542 532 523 514 504 496 488 479 470 463 457 455 457 455 450 443 437 432 430 429 432 432 429 424 419 412 404 400 406 416 421 422 422 420 420 420 421 422 425 428 431 434 438 443 448 452 457 462
618 618 618 618 618 618 618 617 617 616 615 612 610 608 603 594 583 573 562 553 545 536 527 518 515 521 528 536 543 552 561 571 580 589 596 605 612 615 614 611 606 597 585 574 559 548 538 529 520 511 501 493 485 476 469 462 453 451 452 452 448 443 435 429 425 425 429 431 429 423 417 409 403 400 410 424 426 427 425 422 421 421 422 424 426 429 432 435 440 446 451 455 460 465
617 617 617 618 617 617 617 616 616 615 614 611 608 605 600 589 579 568 556 548 541 533 525 516 510 515 523 532 540 548 557 567 577 586 593 601 606 609 610 607 603 594 582 568 555 543 534 524 515 506 497 490 482 474 468 461 453 446 447 447 444 439 434 428 422 420 425 425 423 417 411 406 403 399 412 426 427 425 424 422 421 420 422 425 427 430 434 437 442 448 453 459 464 469
615 615 616 616 616 616 615 615 614 614 612 609 607 604 596 585 574 562 551 543 537 529 522 514 506 510 518 528 536 544 553 562 573 581 590 596 601 604 604 601 596 588 577 562 549 539 529 518 508 500 491 484 477 471 465 458 453 445 440 438 437 433 429 425 419 413 416 415 412 409 406 404 402 398 412 422 421 420 420 418 418 419 422 425 429 432 436 440 445 451 456 461 467 472
613 614 615 615 615 615 614 614 613 613 611 608 605 601 591 581 569 558 547 539 532 525 518 511 503 506 514 524 532 540 549 558 568 576 584 591 597 599 599 595 589 581 570 556 544 533 522 511 501 493 484 477 471 466 461 456 452 447 439 433 430 426 422 418 413 406 405 404 402 402 402 402 399 397 409 414 413 413 413 414 415 418 424 428 431 435 439 443 448 454 458 463 469 474
611 612 613 613 613 613 613 612 612 611 610 607 603 597 587 577 565 553 543 536 528 520 513 507 500 502 511 520 528 536 545 553 562 571 579 586 591 594 593 588 581 573 562 549 537 526 514 506 497 485 476 469 464 460 457 453 451 447 440 434 429 423 416 410 405 401 397 396 396 398 398 398 395 395 403 405 405 405 408 412 415 421 427 431 434 438 442 447 452 455 460 465 470 475
609 610 611 612 612 612 612 611 611 610 609 606 601 593 584 575 563 550 541 533 524 516 509 503 496 499 507 517 525 533 541 548 556 564 573 580 585 589 588 582 574 565 554 543 530 521 516 509 495 479 469 463 458 455 452 450 448 444 438 434 429 423 417 410 404 399 395 395 395 395 395 395 395 395 398 400 401 403 408 412 417 423 429 433 437 441 446 450 453 457 461 466 471 476
607 609 610 611 611 611 611 610 610 609 608 605 599 591 582 573 561 549 539 530 520 513 508 500 492 497 504 513 521 529 537 544 551 558 566 574 580 583 583 576 566 557 547 536 526 522 518 507 489 475 466 459 454 449 445 443 441 438 434 431 427 423 418 411 405 400 395 395 394 394 394 394 394 394 395 397 401 406 409 413 418 424 430 434 439 444 448 451 454 458 462 466 471 476
604 606 608 609 609 609 609 609 608 607 606 603 599 590 581 573 561 547 538 527 519 512 505 498 489 494 503 510 517 525 532 538 545 552 559 567 574 577 576 570 561 551 540 531 525 522 513 499 483 471 465 457 452 445 439 436 434 431 429 427 423 420 418 413 408 403 395 395 394 393 394 394 394 394 394 398 403 407 410 414 418 425 430 435 439 444 449 452 454 459 463 466 471 476
602 603 606 607 608 608 608 608 607 606 604 602 597 589 580 572 560 546 537 526 518 511 503 496 487 491 500 508 514 521 527 533 540 546 553 560 567 570 568 563 555 547 537 530 525 517 503 489 477 469 463 456 451 444 437 433 428 425 424 421 417 417 417 414 411 405 398 395 393 393 393 393 393 393 394 401 405 408 410 413 418 425 430 435 439 444 449 452 455 459 464 467 472 476
600 602 604 605 606 607 607 607 606 605 603 600 596 588 580 572 560 545 536 525 517 510 502 495 486 487 497 505 511 517 523 528 534 540 547 553 559 562 561 556 548 543 535 528 520 507 492 480 471 466 460 456 450 444 435 430 424 420 419 416 413 413 415 415 412 405 398 393 391 391 392 392 392 393 396 403 407 409 410 413 418 424 429 434 439 443 448 451 455 460 464 468 472 476
