geo_cache/0-4/elevation.txt
ncols         934
nrows         918
xllcorner     -73.1
yllcorner     42.752
cellsize      1.0E-5
NODATA_value  -9999
[rows 714 to 755 of 918, columns 0 to 93 of 934]
755 752 749 746 743 740 740 743 745 746 747 747 748 748 749 750 751 752 753 755 754 752 751 751 750 748 745 743 739 735 732 728 725 720 715 711 710 710 712 714 715 716 717 718 720 722 724 728 729 733 739 744 749 753 755 754 752 749 744 739 740 742 743 743 742 742 739 735 732 726 723 719 716 714 711 707 704 701 699 702 708 714 722 729 736 744 750 756 762 770 774 777 779 780
757 755 751 748 743 740 737 737 738 739 740 740 741 741 741 742 743 744 745 746 748 747 746 745 743 742 741 739 737 734 732 728 725 721 716 712 708 706 707 710 711 712 712 712 713 715 716 719 720 724 731 737 742 745 747 748 748 745 740 736 734 736 737 737 737 737 735 732 729 724 721 718 715 712 709 706 703 699 697 701 706 713 721 728 736 743 749 756 762 769 773 775 776 775
762 758 754 750 745 741 738 734 733 733 734 735 734 734 734 734 735 735 737 739 741 742 742 739 737 736 735 734 733 732 730 727 724 721 717 713 708 705 703 706 708 709 709 708 708 709 710 711 713 716 722 730 735 738 740 742 743 740 736 733 730 731 732 733 733 733 731 728 726 722 719 716 713 711 708 705 701 697 695 699 705 712 720 728 735 742 748 756 762 768 771 772 773 771
765 761 757 753 748 743 740 736 731 730 729 729 728 728 728 727 728 728 729 731 735 737 737 735 732 730 729 729 730 729 728 725 723 720 717 713 708 704 700 703 706 707 707 706 705 704 704 705 706 709 715 721 727 731 733 735 736 735 732 730 727 726 727 728 728 728 726 724 722 720 717 714 711 709 706 703 699 694 694 698 704 711 719 727 735 742 748 756 762 766 769 770 769 767
768 764 760 756 751 746 742 739 734 729 726 724 723 723 722 722 722 721 722 724 727 731 733 731 729 726 725 726 727 728 727 724 722 720 716 712 708 703 699 700 702 704 705 706 704 702 700 701 701 703 708 713 718 722 724 727 729 729 728 726 724 722 721 722 723 722 722 720 719 717 714 712 709 707 704 701 697 691 693 697 703 710 719 727 733 741 747 755 760 764 766 767 765 762
771 766 762 757 753 748 744 740 737 732 727 723 720 719 717 717 717 716 716 718 720 725 728 728 726 724 722 724 726 726 726 724 722 720 716 711 707 703 698 697 699 700 702 703 702 701 699 698 698 699 702 706 711 715 717 719 722 723 723 723 721 719 717 717 718 717 717 716 715 713 711 709 707 705 702 699 693 689 692 696 701 709 718 725 732 739 745 753 758 761 763 764 762 758
772 767 763 758 754 750 745 741 738 734 729 725 722 719 715 713 712 711 711 712 714 718 722 724 724 722 720 722 724 725 725 724 722 720 716 711 708 703 698 695 696 696 698 700 701 701 699 697 696 696 698 701 705 708 710 712 715 718 719 719 718 716 713 713 713 714 714 713 712 710 708 705 703 701 698 695 690 687 690 694 700 708 717 724 730 737 743 749 754 757 759 761 759 754
773 769 764 760 756 752 748 743 740 736 731 727 723 720 717 714 711 708 706 706 707 711 715 718 720 720 718 718 720 722 723 722 720 718 716 712 709 704 699 695 694 693 694 696 698 698 697 696 695 693 694 696 698 701 703 705 709 712 714 715 714 713 710 709 710 710 710 710 709 707 704 701 699 697 695 692 688 686 688 692 699 707 716 722 727 733 740 746 750 753 755 757 754 749
776 772 768 763 759 755 751 746 742 738 734 730 725 722 719 716 712 709 705 702 701 704 708 713 716 716 716 715 715 717 717 718 717 716 715 712 709 705 700 697 695 694 692 692 694 694 695 694 693 691 689 690 692 694 696 699 703 707 710 711 710 710 708 706 706 706 706 706 706 704 701 698 695 694 692 689 686 684 686 691 697 705 714 720 725 729 736 742 746 749 751 751 749 744
780 776 772 766 761 758 754 749 745 741 737 733 728 724 721 717 714 710 706 702 698 698 702 707 711 712 712 711 709 710 710 711 713 713 713 711 707 704 700 698 696 695 693 690 690 690 691 691 691 688 685 684 686 689 691 694 697 700 704 706 707 706 705 703 701 702 702 702 702 700 698 695 692 691 689 687 684 682 685 690 697 704 712 718 723 727 731 738 742 744 745 745 743 739
784 780 776 769 763 760 756 752 748 743 739 735 730 725 721 718 715 711 706 703 698 695 697 701 705 707 707 706 704 703 702 704 706 708 709 707 705 702 700 698 697 696 695 692 689 687 686 687 687 685 683 680 681 683 686 688 691 694 697 700 701 702 701 699 697 698 698 698 698 697 695 692 690 688 686 685 682 681 684 689 695 702 710 716 721 725 728 734 737 738 739 738 736 733
791 784 779 773 766 762 758 754 750 745 741 736 731 726 722 718 715 711 706 703 699 696 693 696 699 701 701 701 699 698 697 698 700 701 703 703 701 699 698 697 697 698 697 695 691 688 685 683 683 681 680 678 677 677 679 681 684 687 690 693 695 696 697 696 694 693 694 694 694 694 693 690 688 685 684 682 681 680 683 688 695 701 708 714 719 723 726 730 732 733 733 732 731 728
797 789 783 778 771 766 761 757 752 747 742 738 733 728 724 720 716 712 707 704 701 698 693 692 694 696 696 696 695 694 693 693 695 696 698 698 697 695 695 696 697 700 700 699 696 692 689 684 681 679 676 674 672 672 674 676 679 681 684 687 690 691 692 692 690 689 690 691 691 691 690 688 687 684 682 681 679 680 684 688 693 699 706 712 717 722 724 727 727 728 728 727 726 725
802 796 788 782 776 769 764 759 754 749 745 741 736 731 726 722 718 713 709 706 704 700 695 690 690 690 691 691 690 690 689 690 691 691 693 694 694 692 693 694 696 699 701 701 701 698 694 691 687 682 678 674 669 667 668 671 674 676 679 682 685 686 687 686 685 685 687 687 687 687 686 686 685 683 681 679 678 680 684 688 693 698 704 710 716 720 723 724 724 724 723 723 722 721
807 801 793 786 779 772 767 762 757 753 749 744 739 733 728 723 719 714 711 708 705 700 695 690 686 685 686 686 685 685 686 687 688 688 690 691 691 690 690 692 694 696 699 700 704 704 700 696 693 688 683 677 671 664 662 665 668 671 674 677 680 681 682 681 681 682 683 683 683 683 683 683 683 683 681 678 678 681 684 688 693 697 702 708 714 718 721 721 721 721 720 720 719 718
810 804 797 790 782 774 768 764 760 756 752 747 742 736 729 724 720 716 712 709 705 699 695 690 686 682 682 682 682 682 683 684 685 686 688 689 689 687 687 689 691 693 696 698 703 706 705 701 698 693 688 681 675 666 658 658 663 667 670 672 675 676 677 678 678 679 680 680 680 680 680 680 681 682 681 677 676 680 684 688 692 696 701 706 711 716 718 719 718 718 717 717 716 716
813 807 800 793 784 777 771 766 763 759 755 750 744 737 731 726 722 717 713 710 706 699 694 689 686 681 680 679 679 679 680 682 683 684 685 687 686 684 685 687 689 690 693 696 699 704 706 706 704 699 692 684 678 668 658 653 657 661 665 668 670 671 672 673 674 676 677 677 677 677 677 678 679 681 681 677 674 679 683 688 691 695 700 705 709 713 716 717 716 716 715 715 714 713
816 809 803 796 788 782 777 771 767 763 758 753 746 739 733 728 724 719 715 711 706 699 693 689 686 682 680 678 676 676 677 679 680 681 681 683 682 681 682 683 686 688 690 692 694 699 703 708 711 705 696 687 679 668 658 650 652 656 659 662 664 666 667 667 669 672 673 674 674 674 674 675 677 679 680 676 672 677 681 686 690 694 698 703 707 711 713 715 714 713 713 712 712 710
820 813 807 800 793 787 782 776 771 766 761 755 748 741 736 731 726 721 716 711 707 701 694 689 686 682 680 678 675 673 673 675 676 677 677 678 679 679 679 680 683 685 687 688 691 694 698 706 711 705 697 688 679 668 657 650 648 651 654 657 659 660 661 662 665 668 669 670 670 670 671 672 674 676 677 674 670 673 679 684 688 692 696 701 705 709 711 712 711 711 710 710 709 707
823 817 811 805 798 792 786 781 775 769 765 758 752 746 741 735 729 723 718 713 709 703 696 691 687 682 680 678 675 671 669 669 671 672 673 675 676 677 677 677 679 681 682 684 687 690 694 701 704 700 694 686 678 667 657 649 643 646 649 652 654 655 656 658 661 664 665 666 666 666 667 668 671 672 673 671 668 671 678 682 686 690 694 699 703 706 708 708 708 708 708 707 706 704
824 820 814 810 803 796 791 786 780 775 770 764 758 752 746 739 732 726 720 715 710 705 699 693 689 683 680 677 674 671 668 665 665 667 670 672 674 675 674 674 674 674 675 678 681 685 690 695 696 693 688 681 674 665 655 648 641 641 644 646 648 649 652 655 658 660 661 661 661 662 662 664 666 668 668 666 667 671 677 681 685 688 693 697 701 703 705 705 705 705 704 704 703 702
825 824 819 814 808 802 797 792 787 782 776 770 763 756 749 743 737 731 724 717 712 707 701 695 690 685 680 675 673 670 668 663 660 662 665 668 671 672 672 671 669 668 669 672 675 680 685 688 688 686 682 676 669 661 653 646 640 638 640 642 644 646 649 653 655 656 658 658 658 658 659 661 661 664 664 664 668 672 676 680 683 687 691 695 698 701 702 702 702 702 701 701 700 698
825 827 825 821 815 809 804 798 793 788 782 776 769 762 755 748 742 736 728 720 714 708 702 696 691 685 680 675 672 669 667 663 658 658 660 663 666 668 669 669 666 663 664 667 671 675 679 682 681 679 675 670 663 656 651 645 640 635 637 639 641 643 647 650 652 653 654 654 654 655 655 656 658 660 661 665 670 673 675 678 682 685 689 693 696 698 699 699 699 699 698 698 696 695
823 829 833 830 822 816 810 804 799 793 789 782 776 769 762 754 748 741 732 723 716 710 704 697 691 686 681 676 671 668 665 663 659 657 656 658 660 663 664 665 663 660 659 662 666 669 673 675 674 672 668 663 657 652 648 643 639 633 635 637 639 641 644 647 649 650 650 651 651 651 652 655 659 662 663 667 671 673 675 677 681 684 688 690 694 696 696 696 696 696 695 695 693 692
819 826 835 834 826 819 812 806 803 798 795 789 783 776 768 760 753 745 736 726 719 713 706 698 692 686 681 677 672 668 664 662 659 657 655 655 657 659 660 661 660 658 657 658 660 663 667 667 666 664 661 657 652 649 645 641 637 633 632 634 637 639 642 644 646 647 647 646 648 650 654 659 664 667 667 669 672 674 674 677 681 684 686 689 691 693 694 694 694 694 693 692 691 689
816 823 833 833 826 818 812 806 802 799 798 796 790 783 772 763 756 747 738 728 721 714 707 699 692 686 682 678 674 670 665 661 659 658 655 652 654 655 657 657 657 657 657 657 657 659 662 663 662 660 656 652 648 644 641 638 635 631 630 632 634 635 637 640 642 643 644 645 648 653 659 663 668 670 670 671 672 674 674 677 680 683 684 687 689 691 691 692 692 692 692 691 690 687
813 821 829 830 824 816 812 806 801 797 796 796 794 787 776 764 757 748 738 729 722 715 709 701 693 688 684 680 676 672 667 661 658 658 655 651 651 652 654 654 656 657 657 657 657 658 660 660 660 658 654 649 645 640 638 636 633 629 627 629 631 632 635 637 640 642 645 649 653 659 664 667 670 673 674 674 673 673 674 676 678 681 682 684 686 688 688 689 690 690 690 690 688 686
811 818 824 825 821 815 812 806 801 796 792 791 792 789 779 768 759 750 741 731 724 717 709 702 695 690 686 682 677 673 668 662 656 655 653 651 649 649 651 652 655 657 658 658 658 658 659 659 659 657 652 647 642 638 638 636 632 627 625 627 630 633 636 638 642 646 650 654 658 663 668 672 675 676 676 676 673 672 672 674 676 679 680 682 684 685 686 686 688 689 690 689 688 684
806 813 817 818 816 814 811 806 800 795 789 785 786 785 780 771 761 753 744 735 727 719 710 702 696 692 687 683 679 674 668 662 654 652 651 650 648 646 647 650 653 656 657 658 658 658 659 659 659 655 651 647 643 641 640 637 632 626 624 627 630 634 638 641 645 650 654 657 661 666 671 676 678 677 676 674 671 670 671 673 674 676 677 679 682 683 684 684 687 688 689 689 687 683
800 806 810 812 811 810 808 803 798 792 787 781 779 779 776 769 761 753 745 737 729 719 710 702 697 692 688 684 679 674 669 661 653 649 648 648 647 646 644 646 649 652 654 655 656 656 656 657 657 654 651 647 646 644 642 638 632 626 623 627 631 634 639 644 648 653 656 659 661 667 673 677 678 676 675 672 670 669 671 672 673 673 674 677 679 680 681 682 685 687 688 688 685 682
794 800 804 806 807 807 805 800 795 789 784 779 774 771 770 764 758 751 744 735 727 717 709 701 697 692 689 685 680 674 668 660 652 646 645 646 646 646 643 642 644 647 650 651 652 653 652 652 652 652 649 648 647 645 642 638 632 624 621 625 629 634 640 645 650 653 657 660 661 667 673 677 676 674 672 670 668 668 670 671 672 672 673 674 676 677 679 680 683 685 687 687 685 681
788 795 799 802 804 804 802 798 793 788 783 778 771 764 763 758 753 746 738 730 723 715 707 700 695 691 688 684 680 674 667 658 651 645 641 642 645 645 642 641 641 643 646 648 649 649 649 649 649 649 648 647 645 643 639 636 630 623 620 624 629 633 638 645 650 653 657 659 661 666 671 676 674 671 669 667 666 667 670 670 670 670 671 672 673 674 676 679 681 683 685 685 684 680
782 790 796 799 802 802 801 798 792 788 783 777 769 761 756 750 745 739 732 725 719 712 704 698 693 689 687 683 679 674 665 657 650 644 638 638 642 643 641 640 639 639 642 643 644 645 646 646 646 646 646 645 643 640 636 633 627 621 619 624 629 632 637 644 650 653 656 659 661 665 669 673 671 668 666 664 664 666 668 669 668 669 670 671 671 672 675 677 679 680 682 683 682 680
777 784 793 798 800 801 800 797 792 787 783 776 769 760 752 743 737 733 726 720 714 707 700 693 689 687 685 682 678 672 664 655 648 643 636 635 638 640 640 640 638 635 637 638 639 640 641 641 642 643 643 642 640 637 634 630 624 618 619 624 629 633 637 642 648 652 655 657 660 663 668 670 669 666 664 664 664 664 666 666 666 667 668 669 669 671 673 675 677 679 680 681 681 680
772 779 788 795 799 800 799 796 791 787 783 777 770 760 749 739 731 725 721 715 709 702 695 689 685 684 683 680 676 670 662 653 647 641 635 632 635 637 638 638 636 634 631 632 633 634 635 636 637 639 640 640 637 634 631 626 620 617 620 625 629 633 637 642 646 650 653 656 659 663 666 668 667 664 664 664 663 664 664 664 664 666 666 667 668 669 671 673 675 677 678 679 679 679
766 774 782 790 797 798 798 795 791 787 783 778 770 760 748 736 727 719 714 709 704 695 689 684 680 680 679 677 674 668 660 652 645 638 634 630 630 633 634 634 634 632 629 627 628 629 629 630 632 634 635 635 634 631 627 621 616 617 622 626 630 634 638 641 644 648 652 655 657 662 665 666 665 664 664 664 663 663 663 663 663 664 664 665 667 668 670 672 674 675 676 677 677 677
760 767 776 784 792 795 796 795 791 788 784 778 770 761 747 734 725 716 708 703 697 690 683 678 675 675 675 674 671 666 658 650 642 636 632 627 626 628 629 629 629 630 628 626 624 624 624 625 627 629 631 631 630 627 622 616 615 619 623 627 631 634 637 640 643 647 651 654 656 661 665 665 665 664 664 664 663 663 663 663 663 663 663 664 666 667 668 670 672 673 674 676 676 676
752 761 769 777 785 791 794 794 792 789 785 778 770 762 746 733 723 713 704 696 691 686 679 674 671 670 670 669 666 663 657 648 639 634 631 626 623 622 623 623 625 628 628 627 623 620 620 621 622 624 628 628 626 622 617 613 615 620 624 628 631 634 637 640 644 647 651 654 655 661 664 665 665 664 664 664 662 662 662 662 662 662 662 663 664 666 667 669 670 672 673 674 674 674
746 755 763 771 779 786 792 795 794 790 784 778 770 762 746 732 720 711 701 692 686 680 674 669 666 665 665 664 661 659 655 646 638 632 629 626 621 618 618 620 622 626 628 627 623 618 616 616 618 619 623 625 622 617 611 611 616 620 624 629 631 633 637 641 645 648 651 654 655 660 664 664 665 665 664 663 662 662 662 662 662 662 662 662 663 664 665 667 668 670 671 672 673 673
741 749 758 765 773 781 790 795 796 790 784 778 771 763 746 731 717 706 699 690 683 676 668 664 661 660 660 658 655 654 651 645 637 632 628 625 621 616 615 617 619 621 625 625 623 618 614 612 613 615 620 622 618 611 608 611 616 620 624 628 631 633 638 642 645 648 651 654 655 659 663 664 664 664 664 663 661 661 661 663 661 661 660 661 662 662 663 665 667 669 670 670 671 671
737 744 752 760 769 778 788 794 795 789 784 777 771 763 746 730 715 703 694 687 680 673 665 660 658 656 656 654 651 648 646 643 636 630 626 623 619 615 612 614 616 618 621 623 622 618 614 611 609 612 617 619 613 607 608 612 616 620 625 628 632 634 638 642 645 648 651 653 655 658 661 663 664 664 662 661 659 660 662 663 662 661 659 659 660 661 662 664 665 667 668 669 669 669
732 740 747 755 764 775 785 791 792 787 782 776 769 761 745 730 714 701 689 682 677 671 663 657 654 652 651 649 647 643 641 639 634 629 625 621 618 613 610 611 613 615 617 619 618 617 615 611 607 608 613 615 609 605 609 613 617 621 625 629 632 635 639 642 645 647 650 653 654 657 659 661 662 661 660 658 658 660 663 663 662 660 659 658 659 660 661 663 664 666 667 668 668 668
