geo_cache/0-4/elevation.txt
ncols         934
nrows         918
xllcorner     -73.1
yllcorner     42.752
cellsize      1.0E-5
NODATA_value  -9999
[rows 84 to 125 of 918, columns 376 to 469 of 934]
676 671 664 658 652 646 644 644 645 645 645 644 642 641 639 635 636 642 647 650 651 651 651 651 651 651 650 648 649 649 649 649 649 648 648 648 648 648 648 648 649 649 649 649 648 649 649 649 649 648 648 649 649 649 649 649 651 653 657 661 666 668 671 674 677 679 680 682 684 684 685 687 692 695 699 701 701 701 699 695 694 694 693 694 697 702 705 708 711 713 713 714 716 719
676 671 665 658 652 648 644 640 641 642 641 641 640 638 635 634 635 641 645 648 651 650 650 650 650 649 649 648 649 649 649 648 648 648 648 648 648 648 648 648 649 649 648 648 648 648 648 648 649 649 649 649 649 649 649 649 651 654 659 663 667 670 673 676 679 681 683 685 687 688 688 690 695 698 699 701 702 702 700 696 694 693 693 693 695 700 704 707 709 710 710 713 716 722
676 670 666 658 652 649 645 638 636 638 638 638 637 636 634 633 635 639 644 648 650 650 649 649 649 650 649 649 649 649 649 648 648 648 648 648 648 648 649 649 649 648 648 648 648 648 648 648 649 649 649 649 649 649 649 649 651 654 659 664 667 670 674 677 679 682 684 686 689 691 692 694 697 698 699 700 702 702 701 697 694 692 692 692 695 699 703 706 708 708 708 713 716 723
674 669 665 658 651 649 645 638 634 634 635 635 635 634 632 632 634 638 643 647 648 648 648 648 648 651 651 648 648 648 648 649 649 648 649 648 648 648 648 648 648 648 649 649 649 648 648 648 648 649 649 649 648 648 648 649 651 653 659 664 667 670 674 677 679 683 685 688 690 693 695 696 697 698 699 700 701 701 702 699 695 692 690 691 693 697 701 704 706 706 707 713 716 723
672 668 663 656 651 648 644 637 633 632 632 633 633 632 631 632 633 636 641 645 647 647 647 647 646 650 652 648 648 648 648 649 649 648 649 648 648 648 648 648 648 649 649 649 649 648 648 648 648 649 649 649 648 648 648 649 651 652 658 663 666 670 674 677 679 683 686 688 690 693 694 696 696 697 698 699 700 701 702 699 695 692 689 690 692 695 699 702 704 704 706 712 715 722
668 665 659 653 649 646 641 634 631 629 630 630 630 630 630 631 632 634 638 642 644 645 645 645 643 647 654 648 648 648 649 648 648 649 649 649 649 649 649 649 649 649 649 649 649 649 649 649 649 649 649 649 649 649 649 649 650 652 657 662 665 669 673 676 679 682 685 687 690 692 693 694 695 696 697 698 699 700 701 699 695 691 689 690 691 694 697 700 701 702 705 710 713 720
666 661 654 649 646 643 639 634 631 627 628 630 630 629 630 630 631 634 635 637 639 641 641 641 640 644 654 648 648 648 649 648 648 649 649 649 649 649 648 648 649 649 649 649 649 649 649 648 649 649 649 649 649 649 649 649 649 650 655 660 664 667 672 675 678 681 684 685 688 690 691 693 694 696 696 697 699 699 699 697 693 691 689 689 691 693 695 698 700 701 703 709 712 719
665 659 652 648 645 642 638 634 630 626 627 629 629 628 629 630 631 633 634 636 638 640 640 639 639 643 653 649 649 649 649 648 648 648 648 648 648 649 648 648 649 649 649 649 649 649 649 648 649 649 649 648 648 648 648 649 649 650 654 659 663 667 671 675 678 680 683 685 687 689 690 692 693 695 696 697 698 698 698 696 693 690 688 689 690 692 694 696 698 699 703 708 711 717
660 656 650 646 641 639 637 634 629 624 623 624 624 624 625 628 630 631 632 634 635 636 636 636 635 639 649 652 648 648 648 648 648 648 648 648 648 649 648 648 649 649 649 649 649 649 649 648 649 649 649 648 648 648 648 649 649 649 651 656 660 664 668 672 675 678 680 682 684 686 688 689 690 692 693 695 695 695 694 693 691 688 688 688 689 691 693 695 695 697 703 708 711 716
656 653 650 647 642 637 634 630 627 624 622 622 622 622 622 626 629 630 631 632 633 634 634 634 634 635 644 653 649 648 648 649 649 648 649 649 649 649 648 648 649 649 649 649 649 649 649 649 648 649 649 649 649 649 649 649 649 649 649 652 657 661 664 668 671 675 677 679 681 682 683 685 686 687 688 690 691 691 691 690 688 687 687 687 688 690 691 691 693 696 702 708 711 715
653 652 651 648 645 639 635 630 627 624 623 622 622 621 621 623 627 628 629 630 631 631 632 632 633 634 638 652 651 649 649 649 649 649 648 649 649 649 649 649 649 648 648 648 649 649 649 649 648 649 649 648 648 648 649 649 649 649 649 649 653 657 660 663 666 670 673 675 676 677 678 680 681 682 682 684 685 686 686 687 686 685 685 685 687 687 688 689 692 697 701 706 709 713
651 651 650 648 648 643 638 634 630 626 624 622 622 620 620 621 624 626 628 629 630 630 631 631 632 633 634 647 654 649 649 649 649 649 648 649 649 649 649 649 649 648 648 649 649 649 649 649 648 649 649 649 648 649 649 649 649 649 649 649 651 653 656 659 661 664 667 670 671 672 673 673 673 674 675 676 679 681 682 683 684 684 684 684 684 686 687 689 692 696 700 704 707 711
649 649 650 649 648 646 641 638 634 629 626 624 622 620 618 619 621 623 626 627 628 629 629 630 630 630 632 639 653 651 649 649 649 649 649 649 649 648 648 648 649 649 649 649 650 650 650 649 649 649 649 650 650 650 651 651 652 652 652 652 652 653 655 657 657 660 663 666 667 668 669 669 670 671 671 672 675 677 679 680 681 681 681 682 682 684 687 690 691 695 697 701 703 708
648 649 649 649 648 648 644 641 638 632 628 625 622 620 618 618 619 621 623 625 626 627 628 628 628 629 631 634 645 654 650 649 649 648 648 649 649 648 648 648 649 649 650 650 651 651 651 652 651 650 650 652 653 654 655 655 656 656 656 655 655 657 658 658 658 659 662 663 664 666 668 670 672 674 674 674 673 674 676 677 678 678 680 681 682 684 686 689 690 691 693 697 699 704
647 648 649 649 649 649 648 644 641 636 630 626 623 619 617 617 617 618 620 622 623 624 625 625 625 628 630 633 637 648 653 650 649 648 648 649 649 649 649 649 649 650 651 652 653 653 654 655 655 654 654 655 656 657 658 659 660 660 660 659 659 661 663 663 663 662 663 666 669 672 676 679 682 683 683 681 677 674 674 675 676 676 679 681 682 683 684 686 688 689 692 696 698 703
646 648 648 648 648 648 647 645 643 639 633 627 623 619 616 616 616 616 617 618 620 620 621 622 624 628 630 632 633 637 647 651 650 649 648 649 649 649 649 649 650 651 653 655 657 658 659 659 658 657 658 659 660 662 663 663 664 664 664 663 662 665 667 668 669 670 672 676 681 685 689 692 694 694 695 692 687 679 675 675 676 676 678 680 682 683 684 686 689 693 698 702 704 709
644 646 647 647 647 647 646 644 642 639 633 627 623 619 616 615 615 616 616 616 617 617 618 621 625 629 630 631 632 633 636 643 650 651 650 649 649 649 649 650 652 653 657 662 665 666 666 665 662 659 661 663 664 666 667 667 668 668 668 667 666 669 670 672 674 677 681 686 690 693 696 700 701 701 702 701 697 688 680 676 676 676 678 679 680 682 685 690 694 699 704 710 713 718
641 644 645 646 646 646 645 644 641 638 633 627 623 619 616 615 615 616 616 616 617 617 619 622 625 629 630 631 631 631 632 635 639 646 650 651 649 649 650 651 653 656 664 669 672 674 674 670 666 662 664 666 668 669 670 670 671 671 670 670 669 671 673 676 679 683 686 690 692 695 695 697 698 698 698 700 700 694 687 679 676 677 678 679 682 685 690 695 700 706 711 718 721 725
639 641 643 644 644 644 643 642 640 637 632 627 623 620 617 616 616 615 616 616 617 617 620 623 627 629 630 630 630 630 630 631 633 636 642 650 652 651 652 653 656 661 669 676 679 678 678 674 669 665 667 669 670 671 672 672 672 672 672 671 671 673 676 679 683 687 690 691 692 694 694 694 694 694 694 695 698 697 691 682 678 679 682 685 688 692 698 703 708 713 720 727 728 730
635 637 639 640 641 641 641 641 639 636 632 630 627 623 619 616 616 615 615 615 617 618 620 623 626 628 629 628 628 627 626 627 629 633 637 643 650 653 653 654 657 665 673 679 679 678 678 676 672 669 669 670 672 673 674 675 675 675 675 674 674 675 678 682 685 688 691 691 692 693 693 692 692 692 692 693 694 695 691 682 681 687 690 693 697 701 706 711 717 722 728 731 733 736
633 634 636 637 637 637 637 637 636 635 632 630 629 625 619 617 616 616 615 615 617 617 619 622 624 626 626 625 624 623 623 626 630 634 640 644 649 652 654 655 659 667 674 679 678 678 677 675 673 671 671 672 674 675 676 677 677 678 678 677 676 677 680 684 687 690 691 692 692 692 692 691 691 691 691 691 692 692 690 683 685 691 696 701 705 710 715 719 725 729 733 736 738 741
631 631 632 633 633 633 634 633 633 633 632 630 630 625 619 617 616 616 616 616 617 617 618 620 622 623 622 621 620 620 623 627 631 637 643 647 649 652 654 656 660 668 672 676 676 676 675 674 673 673 673 674 676 677 679 679 680 680 680 680 678 679 683 686 689 691 692 692 693 692 691 690 689 689 689 689 689 689 686 683 689 695 700 707 712 719 723 727 731 735 739 742 744 748
629 628 629 629 630 630 630 631 631 632 631 630 629 624 619 617 616 616 616 616 616 617 617 618 619 619 618 617 618 620 624 628 634 639 644 648 649 652 654 656 660 667 671 673 674 674 674 673 673 674 674 676 677 679 680 680 681 682 682 682 681 682 684 688 690 692 693 693 693 693 691 689 689 688 688 688 688 688 686 684 691 698 704 713 720 726 729 732 736 740 744 749 751 754
627 625 625 626 626 626 627 628 629 630 630 629 628 623 617 617 617 616 616 616 616 616 616 617 617 617 617 617 618 622 626 630 635 640 644 647 649 651 654 656 659 665 669 670 671 671 671 671 672 674 675 677 679 680 681 683 684 684 685 685 684 683 686 690 692 694 694 695 695 694 692 689 688 688 688 688 688 688 687 687 693 700 707 719 726 730 733 737 741 746 751 755 756 758
624 622 622 622 622 622 623 626 628 629 629 628 627 622 617 617 616 616 616 616 615 616 616 616 616 616 616 617 619 623 627 631 635 640 643 646 649 651 653 655 658 663 666 668 668 669 670 671 672 674 676 677 679 681 682 684 685 686 687 687 686 686 688 691 694 695 695 696 696 695 695 691 690 688 688 688 688 688 687 688 693 701 711 724 729 733 737 741 747 752 756 759 760 762
622 622 621 621 621 621 621 623 625 626 627 627 625 622 617 617 616 616 616 616 615 615 615 616 616 616 616 617 620 623 627 632 634 638 642 645 648 649 651 652 655 659 662 665 665 667 671 672 674 676 677 677 679 682 684 687 688 689 690 690 690 690 690 694 697 698 699 699 700 700 700 699 696 692 690 688 688 688 689 691 695 703 714 727 732 736 741 746 752 757 760 763 764 767
622 622 621 620 620 620 621 622 624 625 626 625 624 622 617 617 616 615 615 615 615 615 615 615 615 616 616 617 620 624 628 632 634 637 641 644 647 648 651 652 654 658 659 663 665 670 673 676 678 679 679 679 680 683 687 690 692 694 695 695 695 695 695 698 700 702 704 704 705 705 704 703 701 698 694 689 689 693 697 701 705 709 718 727 734 740 746 752 757 761 765 769 770 773
623 622 621 619 618 618 619 621 622 624 624 624 624 622 618 617 616 615 615 615 615 615 615 615 615 616 616 618 622 625 629 632 634 636 640 642 645 647 651 653 655 658 661 665 669 673 677 679 681 682 682 683 684 685 690 694 696 698 699 700 701 701 700 703 705 708 709 710 710 710 709 707 705 703 698 692 695 701 706 711 716 720 725 730 736 743 751 756 762 766 770 774 776 781
624 622 621 619 618 617 618 620 621 623 624 623 623 621 618 617 616 614 614 614 614 614 614 614 615 616 617 619 622 625 630 634 636 637 640 643 646 648 653 655 657 660 664 669 673 676 679 681 684 685 687 688 689 689 693 697 699 701 703 705 706 707 706 708 711 714 715 716 716 715 714 712 710 708 703 697 702 709 715 721 725 730 733 737 740 746 754 761 767 771 776 781 784 789
626 625 624 620 617 617 617 618 620 621 622 622 621 620 618 617 616 614 613 613 614 614 614 615 617 619 622 624 625 626 631 636 639 641 643 647 649 652 655 657 659 663 667 672 676 679 682 684 687 690 692 694 695 695 696 700 703 705 708 710 712 712 713 715 718 722 723 723 723 722 720 718 716 714 709 703 710 718 724 729 733 738 741 744 747 751 759 766 772 777 783 789 791 796
628 628 627 622 617 616 616 618 619 620 621 621 620 619 617 616 615 613 613 613 614 614 615 617 620 623 626 628 629 629 632 637 640 644 647 649 651 654 656 658 661 665 670 674 678 681 684 688 691 694 697 699 700 700 701 704 707 710 712 715 717 719 721 722 724 726 727 728 727 727 726 725 723 719 714 710 718 726 732 736 740 744 748 752 756 758 764 772 778 785 790 795 798 804
630 630 629 623 618 616 616 617 618 619 620 620 619 618 617 616 614 613 613 613 614 615 617 619 624 627 630 632 633 633 634 638 642 646 649 651 652 654 657 659 663 667 672 676 680 684 688 692 695 698 701 704 705 705 706 709 712 715 717 720 724 727 728 728 729 731 731 732 732 732 731 730 729 727 720 717 726 733 737 742 747 751 757 761 765 767 769 778 785 792 798 804 807 813
631 631 629 624 618 616 615 616 616 618 618 618 618 617 616 615 613 612 612 612 614 616 618 622 626 630 633 635 636 637 635 639 643 646 649 651 652 654 657 659 663 668 673 677 682 686 690 694 698 701 705 708 710 711 712 713 716 719 723 727 729 730 732 732 733 734 736 736 736 736 736 735 734 733 728 726 734 739 745 750 755 761 766 770 773 775 777 785 793 800 807 814 817 821
631 630 629 624 619 616 614 615 616 617 617 618 617 616 615 614 612 612 612 613 615 617 620 624 628 632 636 638 639 640 638 641 644 646 648 651 652 654 658 660 664 669 674 679 684 689 692 696 700 704 708 711 714 715 717 718 720 724 727 730 732 734 736 737 737 738 740 740 740 740 740 740 740 738 736 735 741 747 753 759 764 769 774 779 781 785 787 792 801 809 816 823 825 829
631 630 628 624 619 616 614 613 614 615 616 616 616 615 614 612 611 612 613 613 616 618 622 626 630 635 638 641 642 642 641 642 644 646 648 651 652 654 658 660 666 671 676 680 685 691 695 699 703 707 711 714 718 720 723 724 726 728 730 733 735 738 740 741 742 743 744 745 745 745 746 746 746 745 744 743 749 756 762 768 772 778 783 787 790 794 796 800 810 818 826 833 835 839
632 630 628 624 621 617 614 612 613 614 614 615 614 613 612 611 611 612 613 614 617 619 623 627 632 636 640 642 643 643 642 643 645 646 648 651 653 655 658 661 667 671 676 680 685 691 696 700 705 709 713 718 722 725 727 729 731 732 734 736 739 742 744 745 746 747 749 750 751 752 752 753 753 753 753 751 757 764 770 775 780 786 790 794 799 803 805 808 819 829 837 844 846 848
634 632 631 628 624 619 616 612 612 612 613 613 613 612 610 610 610 612 613 614 617 620 624 629 633 638 641 643 643 643 644 645 646 647 649 654 656 658 662 665 668 671 677 680 685 691 696 702 707 712 716 722 726 728 731 733 736 737 738 740 743 746 748 750 752 753 756 757 758 759 759 760 760 761 761 760 764 771 778 783 788 793 797 802 807 812 816 819 831 841 848 852 854 856
636 635 634 630 626 620 615 611 611 612 612 612 612 611 610 610 611 612 613 614 616 620 625 630 634 638 641 643 643 644 645 646 646 648 652 655 657 661 665 668 671 673 677 681 685 690 697 703 708 713 719 725 729 732 736 738 740 742 743 744 747 751 753 756 757 758 760 761 762 764 765 766 767 768 769 770 771 778 785 791 796 801 805 811 818 825 829 832 842 850 856 861 863 865
638 637 635 630 626 619 614 610 609 611 611 611 610 609 609 611 612 614 615 615 616 620 625 631 635 639 641 643 644 644 645 646 646 649 653 656 659 663 668 671 674 676 679 682 686 692 699 704 710 716 722 728 732 736 740 742 744 746 747 749 751 756 758 760 761 762 764 766 767 769 771 772 775 776 777 778 779 785 792 798 803 809 814 822 829 835 840 844 853 861 867 872 873 875
640 636 634 630 624 616 611 609 608 609 610 610 609 609 609 612 615 617 618 618 618 620 626 631 636 640 641 643 644 645 646 647 647 650 654 657 660 665 669 673 676 679 682 685 690 696 702 707 712 717 725 730 735 740 744 747 750 752 754 756 757 759 762 764 766 768 770 772 773 774 777 779 782 783 785 786 788 791 799 804 811 818 826 833 841 847 852 856 862 871 878 883 884 886
640 635 631 626 619 612 608 606 607 607 608 608 608 609 611 615 618 620 621 622 622 622 626 631 636 639 641 644 645 646 647 648 650 653 656 658 662 667 671 675 678 682 685 688 693 699 704 709 714 721 728 732 738 743 748 752 755 757 759 760 761 762 765 768 770 772 774 776 778 781 784 786 788 790 792 794 796 799 804 812 821 829 837 845 853 858 863 868 873 880 888 892 893 894
637 633 628 622 615 607 605 605 606 606 607 607 608 611 615 618 620 622 624 625 625 625 627 631 636 639 641 643 645 647 648 650 653 656 659 661 663 668 672 676 680 684 687 690 696 701 706 711 717 724 729 735 741 747 753 756 758 760 762 764 765 765 768 771 774 776 779 782 785 787 788 791 792 795 798 801 804 807 811 821 832 840 848 856 863 869 875 881 886 891 899 902 903 904
