geo_cache/4-1/elevation.txt
ncols         946
nrows         918
xllcorner     -71.72222222222221
yllcorner     42.007999999999996
cellsize      1.0E-5
NODATA_value  -9999
[rows 480 to 527 of 918, columns 96 to 191 of 946]
114 113 112 110 107 107 105 104 103 102 101 101 102 102 104 106 108 110 111 114 116 119 122 123 125 127 130 134 136 138 140 141 142 142 142 144 145 146 147 148 147 146 144 144 144 144 144 144 145 145 145 145 145 146 146 146 147 147 147 148 149 151 151 152 152 152 152 151 151 151 152 152 153 153 152 151 150 149 149 148 147 146 145 144 142 139 137 135 132 131 130 128 125 122 118 114
118 119 117 112 109 107 104 104 103 101 101 101 101 103 105 107 108 109 111 114 117 120 122 123 126 128 131 134 136 138 140 141 142 143 143 145 146 147 149 149 149 148 147 146 145 145 144 144 145 146 146 146 146 146 146 147 147 148 148 149 150 151 151 152 151 151 151 151 151 151 151 151 152 152 151 151 150 150 149 148 146 146 146 145 142 138 137 136 135 134 133 130 126 122 117 113
118 120 118 115 110 107 103 103 102 101 101 101 101 103 106 107 108 109 111 114 117 120 123 124 126 129 132 135 136 138 140 140 142 143 144 146 147 148 150 150 150 149 148 147 146 146 146 146 146 146 147 147 146 147 148 149 149 149 150 150 150 152 152 152 151 151 151 151 151 151 151 151 152 152 152 152 151 150 150 148 147 148 147 146 142 139 139 139 138 137 135 133 128 122 116 111
116 117 117 114 110 106 103 102 101 101 101 101 101 103 106 107 108 110 112 115 118 120 123 124 126 130 133 135 136 138 140 140 142 143 144 146 147 148 150 151 151 150 150 149 148 147 147 147 147 147 147 148 149 149 149 150 150 150 150 151 151 152 152 152 151 151 151 151 151 151 151 151 152 152 152 152 152 151 151 149 148 148 147 146 143 141 141 140 139 139 136 133 128 122 115 111
115 116 115 112 108 105 102 101 100 100 100 101 102 104 106 107 109 111 113 116 119 121 123 125 127 131 133 135 136 137 139 140 142 144 144 147 148 148 151 151 151 151 151 150 149 149 149 149 148 148 148 149 149 150 150 150 151 151 151 152 152 152 152 152 151 151 151 151 151 150 150 151 152 152 152 152 152 151 151 149 148 148 147 145 143 141 141 140 140 139 136 132 128 121 114 109
113 113 112 110 107 105 101 100 99 99 100 102 104 105 107 108 110 113 114 117 120 121 124 126 128 131 132 135 136 137 139 140 142 144 145 147 148 149 151 151 151 151 151 151 150 150 150 150 150 149 149 149 149 150 151 151 152 152 152 152 152 152 152 152 152 152 152 151 150 149 150 150 151 152 151 151 151 150 149 148 147 146 145 144 142 141 140 140 140 139 134 129 124 117 111 110
109 111 111 109 106 104 101 99 97 99 101 103 105 106 108 109 111 114 115 118 120 122 125 127 129 131 132 134 136 137 139 140 142 144 145 147 148 149 151 151 152 152 152 152 152 152 152 152 151 150 150 150 150 151 151 151 151 151 151 152 152 152 152 152 152 152 152 150 149 148 149 149 150 150 150 149 149 148 147 146 145 144 143 142 140 139 139 139 138 135 130 125 120 115 111 110
106 108 109 108 106 104 101 99 97 99 102 104 106 106 108 109 112 114 116 118 121 122 126 127 129 131 132 134 135 137 139 140 143 145 146 148 148 149 151 151 152 152 152 153 153 153 152 152 151 151 150 150 150 150 150 151 151 150 150 151 151 151 151 152 152 152 151 149 149 147 147 148 148 148 148 147 146 145 143 142 141 140 139 138 138 137 137 136 134 129 126 123 119 116 114 112
106 105 107 107 106 103 99 97 97 99 103 104 106 107 108 110 112 115 116 119 121 122 125 127 129 131 131 133 135 137 139 140 142 144 146 148 148 149 151 151 152 152 152 153 153 153 152 152 152 152 151 150 150 149 149 150 150 149 149 150 150 151 152 152 152 152 151 150 149 147 146 145 145 145 145 144 143 142 140 138 137 136 135 134 133 133 132 131 128 126 125 123 122 120 117 114
106 105 105 106 105 101 97 97 98 101 104 105 106 107 109 110 112 115 116 119 121 122 125 126 128 130 131 133 135 137 138 139 142 144 145 148 148 149 150 150 152 152 152 153 153 153 152 152 151 151 151 150 150 149 149 149 150 148 147 147 148 151 153 153 153 153 152 151 149 148 147 145 143 143 142 141 140 139 137 135 134 133 132 132 131 130 130 129 128 128 127 127 126 124 119 115
105 104 104 104 103 99 96 97 101 103 105 106 107 107 109 110 112 115 116 119 120 122 124 126 127 129 130 132 134 136 138 139 141 143 145 147 148 149 150 150 152 152 152 153 153 153 152 152 151 151 151 150 150 149 148 148 148 147 146 147 149 153 155 156 156 154 153 152 150 149 147 146 144 143 142 140 139 137 136 134 133 133 132 131 131 131 131 133 134 134 133 131 128 124 120 116
103 103 103 103 100 96 97 99 102 104 105 106 107 108 110 111 112 115 116 118 120 121 123 124 126 129 130 132 133 135 137 138 140 142 144 147 148 148 150 150 151 152 152 153 153 152 151 151 151 151 151 151 150 150 149 148 146 145 145 147 151 155 157 158 158 157 156 154 152 151 149 147 146 144 143 141 139 136 134 132 133 133 133 133 134 136 138 139 140 138 134 131 128 124 119 116
101 102 102 100 96 96 100 102 104 105 106 107 108 109 110 111 113 115 116 118 119 120 122 123 125 128 129 131 132 134 136 137 139 141 144 146 147 148 149 149 151 151 151 152 152 151 151 151 150 150 151 152 152 151 149 148 145 144 143 146 152 157 159 160 160 158 157 155 154 152 150 148 147 145 143 142 140 136 133 130 132 135 137 138 139 140 141 142 142 137 132 128 125 121 118 115
98 99 99 96 96 98 102 103 104 106 106 107 109 110 111 112 113 115 116 118 119 120 121 122 124 127 128 130 131 133 135 137 139 140 142 144 146 147 148 149 150 150 151 151 151 151 150 150 149 149 150 152 152 151 149 147 145 143 142 145 152 158 160 161 161 160 160 158 156 153 152 150 148 146 143 142 139 136 132 129 130 133 136 137 138 138 139 139 137 133 129 125 121 119 116 114
95 96 96 96 98 102 104 104 104 106 106 107 110 110 112 112 113 115 115 117 119 119 121 122 123 126 127 129 130 132 134 136 138 139 141 143 144 146 147 148 148 149 150 150 150 150 149 149 148 148 150 151 151 150 149 146 144 142 140 144 151 157 160 161 162 161 161 158 156 153 152 150 148 145 143 141 138 135 130 127 128 130 133 133 134 134 134 134 132 128 124 121 119 116 114 114
95 96 97 99 102 103 104 105 105 106 106 107 110 111 112 112 113 115 115 117 118 119 121 121 123 125 126 128 129 131 133 135 137 139 140 142 143 144 145 146 147 148 149 149 149 149 148 148 147 147 147 148 148 147 147 145 142 140 140 143 150 156 159 161 161 160 160 157 155 153 151 149 147 144 142 139 136 133 129 124 125 127 130 131 131 131 131 131 129 125 121 118 116 114 114 115
95 98 101 103 103 104 105 105 105 106 106 107 110 111 113 113 113 114 114 116 117 118 120 121 122 124 126 127 129 130 132 134 136 138 139 141 142 143 143 145 146 147 147 148 148 148 147 147 146 145 145 145 145 145 144 143 141 140 139 141 148 155 158 160 160 159 158 155 154 152 151 149 146 144 141 137 134 131 127 123 122 124 126 128 129 129 129 127 124 121 118 117 116 115 116 117
97 101 103 104 104 104 105 105 105 105 105 106 109 111 112 112 113 114 114 115 116 117 119 120 121 123 125 126 128 129 131 133 135 137 138 139 140 140 141 142 144 145 145 145 145 145 145 144 144 142 141 141 141 141 141 140 139 139 138 138 145 152 157 158 158 158 158 156 154 153 151 150 147 144 140 137 133 129 126 123 121 121 123 124 125 126 125 123 121 118 117 117 117 118 118 120
97 102 103 104 105 105 105 105 105 104 104 104 106 109 111 112 112 113 113 114 115 116 117 119 120 121 123 125 126 128 130 131 133 135 136 137 138 138 139 140 142 143 143 142 142 141 141 141 140 139 138 138 138 139 139 138 138 138 137 136 142 148 154 157 157 157 157 157 156 154 153 151 148 145 141 138 134 130 127 124 121 121 121 121 122 122 121 120 118 118 117 119 120 119 118 118
97 102 103 104 105 105 106 106 106 105 103 103 104 106 109 111 111 112 112 113 114 115 116 117 119 120 122 124 125 127 129 130 131 132 133 134 135 135 136 137 139 140 139 138 137 137 137 137 137 136 135 135 136 136 136 136 137 137 136 135 138 144 150 154 155 156 157 158 158 156 154 152 148 146 141 139 135 132 129 126 123 121 120 120 119 118 118 117 116 117 120 120 121 119 116 114
98 102 103 105 106 106 106 106 107 106 104 103 103 105 107 109 111 111 112 112 113 114 115 116 117 119 120 122 123 125 127 128 130 131 132 132 132 132 133 134 136 136 136 134 133 133 134 133 133 133 133 133 133 133 133 134 135 136 135 134 136 141 146 150 153 155 156 157 158 156 153 151 148 145 141 138 135 133 131 128 125 123 121 119 117 115 115 115 115 116 119 120 119 116 113 111
98 102 103 105 107 107 107 109 109 108 105 103 102 104 106 108 109 110 110 111 112 113 114 115 116 118 119 121 122 123 125 126 128 129 130 130 130 130 130 132 133 133 132 130 129 129 130 131 132 132 132 131 131 131 131 131 132 134 133 132 133 137 142 146 149 152 153 155 155 154 152 149 146 143 140 136 134 133 131 129 126 123 121 118 116 114 114 113 113 114 115 116 115 114 111 109
98 102 103 105 107 107 110 111 111 108 106 103 102 102 104 106 108 109 109 110 110 111 112 114 115 116 118 119 120 122 123 124 126 127 128 129 129 128 129 130 130 130 128 127 126 127 127 129 131 131 131 131 131 129 129 129 130 131 131 130 131 134 138 141 144 147 148 150 150 150 147 145 142 140 137 134 132 131 129 128 125 121 118 116 115 114 114 112 112 113 114 114 113 111 108 106
97 101 104 105 107 107 109 110 111 109 107 104 102 102 103 105 106 107 108 109 109 110 111 112 114 115 117 118 119 120 121 122 123 125 126 127 126 126 126 127 127 127 126 126 126 127 127 127 130 130 131 131 131 129 128 127 127 128 129 128 128 131 135 138 140 143 143 144 144 143 142 140 139 137 134 132 130 128 126 124 121 119 117 115 115 114 114 113 111 111 111 111 110 108 106 106
96 100 104 105 107 107 109 110 110 110 108 105 102 102 102 103 105 106 107 108 108 109 110 111 112 113 115 116 118 119 119 120 121 123 123 124 124 124 124 124 124 125 125 126 126 127 127 127 130 130 131 131 131 131 129 127 125 125 126 126 126 128 131 134 136 138 139 139 139 138 137 135 134 133 131 128 127 125 123 121 120 119 118 117 117 116 115 114 112 111 109 109 108 108 106 106
95 99 103 105 107 107 109 110 110 110 109 106 103 102 102 102 104 105 106 107 107 108 108 109 110 112 113 115 116 117 118 119 120 121 121 122 122 122 122 122 123 124 124 126 126 127 127 128 130 130 131 132 132 131 130 128 126 124 124 123 124 126 129 131 132 134 135 136 136 137 137 135 132 130 127 127 125 124 124 125 125 124 123 122 121 118 117 115 113 111 109 109 109 109 109 109
94 99 102 105 107 108 109 110 110 110 109 106 103 102 102 102 103 105 106 106 106 107 107 108 109 110 111 112 113 115 117 118 119 119 120 121 121 121 120 120 121 123 124 126 126 128 128 129 130 130 131 132 132 131 130 130 127 124 121 121 122 125 127 129 130 131 132 133 135 136 136 134 131 129 127 127 127 128 129 130 130 128 126 125 123 121 118 116 115 113 112 112 112 112 112 113
94 99 102 104 107 108 110 110 111 110 109 107 104 103 102 102 102 104 104 105 105 105 106 107 108 109 109 110 111 112 114 116 117 118 118 119 119 118 119 119 121 123 124 126 126 128 129 129 130 130 131 131 131 131 130 129 127 124 120 118 120 124 126 127 130 131 131 132 134 136 136 134 130 129 129 130 131 132 133 133 132 130 127 125 123 122 119 117 116 116 116 116 117 117 117 117
94 98 102 104 107 108 110 111 111 111 110 107 104 103 102 102 102 103 103 104 104 104 105 106 107 108 108 109 110 110 112 113 115 116 117 118 118 117 118 119 121 123 124 125 126 127 128 128 129 130 130 131 131 131 130 128 126 123 119 116 118 122 124 126 130 132 132 133 135 137 137 136 133 132 133 134 135 135 135 134 132 130 127 126 124 123 122 122 121 122 123 123 122 121 119 118
93 98 101 104 107 108 110 111 111 111 110 108 105 103 102 102 102 102 102 102 102 103 103 104 105 106 107 107 108 109 110 112 113 115 116 116 116 116 118 119 121 123 123 125 125 127 127 128 129 129 130 130 130 129 129 127 125 122 119 116 116 120 123 125 129 133 134 136 137 139 139 138 137 136 136 137 137 137 135 134 132 129 127 126 125 126 128 129 129 129 127 125 122 120 117 115
93 97 101 103 106 108 109 110 111 111 110 109 106 103 102 102 101 101 101 101 101 101 102 103 104 105 106 106 107 108 109 110 112 113 114 114 115 116 118 119 121 122 123 124 125 126 126 127 128 129 129 129 129 129 127 126 124 121 118 115 115 119 122 124 127 131 133 136 138 139 139 139 139 139 138 137 137 136 134 132 129 128 128 128 130 134 136 134 131 128 124 120 118 115 112 110
94 97 100 102 104 106 108 109 110 111 111 109 107 104 102 102 101 101 101 100 100 100 101 102 103 104 104 105 105 106 107 109 110 111 112 113 114 115 117 118 120 121 122 123 124 124 125 127 127 127 127 128 128 128 127 125 123 120 118 115 114 117 121 122 123 126 128 132 136 138 138 139 139 139 138 137 135 134 133 131 128 128 128 132 134 138 136 132 128 124 119 116 112 110 108 107
95 98 100 102 104 105 107 108 110 111 112 111 109 106 102 101 101 100 100 99 99 99 99 100 101 102 103 104 104 105 106 107 108 109 109 111 113 114 116 118 119 120 121 122 123 124 125 126 126 126 127 127 127 127 126 123 121 120 118 115 113 116 121 121 120 122 123 127 131 135 137 138 138 138 137 136 135 133 132 130 129 128 130 132 134 133 130 127 123 119 114 111 108 106 105 106
97 99 100 102 103 104 106 108 110 111 113 114 113 111 104 101 101 100 100 98 98 98 98 99 100 101 101 102 103 104 105 105 106 107 108 110 112 114 116 117 118 119 120 121 122 123 125 125 125 125 126 126 126 126 124 122 120 120 118 114 112 114 118 119 118 119 120 124 128 135 137 138 138 138 136 136 135 133 132 131 130 129 129 129 129 128 127 124 120 115 110 107 104 104 104 104
97 98 98 99 100 102 106 108 111 113 114 115 114 113 109 104 102 100 100 98 97 97 96 97 98 99 100 101 102 103 104 104 105 105 106 109 112 113 115 116 117 118 119 120 121 122 124 124 125 125 125 125 125 124 122 121 121 120 119 114 112 112 115 116 117 118 120 124 129 135 137 138 138 138 136 135 134 134 134 132 130 130 129 128 127 127 125 121 117 111 107 104 104 104 104 103
94 94 97 98 100 105 109 110 112 114 114 115 114 113 112 110 104 100 100 98 97 96 96 96 96 96 98 100 101 102 103 103 103 104 106 108 110 112 114 115 116 117 118 120 120 122 123 123 124 124 124 123 123 122 121 121 121 120 118 114 111 110 112 113 116 118 120 124 129 134 137 137 137 137 135 134 133 134 134 132 130 130 130 127 125 124 121 117 113 108 104 103 104 105 104 104
93 94 98 101 105 107 110 111 112 113 114 115 114 112 111 109 106 101 100 97 96 95 95 95 95 96 96 98 100 101 102 102 103 104 105 107 109 110 112 114 115 116 118 119 120 121 122 123 124 124 124 123 122 121 121 121 120 119 117 113 109 109 110 112 115 118 119 123 128 133 136 136 136 136 135 133 132 133 133 131 128 130 131 126 123 120 117 114 109 105 103 103 104 106 106 105
93 94 99 103 106 107 109 110 111 113 113 113 113 111 109 108 105 101 100 97 95 95 94 94 94 95 96 97 99 100 100 101 102 104 105 107 107 109 110 112 114 115 117 118 119 121 122 122 124 124 124 122 122 121 121 121 119 119 116 111 109 108 109 111 114 116 118 121 125 129 133 134 135 134 133 131 131 132 131 127 127 130 130 125 120 116 113 110 106 103 103 104 105 106 107 107
93 93 98 102 105 107 108 108 110 112 112 112 111 109 108 106 104 101 99 96 95 95 94 94 94 95 95 96 97 98 99 100 101 103 104 106 107 107 109 110 112 114 116 117 118 120 121 122 124 124 124 122 122 121 121 121 119 119 116 111 108 106 107 109 112 114 116 118 122 125 129 131 131 131 130 128 127 128 127 125 125 129 129 123 118 114 110 107 104 103 103 104 107 108 108 108
93 93 95 99 103 106 107 107 109 110 110 110 109 107 107 105 103 100 98 96 95 95 94 94 94 94 94 95 95 96 97 99 101 102 103 105 106 106 108 110 111 113 115 116 118 119 120 121 123 124 124 123 123 121 121 121 119 118 115 111 108 105 105 107 109 112 113 115 118 121 124 127 128 128 127 125 124 125 124 122 122 126 126 122 117 112 108 104 103 103 104 104 106 109 109 109
93 93 93 96 100 104 106 106 106 106 105 106 106 105 104 103 101 98 98 96 95 94 93 93 93 94 94 94 95 95 97 98 100 101 102 104 105 106 108 109 111 113 114 116 116 118 120 120 123 123 123 123 123 121 121 121 119 118 114 111 108 104 103 104 106 109 110 113 115 118 121 124 125 125 125 123 122 121 121 119 120 123 123 120 116 111 107 103 103 103 104 105 106 109 109 109
93 93 93 95 99 103 105 105 105 104 103 105 105 104 103 102 100 98 97 96 95 94 93 93 93 93 93 94 94 95 96 98 99 100 102 103 104 105 107 109 111 112 113 115 116 117 119 120 122 122 123 123 123 121 121 120 118 117 113 110 107 104 102 103 105 108 109 112 114 117 120 122 124 124 124 122 121 120 120 118 119 122 122 119 115 110 106 103 103 104 105 105 105 108 108 109
93 93 93 93 96 100 104 104 103 102 102 103 103 103 101 99 99 97 96 94 93 93 93 93 93 93 93 94 94 94 95 97 98 99 101 102 103 104 106 108 110 111 112 114 115 116 118 119 121 121 122 123 123 122 121 120 118 116 112 109 107 103 100 100 102 104 106 109 112 115 117 119 121 122 121 120 118 117 116 116 117 118 118 117 114 110 106 104 104 105 106 106 104 104 106 107
93 93 93 93 95 96 99 100 101 101 102 102 102 101 99 99 98 97 96 93 93 93 93 93 93 93 93 93 93 94 94 95 96 98 99 100 101 102 105 107 109 110 112 113 114 115 117 118 119 120 121 122 122 122 120 119 117 114 111 108 106 102 99 98 99 101 102 105 109 112 114 116 118 119 118 116 115 114 113 112 114 115 115 114 112 109 105 104 105 106 108 105 102 102 103 102
93 93 93 93 95 96 98 99 99 100 101 101 101 100 99 99 98 96 96 94 93 93 93 93 93 93 93 93 93 93 94 94 95 96 97 99 100 101 105 106 108 109 111 112 113 115 116 117 119 119 120 122 122 122 120 118 116 114 111 107 105 101 98 97 98 98 99 102 104 108 110 113 114 115 114 113 111 110 108 108 110 111 111 110 108 106 105 104 104 105 105 103 101 100 100 99
93 93 93 93 94 96 97 98 99 99 100 100 100 100 99 99 98 97 96 95 93 93 93 93 93 93 93 93 93 93 93 93 94 95 96 99 100 102 104 105 107 109 110 111 112 114 115 117 118 118 120 121 121 121 119 117 115 113 110 107 105 101 97 97 97 97 97 98 100 102 104 107 109 111 110 110 109 107 105 105 106 107 107 106 105 104 104 103 103 103 102 100 99 99 98 98
93 93 93 93 93 94 96 97 97 98 99 99 99 99 99 99 98 97 97 95 94 93 93 93 93 93 93 93 93 93 93 93 94 95 96 98 100 102 103 104 107 108 109 111 112 113 114 115 116 117 118 120 120 120 118 116 114 112 110 106 104 101 97 96 96 96 96 96 96 97 99 101 103 105 106 106 106 105 104 102 102 102 103 104 104 103 103 102 101 100 99 98 97 97 96 96
93 93 93 93 93 93 93 94 95 97 97 98 98 98 98 98 98 97 97 96 95 94 93 93 93 93 93 94 94 93 93 93 93 94 95 97 99 100 103 104 106 108 109 110 111 112 113 114 115 116 117 118 119 119 118 115 113 111 109 105 102 100 97 95 95 95 95 95 95 95 96 97 99 100 102 103 103 103 101 100 100 100 101 103 103 103 102 100 99 98 98 97 96 95 93 93
