geo_cache/4-1/elevation.txt
ncols         946
nrows         918
xllcorner     -71.72222222222221
yllcorner     42.007999999999996
cellsize      1.0E-5
NODATA_value  -9999
[rows 288 to 335 of 918, columns 192 to 287 of 946]
117 118 117 115 114 112 111 109 107 107 106 106 105 104 103 102 101 101 101 101 100 100 99 98 98 98 97 95 95 95 95 95 100 101 98 97 98 98 100 102 102 102 102 101 101 100 100 100 99 98 96 94 94 95 96 94 92 92 92 92 93 94 93 93 93 92 89 86 86 86 86 86 90 93 97 100 103 106 109 111 113 115 117 119 120 122 124 125 127 128 130 131 134 138 143 147
120 121 120 118 116 115 113 111 109 107 106 106 105 105 105 103 102 102 101 101 100 100 99 97 96 96 96 95 95 95 95 95 98 99 97 97 97 97 99 101 101 102 102 101 100 100 99 99 99 98 97 94 93 93 94 93 92 92 92 92 94 93 92 92 92 92 90 87 86 86 86 86 90 93 98 101 103 107 109 111 114 116 119 120 122 123 125 127 127 128 130 130 131 134 138 142
123 123 123 121 119 117 115 113 111 109 107 107 106 106 105 104 103 102 102 101 100 100 98 96 96 95 95 95 95 95 95 95 95 96 96 96 97 97 98 99 100 101 101 101 100 100 98 98 99 98 97 94 93 93 93 92 92 92 92 93 94 93 90 90 90 90 90 89 86 86 86 86 90 94 98 101 103 107 110 112 114 117 120 122 124 124 126 128 128 129 129 129 128 129 133 137
127 128 126 124 122 120 117 115 113 110 108 107 106 106 106 105 104 103 102 102 101 100 98 97 96 95 95 95 95 95 95 95 95 95 95 96 96 97 97 98 99 100 100 101 101 101 98 96 97 97 96 94 92 92 92 92 92 92 92 94 94 92 89 89 88 88 89 88 86 85 86 86 91 94 98 101 103 106 109 112 115 117 120 123 125 126 127 129 130 130 129 128 126 125 127 130
130 131 130 127 125 123 120 118 115 112 110 108 107 107 107 106 105 104 103 102 101 101 99 99 97 95 95 95 95 95 95 95 95 95 95 95 96 96 97 98 98 100 100 101 101 101 98 96 95 96 95 93 92 92 92 92 92 92 92 94 94 92 88 88 87 87 88 87 86 85 86 86 90 94 97 100 102 105 108 111 115 117 121 124 126 128 129 130 130 130 129 127 125 122 122 124
134 134 133 131 127 125 123 120 117 114 112 110 108 108 109 108 106 105 103 103 102 101 101 100 98 95 95 95 95 95 95 95 95 95 95 95 95 96 96 98 98 100 100 100 100 99 98 96 95 95 94 92 92 92 92 92 92 92 92 93 93 91 88 88 87 86 86 86 86 85 86 88 90 94 97 100 101 105 108 110 113 117 121 125 127 129 130 130 130 130 128 127 125 121 119 118
137 137 136 134 130 128 125 122 120 117 114 111 110 109 109 109 108 106 105 104 102 102 102 100 99 96 95 95 95 95 95 95 95 95 95 95 95 95 96 98 98 100 100 100 99 99 98 96 95 94 93 92 91 91 92 92 92 92 92 93 93 90 88 88 86 86 86 85 85 85 86 89 91 94 98 100 103 105 108 110 113 115 119 123 127 129 130 130 130 130 128 127 125 121 117 115
138 139 138 137 133 130 127 125 122 119 116 113 111 111 110 110 109 108 106 104 103 103 102 101 99 97 95 95 95 95 95 95 95 95 95 95 95 95 96 98 98 100 100 100 100 101 100 97 95 93 92 91 91 91 91 91 92 92 92 93 93 91 90 88 86 86 86 85 85 84 86 89 92 95 98 101 103 106 109 110 113 114 118 122 126 129 130 130 130 130 128 126 123 120 115 113
139 140 140 139 136 132 129 126 124 122 118 115 113 112 111 110 110 108 107 105 104 104 103 101 100 99 96 95 95 95 95 95 95 95 95 95 95 95 95 96 98 100 101 101 101 101 100 97 94 92 92 91 91 91 91 91 91 92 92 92 93 94 92 89 87 85 85 84 84 84 87 90 93 95 99 102 103 107 109 111 113 114 117 122 126 129 130 131 131 131 130 127 124 120 115 112
140 141 141 140 138 134 131 128 125 123 120 117 114 114 113 112 110 109 108 106 105 104 103 101 101 100 97 95 95 95 95 95 95 95 95 95 95 95 95 95 97 99 101 101 99 99 98 96 94 92 92 91 91 91 91 91 91 91 91 92 93 94 94 91 87 85 85 84 84 84 86 90 93 96 99 102 103 107 109 112 114 115 117 122 126 129 131 132 132 132 131 129 125 121 117 113
142 143 143 142 139 136 133 129 126 123 121 118 115 115 114 112 111 109 108 107 105 104 103 102 102 100 99 96 95 95 95 95 95 95 95 95 95 95 95 95 95 97 100 100 97 97 97 96 94 93 92 90 90 90 90 90 91 91 91 92 93 95 96 94 88 85 85 84 84 84 86 90 93 96 99 102 103 107 110 112 115 117 118 120 124 128 130 131 132 132 131 129 126 121 118 114
143 144 145 143 141 137 134 130 126 123 121 119 116 115 114 112 111 109 108 107 105 104 103 102 102 101 100 97 95 95 95 95 95 95 95 95 95 95 95 95 95 95 97 97 96 96 95 94 93 92 92 90 90 90 90 90 91 91 91 92 93 96 98 95 89 84 84 84 83 83 85 90 94 96 99 102 103 107 111 112 116 117 119 121 123 126 129 130 131 131 130 126 122 120 116 113
143 145 146 145 143 139 135 131 127 123 120 117 116 115 114 112 112 109 107 106 104 104 104 103 103 101 101 98 95 95 95 95 95 95 95 96 99 96 95 95 95 95 96 96 95 94 93 92 91 90 90 89 89 89 89 89 90 91 92 93 94 96 98 96 90 84 84 83 83 83 85 90 93 96 99 102 103 107 110 112 116 118 121 122 122 125 127 129 130 130 129 124 119 115 114 112
143 146 148 148 145 141 137 133 128 124 119 117 115 114 113 112 111 109 107 106 104 104 104 103 103 102 101 99 95 95 95 95 95 95 95 99 101 99 95 95 95 95 95 95 94 93 91 90 90 90 90 89 89 89 89 89 89 90 91 92 94 96 98 97 90 84 84 83 83 83 85 89 93 96 99 102 103 106 110 112 115 118 121 123 124 125 127 128 129 129 128 124 118 113 111 110
144 146 149 149 146 142 138 133 129 125 120 117 114 114 113 111 111 109 109 107 106 106 105 104 104 102 101 100 96 95 95 95 95 95 95 98 100 100 96 95 95 95 95 95 94 93 91 90 90 90 90 89 89 89 89 89 89 89 89 90 91 94 96 96 90 84 83 83 83 83 85 89 93 96 99 102 103 106 108 111 113 116 119 122 124 126 127 127 128 128 127 124 119 113 110 108
145 145 147 148 146 142 137 133 129 125 121 119 116 115 114 113 112 111 111 109 108 107 106 105 105 102 101 100 97 96 95 95 95 95 95 95 96 99 96 95 95 95 95 95 94 94 92 91 91 91 91 90 89 89 89 89 88 88 88 88 88 91 92 93 89 84 83 83 83 83 87 90 93 96 98 101 103 104 108 110 113 115 118 122 124 127 127 127 126 127 125 122 117 113 109 107
145 146 145 145 144 140 137 132 129 126 123 121 118 117 117 117 116 114 113 112 110 108 107 105 104 102 101 100 98 97 95 95 95 95 95 95 95 96 95 95 95 95 95 95 94 94 94 93 94 94 93 92 90 89 89 90 90 89 88 88 88 88 88 88 87 84 83 83 83 84 88 90 93 96 98 100 101 104 108 110 113 115 118 122 125 127 126 125 124 123 122 120 116 112 109 107
146 147 146 144 142 139 137 134 131 128 125 123 121 120 120 120 119 117 115 113 110 109 108 105 104 102 101 100 98 98 95 95 95 95 95 95 95 95 95 95 95 95 95 95 95 95 95 96 97 97 96 95 92 90 91 92 94 92 91 90 88 87 85 85 85 84 83 82 82 84 89 90 93 95 97 100 101 104 108 110 113 115 118 122 125 126 126 125 124 122 118 116 113 110 108 106
148 148 147 144 142 140 139 136 133 129 126 124 123 123 123 122 121 118 115 113 110 109 108 106 105 102 101 99 98 97 95 95 95 95 95 95 95 95 95 95 95 95 95 95 95 95 96 97 98 99 98 96 94 94 95 95 96 95 95 94 91 87 84 84 84 83 82 82 82 85 88 90 92 93 96 100 101 105 108 110 113 115 117 120 123 125 126 126 124 122 116 114 111 108 105 103
150 150 148 145 143 142 140 138 135 131 127 125 125 125 124 123 122 119 116 113 111 109 108 106 104 102 100 99 97 96 96 95 95 95 95 95 95 95 95 95 95 95 95 96 96 97 97 98 99 99 99 96 94 94 96 96 96 96 96 96 94 90 86 83 83 83 82 82 82 85 87 88 90 92 96 99 101 104 107 109 112 113 115 117 120 123 124 124 123 120 116 114 111 108 105 103
151 151 148 147 146 144 142 140 136 132 129 127 127 126 125 123 122 119 116 113 111 109 107 105 104 102 100 99 97 97 96 96 96 95 95 95 95 95 95 95 95 96 96 97 98 98 98 98 99 98 96 94 93 94 95 95 94 97 97 97 95 92 89 84 82 82 82 82 82 84 85 86 90 92 95 98 100 103 105 108 110 111 113 115 117 119 121 121 120 118 116 113 111 108 104 102
152 151 150 149 148 145 143 140 137 133 130 129 128 127 126 123 120 117 115 113 112 110 109 107 105 104 102 101 100 100 99 97 96 95 95 95 95 95 95 95 95 95 95 98 100 99 97 96 96 95 93 91 91 91 93 92 91 95 97 98 96 92 89 85 82 82 82 82 82 83 85 86 89 92 95 97 98 100 102 105 108 110 112 114 115 115 116 116 116 115 113 111 108 105 101 99
152 151 150 150 149 146 143 140 138 134 130 129 128 126 124 121 119 117 117 116 115 113 112 110 108 106 105 104 103 103 102 100 99 97 96 95 95 95 95 95 95 95 95 98 100 98 95 94 93 92 91 89 88 88 89 89 89 93 97 98 96 92 89 85 82 81 81 82 82 83 84 86 89 92 94 96 97 98 101 104 107 109 111 114 114 112 111 110 111 110 109 106 104 101 97 97
153 152 151 151 149 146 144 140 138 134 131 129 127 126 124 122 121 120 120 120 119 117 114 112 110 108 107 106 106 105 104 102 101 99 97 96 95 95 95 95 95 95 95 96 97 96 94 93 92 91 89 87 86 86 86 87 86 90 94 95 94 91 88 85 81 80 81 81 81 82 84 86 89 91 93 95 96 97 100 103 106 108 111 114 115 111 107 106 106 106 104 101 99 98 97 97
154 153 151 151 149 146 144 141 138 135 132 129 128 126 124 123 122 122 121 121 120 118 115 113 111 109 108 107 106 106 104 103 102 99 98 97 96 96 95 95 95 94 94 95 96 95 93 92 91 90 88 86 86 86 86 86 86 88 92 93 93 91 87 85 80 80 80 80 80 81 84 86 90 91 92 94 95 96 99 102 105 107 110 115 115 111 105 102 102 102 101 99 97 97 97 97
154 153 151 151 149 148 145 143 141 138 136 133 131 129 127 126 125 124 123 123 121 119 116 113 113 111 110 108 107 106 105 103 102 99 99 97 96 96 95 95 95 94 94 94 94 94 92 91 90 89 87 86 86 86 86 86 86 88 90 90 92 89 86 84 80 80 80 80 80 80 83 86 90 91 92 92 93 95 97 99 102 105 109 113 113 108 102 98 97 97 97 96 96 96 96 96
155 153 152 152 151 150 148 146 144 142 140 137 134 132 130 128 127 126 125 124 121 120 117 114 114 112 111 109 107 107 105 103 102 99 99 98 98 97 97 96 95 95 95 94 94 94 92 91 89 86 86 86 86 86 86 86 88 90 91 92 92 88 84 82 80 80 80 80 80 80 82 86 89 90 91 92 92 92 94 97 101 104 108 110 109 104 100 96 95 95 95 95 95 95 95 95
155 154 153 153 151 150 149 147 145 144 141 139 137 134 132 130 128 126 125 124 121 120 117 115 114 112 111 110 108 108 105 103 102 100 99 99 100 99 98 97 96 95 95 94 94 93 92 90 89 86 86 86 86 86 85 85 89 91 92 93 91 86 83 81 80 80 80 80 80 80 80 85 88 89 90 91 91 92 94 96 99 102 105 106 105 101 97 95 95 95 95 95 95 95 95 95
157 156 155 154 153 151 150 148 146 144 142 140 138 136 134 131 129 127 125 124 123 122 120 118 116 114 112 111 108 108 105 104 103 103 102 102 102 101 100 99 98 97 96 94 93 93 91 90 89 88 86 86 85 85 85 85 86 90 92 91 89 85 82 80 80 80 80 80 80 80 80 82 86 89 90 90 90 91 92 93 96 99 100 101 100 97 95 94 94 94 95 95 95 95 95 96
158 157 156 155 154 152 150 148 147 145 143 141 139 137 135 132 130 128 127 126 124 123 121 120 117 115 113 111 109 109 108 107 106 106 105 105 104 103 102 101 100 99 97 95 93 93 91 91 90 89 86 86 85 85 85 85 85 87 89 88 87 84 81 80 80 80 80 80 80 80 80 80 83 87 88 88 89 90 90 91 93 95 95 96 96 95 94 94 94 94 95 95 95 95 96 96
159 158 157 156 155 153 151 149 148 146 144 142 140 138 135 133 131 129 128 127 125 124 122 120 118 117 116 116 114 113 111 110 110 109 108 108 107 106 105 103 102 100 98 97 96 95 94 92 91 89 86 86 85 85 85 85 85 85 85 86 85 82 80 80 80 80 80 80 80 80 80 80 82 84 85 85 86 87 88 90 91 92 92 92 92 93 94 94 94 94 95 95 96 97 97 97
160 159 158 157 155 154 152 150 149 147 145 143 142 139 137 134 132 130 128 127 125 124 123 121 121 120 120 119 118 117 115 113 111 111 110 110 109 107 106 104 103 101 100 99 98 97 95 93 92 90 87 86 86 86 85 85 84 84 84 84 83 81 80 80 80 80 80 80 80 80 80 80 82 83 84 84 84 84 86 88 90 89 90 90 90 91 93 94 95 95 96 97 97 98 98 98
160 159 158 158 155 154 153 150 150 148 145 144 142 140 138 135 132 130 128 128 125 125 123 123 123 123 122 120 118 118 115 114 113 113 112 111 110 109 108 107 105 104 103 101 99 98 96 94 93 91 90 88 86 88 88 87 84 83 82 82 82 80 80 80 80 80 80 80 80 80 80 80 82 83 83 84 84 84 85 86 87 88 89 88 89 91 93 95 97 97 97 98 100 100 100 99
160 160 158 157 155 154 152 150 150 148 145 144 142 141 138 135 133 130 128 127 125 125 125 125 125 124 123 122 120 118 116 114 114 113 113 112 111 110 110 109 108 107 106 104 101 99 97 95 93 92 92 91 90 91 89 87 84 82 82 81 81 80 80 80 80 80 80 80 80 80 80 80 83 83 84 84 84 84 84 84 84 86 87 86 88 91 93 95 98 98 99 100 101 102 101 101
160 160 158 157 155 153 152 150 148 147 145 144 142 141 139 135 133 130 128 127 126 127 127 128 128 126 125 123 122 121 119 117 117 116 115 114 114 113 112 112 111 109 108 105 102 100 97 95 95 95 94 93 93 92 89 86 83 82 82 80 80 80 80 80 80 80 80 80 80 80 80 80 83 85 84 84 84 84 84 84 84 85 86 86 87 91 93 96 98 98 101 102 103 103 103 103
160 160 159 158 156 154 152 149 147 145 145 144 142 141 139 135 132 129 128 128 129 130 130 131 130 128 126 125 124 123 122 120 119 118 117 116 115 114 113 113 112 110 109 106 103 100 97 97 97 96 95 94 93 92 89 86 84 83 82 81 80 80 80 80 80 80 80 80 80 80 80 80 84 85 84 84 84 84 84 84 84 84 85 86 87 91 94 96 98 99 102 104 106 106 105 105
159 159 159 158 157 155 153 150 147 145 144 142 141 140 138 134 132 130 131 131 132 133 134 133 132 130 128 126 125 124 123 122 121 120 118 117 115 115 114 113 112 110 110 106 103 101 100 99 98 97 96 94 93 92 89 87 86 86 84 84 83 81 80 80 80 80 80 80 80 80 80 81 85 86 84 84 84 84 84 84 84 84 85 86 87 90 94 96 99 100 103 105 107 108 107 106
157 158 159 159 157 155 153 150 148 145 143 142 140 138 136 133 133 133 134 135 135 135 135 135 134 132 130 128 126 125 124 123 122 122 121 120 118 118 117 115 112 110 109 106 105 104 103 102 100 98 97 94 93 92 90 89 89 89 87 87 86 83 80 80 80 80 80 80 80 80 80 82 85 86 85 84 84 84 84 85 85 85 85 86 86 89 93 96 99 100 103 106 107 108 108 107
154 155 156 157 156 154 153 150 148 145 143 142 140 138 136 135 135 136 137 137 137 137 137 137 135 134 132 129 127 126 125 124 125 125 124 123 122 122 121 119 117 113 110 108 107 106 105 103 101 98 97 95 94 93 92 92 92 92 91 90 89 85 80 80 80 80 80 80 80 80 81 82 84 85 85 84 84 84 84 85 85 85 85 86 86 87 91 95 97 100 103 105 106 109 109 108
150 152 153 154 154 153 151 149 148 146 144 143 140 139 137 136 136 137 138 138 138 138 138 138 137 135 134 131 129 128 126 125 126 128 128 127 126 125 124 123 121 117 113 111 109 108 106 104 102 100 98 98 97 96 95 94 93 93 92 91 90 86 80 80 80 80 80 80 80 80 80 82 84 84 85 85 85 85 85 85 85 85 86 86 86 87 90 94 96 99 102 104 106 109 109 108
148 149 150 151 151 150 149 149 149 147 144 143 140 138 137 138 138 138 139 139 139 139 140 140 138 137 135 133 130 129 127 126 127 129 129 129 128 126 125 123 122 120 116 112 111 109 107 105 104 103 101 101 100 98 97 96 94 93 93 92 90 86 82 80 80 80 80 80 80 80 80 82 85 86 86 86 86 86 86 85 85 85 86 86 86 87 89 92 94 96 99 103 105 109 110 109
145 146 147 148 149 149 149 148 147 146 144 143 140 139 140 139 139 140 140 140 140 140 141 140 139 138 136 134 130 130 128 129 130 130 130 130 128 127 126 124 122 120 117 114 112 111 109 108 108 106 105 104 103 100 99 97 95 94 93 92 91 87 82 80 80 80 80 80 80 80 80 82 86 87 87 87 87 87 87 86 85 85 85 86 86 87 89 90 92 93 96 100 104 108 111 109
143 144 146 147 147 147 147 147 146 145 143 142 140 140 140 139 139 141 142 142 141 141 142 141 141 139 137 134 132 132 131 133 134 131 130 131 131 130 129 127 124 121 118 116 114 112 111 111 109 108 107 105 105 103 100 98 96 95 94 92 90 87 82 80 80 80 80 80 80 80 80 81 86 87 88 87 86 86 87 87 87 86 84 85 85 86 88 89 90 92 94 97 101 105 109 108
141 141 143 144 144 144 144 144 144 143 142 141 140 139 139 139 140 142 143 143 143 143 143 142 142 140 138 137 135 135 135 136 136 134 133 134 134 133 132 130 127 124 121 119 117 115 114 112 110 109 108 107 105 104 102 99 97 95 93 91 88 86 83 81 80 80 80 80 80 80 80 81 84 87 87 87 87 88 87 87 87 85 84 85 85 86 88 88 90 91 93 96 98 102 105 105
140 139 140 140 140 140 141 141 141 141 141 140 139 139 139 139 140 143 144 145 145 144 144 144 142 141 140 139 139 139 138 138 137 136 135 136 136 136 134 133 131 128 125 123 121 119 117 113 112 111 110 108 106 105 102 100 97 93 90 89 87 86 84 81 80 80 80 80 80 80 80 80 82 85 87 87 87 86 86 85 85 84 83 85 85 86 88 89 90 90 92 94 96 99 102 102
139 139 140 140 140 139 139 139 140 140 140 140 139 139 140 140 140 143 145 146 146 146 146 145 144 143 142 141 140 140 140 140 139 138 138 138 138 138 136 135 134 131 128 126 124 122 118 115 113 113 111 109 108 106 102 100 95 91 89 89 89 88 85 83 81 80 80 80 80 80 80 80 82 83 84 84 84 84 83 83 83 83 83 85 85 87 88 90 91 91 92 93 95 97 98 99
138 138 139 139 139 139 139 139 139 140 140 140 140 140 140 141 142 144 146 147 147 147 147 147 146 145 143 143 142 142 142 141 140 140 140 140 140 139 138 137 135 133 131 128 125 123 120 116 116 113 112 110 108 106 102 99 95 91 90 91 92 90 86 84 81 81 81 80 80 80 80 80 82 82 83 83 83 83 83 83 83 83 83 86 86 87 89 90 91 92 93 94 94 95 96 97
138 138 139 139 139 139 139 139 139 139 140 140 140 140 141 142 144 146 147 148 148 148 148 148 148 147 146 145 144 144 144 143 142 141 142 142 142 141 140 138 136 135 133 130 126 124 121 119 118 115 113 111 108 106 102 99 96 94 93 94 94 92 88 86 83 81 81 80 80 80 80 80 83 83 83 83 83 83 83 83 83 83 83 84 86 87 88 90 92 92 94 95 95 95 95 95
