geo_cache/4-1/elevation.txt
ncols         946
nrows         918
xllcorner     -71.72222222222221
yllcorner     42.007999999999996
cellsize      1.0E-5
NODATA_value  -9999
[rows 720 to 767 of 918, columns 192 to 287 of 946]
149 148 149 149 147 145 145 144 144 143 142 141 139 138 135 131 128 127 127 127 129 130 132 134 135 135 137 140 141 141 143 144 145 146 147 147 148 147 147 147 147 147 146 144 143 141 141 141 139 136 130 123 118 116 121 124 122 117 114 115 114 113 109 105 101 96 92 88 86 84 82 81 78 77 76 76 76 77 79 81 81 81 82 85 85 83 82 82 78 75 72 71 70 67 67 66
149 149 149 149 147 145 145 144 144 143 141 141 139 139 136 132 129 127 127 127 127 129 131 133 133 133 136 138 139 139 142 143 144 146 146 146 147 146 145 145 146 146 144 143 141 140 140 141 139 136 132 126 120 115 115 119 120 116 113 112 113 112 109 105 100 96 92 89 86 84 81 80 78 77 77 77 77 77 77 79 80 80 82 84 84 82 81 80 77 75 72 71 70 67 67 66
150 149 149 151 148 145 145 144 144 143 142 141 139 138 137 133 130 127 126 126 127 128 130 131 131 133 134 137 138 138 141 143 144 144 145 146 146 145 144 143 144 144 142 141 138 139 140 140 139 136 133 129 122 116 113 113 116 115 111 110 112 112 109 106 101 97 93 89 87 84 81 80 78 77 77 76 76 76 76 76 78 80 81 83 83 81 80 78 76 75 72 71 70 69 67 66
150 149 149 151 149 145 145 144 144 144 142 141 140 138 136 133 131 128 126 125 125 127 128 129 130 133 133 136 137 138 140 142 143 143 144 145 145 144 142 142 143 142 140 138 137 138 140 140 139 136 134 130 125 120 114 111 111 111 109 109 112 112 110 107 102 97 93 89 87 84 81 80 78 78 76 75 75 75 75 75 78 79 80 82 82 80 78 76 75 73 71 70 71 72 68 66
151 150 149 150 149 146 145 144 144 144 142 142 140 139 136 134 132 129 127 125 124 125 127 128 130 133 134 135 136 137 139 140 141 142 143 144 144 143 141 140 141 140 137 136 137 138 140 140 138 136 135 132 128 124 118 113 110 108 107 107 110 112 111 108 102 97 93 89 87 84 81 80 78 78 76 75 75 74 73 74 77 79 79 80 80 78 76 74 74 73 69 69 71 75 70 67
151 150 149 149 149 146 145 144 144 144 143 143 140 139 137 135 133 131 128 125 124 124 126 128 130 133 134 134 136 136 138 139 140 141 142 143 143 142 140 138 139 138 134 136 138 139 140 139 138 136 135 133 131 127 122 117 113 109 106 106 106 109 109 106 102 97 93 89 87 84 81 80 80 79 77 75 75 73 72 71 74 76 77 78 78 77 74 73 73 72 69 69 71 76 74 69
151 150 149 149 148 147 145 144 144 144 143 143 140 139 138 135 134 132 130 127 123 123 125 127 130 132 133 133 135 136 137 138 139 140 141 141 141 140 139 137 137 136 134 136 139 140 140 139 138 136 135 134 132 130 126 123 119 115 110 108 105 104 103 101 99 95 92 89 87 84 81 81 81 81 79 76 75 73 72 71 71 73 74 75 76 75 74 72 72 70 69 69 72 77 78 70
151 150 149 149 148 147 146 143 143 143 142 142 140 139 138 137 135 133 131 128 123 123 124 126 129 131 132 132 133 134 136 137 138 138 139 139 140 139 138 136 135 134 133 136 139 140 140 139 138 136 136 134 133 131 130 127 124 120 116 114 108 104 100 98 96 93 91 88 86 84 82 82 82 82 80 78 76 75 73 71 71 71 71 73 73 74 73 72 71 70 69 69 72 77 79 72
151 150 149 149 148 147 146 143 143 142 142 142 140 138 138 137 136 133 131 129 125 123 123 125 128 130 131 131 132 133 135 136 137 137 138 138 139 138 137 135 133 132 132 136 139 139 139 139 138 136 136 134 133 132 131 129 127 124 121 119 115 109 103 100 97 94 91 88 86 84 83 82 82 82 81 78 77 76 74 72 71 71 71 72 72 73 73 72 70 70 69 70 73 77 79 74
151 150 149 149 148 147 147 143 143 142 142 141 139 137 138 137 136 133 131 130 127 124 124 125 127 130 130 130 132 132 135 136 136 136 137 137 138 138 136 135 132 130 131 136 138 139 138 138 137 136 136 135 134 133 131 130 127 126 124 122 119 113 107 103 99 95 92 89 87 85 84 83 82 82 81 78 78 76 74 73 70 70 70 71 72 73 72 72 70 70 69 71 73 76 79 76
150 150 149 149 148 147 147 144 143 142 141 141 139 137 136 137 136 134 132 131 129 126 124 125 126 128 129 129 130 131 133 134 135 135 136 136 136 136 135 133 131 129 130 136 138 138 137 137 137 136 136 135 134 133 132 130 129 127 126 124 121 116 111 105 101 97 93 89 87 87 84 84 82 82 80 78 78 77 75 73 71 70 70 71 72 73 72 72 70 70 70 72 73 75 78 78
150 149 149 148 148 147 147 145 143 142 141 141 139 137 135 136 136 135 133 132 129 127 125 124 125 126 127 127 128 130 132 133 133 133 134 134 134 134 133 132 130 128 130 135 136 136 135 135 135 136 136 135 134 134 133 131 130 128 127 126 123 119 114 108 104 101 96 91 89 88 85 84 82 82 80 79 78 77 75 74 71 70 70 70 71 71 72 71 70 70 71 73 73 75 77 79
149 149 148 148 147 146 146 145 144 142 140 140 140 138 135 134 135 135 133 132 130 128 124 122 123 124 125 125 127 128 130 131 132 132 132 132 133 133 132 130 128 127 130 133 134 134 133 134 134 135 135 135 135 134 133 132 131 130 128 127 124 121 116 112 108 104 101 95 92 90 86 84 82 81 81 79 79 77 75 73 71 70 70 69 70 70 71 71 70 70 71 72 72 74 76 77
149 148 147 147 146 146 145 144 144 142 139 139 141 140 136 133 134 135 134 133 131 129 125 121 120 122 123 124 126 126 127 129 130 130 130 130 131 131 130 129 126 125 129 132 132 132 132 133 133 134 134 135 135 135 134 133 132 131 130 129 126 123 120 116 112 107 104 99 95 92 88 85 83 81 80 79 79 76 75 73 72 70 70 69 69 69 70 70 70 70 71 72 72 74 75 74
148 148 147 147 146 145 145 144 144 142 140 139 140 140 137 132 132 133 133 132 131 130 126 122 119 119 120 122 124 124 126 127 128 128 129 129 129 129 128 127 125 124 128 130 131 131 131 132 132 133 133 135 135 135 134 134 133 132 132 131 129 126 123 120 115 111 106 102 98 94 89 86 84 82 80 79 79 77 76 75 72 71 70 69 69 69 70 70 70 70 70 72 72 73 74 72
147 147 147 147 146 145 145 144 144 143 141 139 137 138 135 132 130 131 131 130 129 129 127 124 120 118 117 119 122 123 125 126 126 127 127 127 127 127 127 126 123 123 126 128 129 129 130 130 131 132 133 134 134 134 134 134 134 134 133 133 131 129 126 123 118 114 109 105 101 97 91 87 85 83 81 80 79 78 77 76 72 71 70 69 69 69 69 69 70 70 69 70 71 72 73 70
147 147 146 146 145 145 145 144 144 144 141 140 137 136 134 132 130 129 127 126 127 127 127 125 122 117 117 118 121 122 124 125 125 126 125 125 125 126 125 125 122 121 124 126 127 128 128 129 130 131 132 133 134 134 134 134 134 134 134 133 132 131 129 126 121 117 112 108 104 100 93 88 85 85 82 80 80 78 77 76 73 71 70 69 69 69 69 69 69 69 68 67 68 70 71 69
145 145 145 145 144 144 144 144 144 144 142 141 138 136 135 133 131 129 127 124 124 124 124 124 123 119 116 117 120 121 123 124 125 124 124 123 123 124 124 124 121 120 123 125 125 126 126 127 129 130 131 132 132 133 133 133 134 134 134 134 133 132 131 128 124 120 115 111 106 102 96 90 86 86 83 80 80 78 77 76 76 74 71 70 70 69 69 69 68 68 67 67 67 69 69 68
145 145 145 144 143 143 143 143 143 144 142 142 140 138 137 135 134 133 130 126 124 123 121 120 122 119 116 115 118 120 122 123 124 123 122 121 122 123 123 123 120 118 121 123 124 124 125 126 127 129 130 131 132 132 132 132 133 133 134 134 134 133 131 130 127 122 118 113 108 104 98 92 87 86 83 80 80 78 78 79 80 78 73 71 71 70 69 69 68 68 67 67 67 67 67 66
144 144 144 144 143 142 142 143 143 143 142 142 140 139 138 137 136 134 133 129 127 124 121 118 118 117 116 114 116 118 120 121 122 121 119 119 120 121 121 121 119 117 118 120 122 123 124 125 126 128 129 130 131 131 131 131 131 132 134 135 135 134 132 131 129 125 121 116 111 105 100 94 88 85 83 81 80 79 79 80 80 80 76 74 74 72 70 70 69 68 67 67 67 67 67 66
143 144 143 143 142 142 142 142 142 143 143 142 141 140 139 137 137 135 133 131 128 126 123 120 118 116 115 113 114 116 118 119 119 118 117 118 119 119 119 119 117 115 116 118 119 121 122 123 125 126 128 129 130 130 130 130 129 130 133 134 134 134 133 132 131 127 123 118 113 107 102 96 90 85 83 81 80 80 79 79 78 78 78 78 78 75 71 70 69 69 68 68 67 67 67 66
143 143 143 143 142 141 140 141 142 142 143 143 141 140 139 137 137 135 133 132 129 127 125 123 119 116 114 112 112 114 116 118 118 117 115 117 117 117 117 117 116 115 115 116 118 120 121 122 124 125 126 128 129 129 129 128 127 129 132 133 134 134 134 133 132 130 126 121 115 109 103 97 91 86 84 81 81 80 79 77 76 75 77 81 81 78 73 70 69 69 69 69 68 67 67 67
142 142 143 143 141 140 140 140 141 142 143 143 142 141 140 138 137 135 133 132 130 128 126 123 120 116 114 112 111 111 114 116 116 115 114 115 116 116 116 116 116 114 114 115 117 118 120 121 123 124 125 126 127 128 128 126 126 128 131 132 133 134 134 134 133 132 128 123 117 111 105 99 93 88 84 83 81 80 79 78 76 75 77 81 81 79 76 73 70 70 69 69 68 67 67 66
141 142 142 142 140 139 139 139 140 141 142 143 142 141 140 138 138 135 134 132 130 129 127 123 120 117 114 112 111 111 111 113 114 113 112 113 114 114 114 114 114 114 113 115 116 117 119 120 121 122 123 124 125 126 126 125 124 126 129 131 132 133 134 134 135 133 131 126 120 114 108 101 95 90 85 84 81 80 79 79 78 76 77 79 80 79 78 76 74 71 69 68 68 66 66 65
140 141 141 141 139 138 138 139 139 140 140 141 141 141 140 138 138 136 134 133 130 129 127 123 121 119 116 114 112 111 109 111 111 111 110 111 113 113 113 113 113 112 112 114 116 117 118 119 120 121 122 123 123 124 124 123 124 126 128 130 131 132 134 134 136 135 133 128 122 115 109 104 98 92 87 85 83 80 80 80 78 78 77 77 77 76 77 76 74 72 69 68 67 66 66 65
140 140 141 141 139 137 137 138 138 139 139 139 139 139 139 138 137 136 134 133 130 129 127 123 122 120 118 116 113 112 109 108 109 108 108 110 112 111 111 111 111 110 111 113 114 116 117 118 119 119 120 121 121 122 121 121 124 125 127 128 130 131 133 134 136 137 136 130 123 116 110 105 99 94 89 85 84 81 80 80 79 78 76 75 74 73 74 73 72 71 69 66 66 65 66 65
141 141 140 140 138 136 136 137 137 138 138 138 139 139 139 137 137 136 134 133 130 128 127 124 123 122 120 118 115 114 110 107 107 107 107 108 110 109 109 109 109 109 110 112 112 114 116 117 117 117 118 119 119 119 119 120 123 124 125 126 128 130 132 133 136 137 137 131 124 118 112 107 101 95 90 87 85 83 82 81 80 79 76 74 74 73 73 73 72 71 69 66 66 64 64 64
140 139 139 139 138 136 136 137 138 138 137 137 137 137 137 137 137 135 134 133 129 128 127 125 125 123 121 119 116 115 112 109 107 106 106 106 107 107 107 107 108 108 109 110 111 112 114 116 116 115 115 117 117 117 117 119 122 122 123 124 126 128 131 132 135 137 137 132 125 119 114 109 103 97 91 87 86 84 83 83 82 81 78 76 75 73 72 72 72 72 70 66 66 65 64 64
136 137 138 138 137 135 135 137 140 140 138 137 136 136 137 136 136 135 133 133 131 129 127 126 126 125 122 120 118 116 114 111 108 106 106 106 106 106 106 106 107 108 108 109 110 111 112 114 115 114 113 114 115 114 116 118 120 121 121 121 124 126 129 131 134 137 137 133 127 121 116 110 105 98 92 88 87 86 85 85 85 83 81 80 78 74 72 72 71 72 71 69 69 67 64 64
133 134 136 136 136 134 134 137 140 141 138 137 136 136 136 136 135 135 133 133 132 130 127 125 125 125 123 121 118 117 114 112 110 107 106 105 104 104 104 106 106 107 107 107 108 109 110 111 113 112 111 112 112 112 114 117 118 119 119 120 122 124 126 129 132 135 136 133 128 122 118 112 106 99 93 89 88 87 87 87 88 86 84 83 81 77 73 72 71 72 74 74 72 69 66 64
132 133 134 135 134 133 133 137 140 140 138 137 135 135 134 135 135 134 133 133 132 129 127 124 124 124 123 121 118 118 114 112 111 109 106 105 104 104 104 105 106 107 107 106 106 108 109 109 110 110 110 109 109 110 112 115 116 118 118 118 121 122 124 127 131 133 134 131 127 123 118 113 106 100 94 91 90 89 88 89 89 89 87 85 82 78 74 72 72 74 77 77 75 72 67 64
131 132 133 133 132 132 134 137 139 139 138 137 135 134 133 133 133 133 133 132 131 129 127 123 122 122 121 121 118 118 115 112 111 109 107 106 104 103 103 104 105 106 106 106 106 106 107 108 108 109 109 107 107 109 110 112 115 116 117 117 119 120 122 125 129 131 131 129 126 122 118 113 106 100 94 92 92 91 90 90 91 91 89 87 84 80 75 72 72 75 78 78 75 72 69 65
130 131 131 131 131 132 134 137 138 139 138 137 135 134 132 132 132 132 131 130 130 129 127 123 122 120 120 119 118 117 115 114 112 109 107 105 104 103 103 103 104 105 106 106 105 104 105 107 108 107 107 106 106 107 108 111 114 115 115 115 117 118 120 123 127 128 128 127 124 121 117 112 106 101 95 93 93 94 93 92 93 93 92 88 85 81 75 73 72 74 77 76 73 72 72 70
128 129 129 129 129 132 134 137 137 137 137 136 135 134 131 130 130 130 130 129 128 128 127 123 121 120 119 117 116 116 115 114 113 110 107 105 103 102 101 102 103 105 106 106 105 103 103 105 106 106 105 105 105 106 108 110 113 114 114 113 114 116 117 120 122 123 123 122 119 118 115 110 105 100 96 95 95 96 97 95 94 95 93 89 86 81 75 73 72 72 74 73 72 71 72 73
126 127 127 127 129 132 134 136 136 136 136 136 134 133 130 128 128 128 128 128 127 127 126 123 121 120 119 117 115 115 115 114 113 110 108 105 102 101 101 102 102 104 105 106 105 103 102 103 104 104 104 104 105 105 108 109 112 113 113 112 112 113 115 117 119 119 119 116 115 113 111 108 103 100 97 96 96 97 98 97 95 96 94 90 86 81 75 73 72 72 72 72 72 70 70 72
125 126 126 126 129 132 133 135 135 135 135 135 134 132 129 127 126 127 127 127 127 127 126 123 121 119 118 116 114 114 114 114 113 111 109 106 102 100 100 101 102 103 104 105 105 104 101 101 102 103 102 102 104 105 108 109 111 112 112 111 111 111 113 115 116 116 116 113 111 109 108 105 102 100 99 97 97 98 98 97 96 96 95 90 86 81 76 73 72 72 72 72 73 73 71 71
124 124 125 126 129 131 133 134 133 134 134 134 133 131 128 126 124 125 125 126 126 126 125 123 120 118 117 115 113 112 113 113 113 111 110 106 102 100 100 100 101 102 103 104 104 103 100 99 100 101 100 100 102 104 107 109 110 110 110 110 109 109 111 112 112 114 114 112 110 108 106 106 104 102 100 98 98 99 99 99 98 97 96 91 86 83 78 73 72 72 73 73 74 76 76 76
123 123 125 125 129 131 132 133 132 132 132 132 131 129 126 124 123 123 124 125 126 126 125 122 120 117 116 114 112 112 112 113 113 111 109 107 102 100 100 100 100 101 102 103 103 103 100 98 98 99 98 97 100 102 105 107 109 109 109 109 107 107 108 109 109 112 114 113 110 108 108 108 107 104 100 99 99 100 100 101 98 97 94 91 87 83 79 74 73 73 72 72 74 77 79 80
122 123 124 125 128 131 132 131 130 130 130 130 129 127 125 123 121 121 122 124 125 125 125 122 119 116 115 113 111 111 111 112 112 110 107 106 102 101 99 99 99 100 101 102 102 102 99 97 97 97 96 97 100 101 102 104 107 108 107 107 105 104 106 106 108 112 113 113 111 109 110 110 108 104 101 99 99 100 102 102 99 96 93 89 85 83 80 75 74 73 72 72 73 75 78 81
121 122 123 125 128 130 131 130 129 128 128 128 127 125 124 122 120 120 120 122 124 124 124 121 119 116 115 112 110 110 110 111 110 109 107 105 102 100 99 99 99 99 100 101 101 101 99 97 96 96 96 97 100 102 101 101 103 105 105 104 103 103 104 104 108 112 113 112 109 109 110 110 106 102 100 99 99 101 102 102 99 96 93 88 84 82 80 77 75 73 71 71 71 75 79 79
120 121 123 124 127 130 130 129 127 127 126 126 126 125 123 121 119 118 118 120 122 123 123 121 119 116 115 112 110 109 109 109 109 108 107 105 103 100 98 97 98 98 99 100 100 100 98 97 96 96 96 97 100 101 100 99 100 101 102 102 101 101 101 102 106 109 112 111 107 109 111 110 105 101 99 99 99 102 103 102 99 96 92 88 84 81 80 78 76 73 71 71 71 75 79 79
118 120 122 124 127 129 129 128 127 126 125 125 125 123 122 120 118 117 117 118 119 121 121 119 117 115 113 111 109 109 109 109 109 109 108 107 105 101 98 97 97 97 98 98 99 98 98 97 96 96 97 99 100 100 99 99 98 98 99 99 99 98 98 100 103 105 108 108 106 108 111 110 105 100 99 99 99 102 103 102 99 94 90 88 84 81 80 79 76 74 71 71 71 74 79 79
118 119 121 123 126 128 128 127 127 126 125 124 123 122 121 119 117 115 115 116 117 118 119 117 117 114 112 110 108 108 108 107 108 109 109 108 105 102 98 96 96 96 96 96 97 96 96 96 96 97 100 100 100 99 98 98 97 97 97 97 97 96 96 98 100 102 105 105 104 106 109 109 105 100 98 99 99 102 104 102 98 92 89 88 84 81 80 79 76 74 71 70 70 73 78 79
117 118 120 122 126 128 129 129 128 126 124 124 122 121 119 117 115 113 113 114 115 115 116 116 116 113 111 109 108 108 107 107 107 109 109 107 105 102 97 96 96 95 95 95 95 95 95 95 95 97 98 98 98 98 97 97 96 97 97 96 96 95 94 95 97 98 101 103 102 104 107 107 104 99 98 98 98 101 103 100 95 90 88 87 85 82 80 79 76 74 71 70 70 71 74 75
116 117 120 122 125 128 130 131 129 127 124 123 121 119 117 115 114 112 111 112 113 113 114 115 115 112 110 109 108 108 106 106 107 109 109 107 104 101 97 96 96 95 95 94 94 94 95 95 95 94 93 93 94 95 95 95 94 95 95 95 94 93 92 91 92 94 98 100 100 101 104 104 102 98 97 98 98 100 101 98 92 88 87 86 85 82 81 79 76 74 72 70 69 69 70 71
115 117 120 122 125 127 130 131 130 128 125 123 120 117 115 113 111 111 110 111 111 112 113 115 115 112 110 109 108 108 106 106 106 108 109 107 103 101 97 96 96 95 95 94 94 94 94 94 93 92 91 91 91 92 93 93 93 93 93 93 92 92 91 90 90 90 94 96 96 97 100 101 98 96 96 98 98 98 97 93 88 87 86 85 84 82 81 79 76 74 72 70 69 68 68 69
115 117 120 122 125 127 129 130 130 129 125 123 119 116 114 112 110 109 108 109 109 111 112 113 114 112 110 109 108 108 108 107 106 107 108 107 104 101 97 96 96 95 95 94 94 94 93 93 92 91 91 91 91 91 91 92 92 91 91 91 91 91 90 90 89 89 91 92 93 95 98 98 96 95 96 96 96 95 93 89 87 87 86 84 84 82 81 77 75 73 71 69 69 68 68 72
114 116 120 122 125 127 128 130 130 129 125 122 118 116 113 111 109 108 107 107 107 109 111 112 113 112 111 109 108 108 108 107 106 106 107 107 104 101 97 96 96 95 95 95 94 94 93 93 92 91 91 91 91 91 91 91 91 91 91 91 91 91 91 91 88 88 88 89 90 93 95 95 94 94 95 94 94 93 89 88 87 87 86 84 84 82 80 77 74 73 71 69 69 68 71 75
