geo_cache/4-1/elevation.txt
ncols         946
nrows         918
xllcorner     -71.72222222222221
yllcorner     42.007999999999996
cellsize      1.0E-5
NODATA_value  -9999
[rows 480 to 527 of 918, columns 288 to 383 of 946]
118 112 107 105 105 106 108 110 112 111 110 110 108 106 104 100 96 92 91 90 88 86 85 82 81 78 75 74 74 74 74 74 74 74 74 74 74 75 75 75 75 76 76 78 81 85 89 93 97 98 98 98 99 100 99 98 98 99 102 105 108 111 114 118 119 118 118 119 119 119 118 121 123 127 130 134 137 139 142 143 144 145 145 147 147 148 150 153 156 158 160 163 166 168 171 174
114 111 109 109 109 109 110 110 109 109 109 109 107 106 106 104 99 94 91 89 87 85 84 82 81 79 75 74 74 74 74 74 74 73 73 73 74 74 74 75 75 75 75 75 78 83 87 91 94 96 97 97 98 99 99 97 97 98 101 105 108 110 113 116 117 117 117 118 119 118 117 120 123 127 130 133 137 139 142 144 145 146 146 147 147 148 150 152 155 157 159 162 165 167 170 171
115 114 114 112 111 109 109 109 107 106 105 105 105 105 106 105 101 95 90 88 86 84 84 82 82 80 75 74 74 74 74 74 74 73 73 73 74 74 74 75 75 75 75 75 77 80 84 88 91 94 95 95 97 99 98 96 96 97 100 104 107 109 112 114 115 115 117 118 117 117 117 119 122 126 129 133 137 139 143 144 146 147 147 148 148 148 150 151 154 157 159 162 164 166 169 171
116 117 114 112 110 108 108 107 106 105 104 104 104 104 104 104 101 94 89 87 84 83 83 83 82 80 76 74 73 73 73 74 74 73 73 73 73 74 74 75 75 74 74 74 76 79 83 86 89 92 94 94 96 97 96 95 95 96 99 103 105 108 110 113 114 114 115 116 117 116 116 118 121 126 129 133 137 140 143 145 147 147 147 148 148 148 150 151 154 156 158 161 163 165 168 169
118 118 114 112 109 108 108 106 105 105 104 104 104 102 102 101 97 92 89 86 83 83 83 83 83 81 77 74 72 72 72 73 73 73 73 73 73 74 74 75 75 74 74 74 74 78 81 84 87 90 92 92 92 94 94 94 94 95 98 101 104 107 109 111 112 113 114 115 115 115 115 117 122 127 130 133 137 140 144 147 148 148 148 148 148 148 150 151 153 155 158 160 162 165 167 169
121 117 112 110 109 108 108 106 106 106 106 105 104 101 99 97 93 90 88 85 82 82 82 82 82 82 79 75 72 72 72 72 72 73 73 73 73 73 74 75 75 75 75 74 74 76 80 82 85 88 89 90 89 91 93 93 93 94 96 99 102 104 106 108 109 111 113 114 112 113 115 118 123 127 130 133 137 140 145 149 149 148 148 147 147 147 149 151 152 154 157 159 161 164 166 168
120 115 112 109 109 108 107 107 108 109 107 106 105 102 98 94 91 89 86 84 82 82 82 81 81 81 79 74 72 72 72 71 71 71 72 72 72 73 75 76 76 76 76 76 74 74 77 80 82 85 87 87 87 88 90 90 91 92 95 97 100 101 103 104 107 109 110 110 110 112 115 120 124 127 130 133 136 140 146 149 150 148 148 146 146 146 148 150 151 153 156 158 160 163 165 167
118 115 113 112 111 108 107 106 107 108 108 109 107 103 99 95 91 88 86 84 82 81 81 81 80 79 78 73 71 71 71 71 71 71 71 71 72 73 77 78 77 77 77 76 73 73 76 79 80 83 83 84 85 86 87 87 88 90 92 95 97 98 100 101 104 106 107 108 110 113 117 121 124 126 129 132 136 140 145 149 149 148 147 145 145 145 147 147 149 152 155 157 160 162 164 165
117 117 116 113 111 108 106 106 106 106 109 111 111 104 100 96 91 87 84 83 82 81 81 80 79 76 74 71 71 71 71 71 71 71 71 71 72 73 78 81 79 79 78 75 73 73 76 78 80 81 80 80 81 82 83 84 85 88 90 92 93 95 97 99 101 103 104 107 111 114 118 121 123 126 128 132 135 140 144 148 149 148 146 144 143 144 144 144 146 150 153 155 158 161 163 164
117 118 116 112 109 106 106 108 109 107 109 112 112 105 101 96 91 87 82 81 81 81 81 81 81 77 73 71 71 71 71 71 71 71 71 71 71 73 79 82 81 79 77 75 73 73 75 76 78 79 79 79 80 80 80 81 83 85 88 89 90 92 94 95 98 100 103 107 111 114 117 119 121 125 128 132 134 138 142 146 148 147 144 143 142 141 141 142 144 148 151 154 157 159 161 163
113 113 112 108 108 105 105 108 111 109 110 114 113 105 101 96 91 87 82 81 81 81 81 82 81 78 75 73 72 71 71 71 71 71 71 71 71 74 80 82 82 80 78 77 75 73 74 76 77 79 79 80 80 80 79 79 80 82 84 86 88 89 92 94 96 100 103 107 110 112 115 118 120 124 128 131 133 135 138 143 145 145 143 141 138 138 138 138 140 144 147 152 155 158 160 161
105 106 107 108 108 105 104 108 109 108 110 114 112 105 100 96 91 86 81 81 81 81 82 83 80 77 76 76 75 74 73 72 72 72 71 71 72 76 80 82 82 81 79 79 79 77 76 77 78 79 79 80 80 80 79 79 79 80 81 83 86 88 91 93 96 99 103 106 108 111 113 116 119 121 125 128 130 131 134 139 141 141 139 137 135 133 132 134 136 139 143 150 154 156 159 160
105 105 107 108 108 104 102 107 108 104 108 113 110 103 98 94 90 85 81 80 80 81 82 83 79 75 73 73 74 75 76 75 75 75 74 73 73 77 80 82 82 82 81 81 82 81 80 80 79 79 79 80 79 79 79 79 79 80 80 82 84 87 90 92 94 97 101 104 107 110 112 114 117 118 120 123 126 128 130 134 136 136 135 133 132 130 128 130 133 136 140 147 152 155 158 160
107 108 107 107 105 101 99 102 103 100 104 108 105 99 96 92 88 83 78 78 78 79 80 80 77 74 73 72 71 71 71 73 74 75 75 75 76 77 79 81 82 82 82 82 82 82 82 82 82 82 82 81 80 79 79 79 80 81 81 82 83 84 87 90 92 94 98 101 105 107 110 112 114 116 118 120 122 125 127 130 132 132 131 130 130 127 127 128 131 134 139 145 150 154 157 160
111 109 106 104 101 99 99 98 98 97 98 100 97 95 93 89 86 82 78 78 77 77 77 77 75 74 72 72 71 70 70 70 70 70 73 74 75 76 77 79 81 82 82 82 82 82 82 82 82 83 82 82 80 80 80 80 80 82 82 83 83 84 86 88 90 91 93 96 100 104 107 109 111 113 115 117 119 121 124 127 128 128 127 127 126 124 124 127 129 133 138 142 147 152 156 160
111 107 104 101 99 98 98 98 97 97 96 95 94 94 92 88 85 82 78 78 77 76 76 75 75 74 72 72 71 70 70 70 70 70 70 70 70 72 73 74 78 81 82 82 81 81 81 81 82 82 82 82 80 80 80 81 81 82 83 84 84 86 87 89 90 91 91 93 96 100 103 106 108 110 112 115 117 119 122 124 124 124 124 124 124 123 124 125 129 132 136 141 144 149 154 159
107 104 101 99 98 98 97 98 97 97 95 95 94 92 90 87 84 81 78 78 77 76 76 75 75 74 72 72 71 71 71 70 70 70 70 70 70 71 71 74 77 81 82 81 80 78 78 80 81 82 81 81 81 81 81 81 81 82 84 85 86 87 89 90 91 91 92 92 93 96 100 103 106 109 111 113 116 117 120 122 122 123 123 123 122 122 124 125 129 131 135 139 143 147 151 156
102 100 99 98 98 97 97 98 98 97 96 95 94 91 88 86 83 81 78 78 77 76 76 76 76 74 72 72 71 71 71 71 71 71 71 71 71 71 71 74 77 81 82 81 79 78 78 78 80 80 80 80 81 81 82 82 82 82 84 86 89 90 91 93 94 94 93 93 93 95 98 100 104 106 109 111 114 116 118 120 120 121 121 121 121 122 125 126 129 130 133 137 141 144 149 153
99 99 98 98 97 96 96 98 99 99 97 96 94 91 88 85 83 81 78 78 77 76 76 75 75 74 72 72 71 71 71 71 71 71 71 71 71 71 71 74 78 81 82 81 79 77 77 77 78 79 79 79 81 82 84 84 84 82 84 86 89 91 93 95 96 96 96 95 95 97 99 101 103 105 107 109 111 114 116 118 119 119 119 119 120 122 124 126 128 130 131 135 140 144 148 151
98 99 98 97 96 95 95 97 100 102 100 97 95 91 88 85 83 82 80 79 77 76 76 75 75 74 73 72 72 71 71 71 71 71 71 71 71 72 72 75 79 82 81 80 78 76 76 77 78 78 79 80 81 82 85 85 85 86 86 87 90 92 95 96 98 98 98 98 99 101 103 105 106 106 108 109 111 112 114 116 117 117 117 118 120 122 123 125 128 130 131 134 139 143 146 149
97 98 97 96 95 94 94 95 98 101 101 100 94 91 87 85 83 83 81 80 77 76 76 75 76 77 77 73 72 71 71 71 71 71 71 71 72 72 75 78 80 82 81 80 77 75 75 76 77 78 79 80 81 81 85 85 86 89 90 92 94 97 98 99 99 100 100 100 101 103 105 107 109 109 110 111 112 112 114 115 116 116 116 118 118 120 123 126 127 129 131 133 136 141 144 148
95 96 96 95 93 92 92 93 95 96 97 96 92 88 86 84 83 83 82 81 79 77 76 76 78 80 79 76 72 71 71 71 71 71 71 71 72 74 79 82 82 82 81 80 76 75 75 76 76 78 79 79 81 81 85 86 89 92 94 97 99 101 102 103 104 104 104 103 104 106 109 111 112 112 113 114 114 115 115 115 115 116 116 117 118 120 123 126 126 128 131 133 133 137 141 147
94 95 95 94 93 91 90 92 94 94 96 95 92 88 86 84 83 83 82 82 81 77 76 76 78 80 79 75 72 71 71 71 71 71 71 71 73 77 81 83 83 82 81 80 77 75 75 76 76 78 79 79 81 82 85 88 92 95 99 100 102 104 105 107 108 108 107 106 107 111 114 115 116 116 117 117 116 116 116 117 116 116 116 117 117 119 122 124 125 127 130 132 132 134 139 144
93 94 94 94 92 90 89 90 92 94 96 96 93 89 86 84 83 83 82 82 80 77 76 75 76 77 76 74 72 71 71 71 71 71 71 73 77 81 83 84 84 82 81 81 78 76 75 76 77 78 79 79 82 85 88 91 95 98 100 103 105 106 108 109 110 109 108 108 111 114 117 120 121 121 120 120 120 120 118 119 118 118 117 117 117 117 119 121 124 126 128 130 131 133 137 141
90 93 94 93 91 89 88 88 89 91 93 96 93 91 87 84 83 83 81 81 80 77 76 74 75 74 73 73 72 72 72 71 71 71 73 76 81 83 83 83 83 82 81 80 78 77 76 76 78 79 79 80 85 90 93 96 97 99 102 105 107 108 110 110 111 110 110 112 114 117 121 125 126 126 124 123 123 123 122 121 119 119 118 117 117 117 118 118 121 124 126 128 129 132 136 138
88 90 92 91 90 88 87 87 88 89 90 92 92 92 88 84 83 83 81 81 80 77 76 73 75 75 74 74 73 72 73 72 72 72 73 78 82 82 82 82 82 80 79 78 77 77 76 76 78 80 82 84 87 92 96 98 99 100 103 106 108 110 111 112 112 112 113 115 118 122 127 131 132 130 128 126 126 126 124 122 121 120 119 119 118 118 118 118 119 121 124 126 128 130 133 136
85 87 88 88 88 87 86 86 86 87 88 90 91 90 87 84 83 83 82 81 79 77 76 74 77 80 79 77 76 76 75 72 72 72 73 75 79 81 80 81 79 77 76 77 78 77 75 76 77 80 82 84 88 92 95 98 100 102 104 106 109 111 113 115 115 114 116 119 123 127 132 135 136 135 133 131 130 129 127 125 123 122 121 120 120 121 121 120 119 120 121 124 126 128 131 134
83 84 85 86 86 86 84 84 85 85 87 89 90 89 87 84 83 83 82 82 78 76 76 78 82 83 82 81 80 78 75 73 73 73 72 72 74 75 76 78 78 78 77 78 79 78 75 76 77 80 83 85 88 92 95 99 102 104 105 107 109 112 114 117 118 119 120 122 126 131 134 136 138 138 137 136 133 131 129 127 125 124 123 122 122 123 123 122 122 121 121 124 125 127 129 132
82 82 82 84 85 84 83 83 84 85 86 88 89 88 87 84 83 83 82 82 78 75 75 80 82 83 82 82 80 77 73 74 76 75 72 72 71 71 71 73 77 79 79 79 79 78 75 76 78 81 85 89 91 94 97 100 103 106 107 110 111 114 116 119 121 122 122 124 128 131 135 136 138 139 139 138 136 133 130 128 127 126 125 124 124 124 124 124 124 123 122 124 125 127 129 129
81 81 81 82 83 83 82 83 83 84 85 86 87 87 86 84 83 83 82 82 78 75 75 76 79 82 82 81 77 73 73 78 78 75 72 72 71 71 71 73 76 78 78 78 79 78 75 76 78 83 88 91 92 95 99 102 103 106 108 111 113 116 120 122 123 124 125 126 130 132 135 137 139 140 140 138 137 134 131 129 128 127 126 126 127 126 125 126 126 125 125 125 126 128 129 130
82 81 81 81 81 81 81 82 82 83 84 85 85 86 85 84 83 82 82 82 79 76 75 74 76 79 80 79 74 73 77 81 79 75 73 72 71 71 71 73 75 77 78 79 79 77 74 76 78 82 88 91 93 95 99 102 104 107 109 112 114 118 122 125 125 126 127 128 130 133 135 137 139 141 141 139 137 135 132 131 129 128 127 127 128 128 128 127 127 126 127 128 129 131 132 131
83 82 82 81 81 81 81 81 82 82 83 83 84 84 84 83 82 81 81 81 80 77 77 75 75 78 77 75 73 76 81 81 78 75 73 73 72 72 72 74 75 77 78 79 78 76 73 75 77 81 86 89 93 95 99 102 105 108 111 113 115 119 122 125 127 128 129 130 131 134 136 138 139 140 140 139 137 136 133 132 130 130 129 129 130 130 129 129 128 128 128 129 129 131 133 133
84 84 83 82 81 81 81 81 81 81 81 82 82 83 83 83 81 80 79 80 79 77 77 75 75 76 73 72 74 80 81 79 76 75 73 73 72 72 72 74 75 76 77 77 75 74 73 74 76 80 86 90 93 95 99 103 106 109 112 115 117 120 122 126 129 130 131 131 133 135 137 138 139 140 140 139 138 138 136 134 132 131 130 130 131 131 131 130 130 130 129 129 129 131 132 132
87 87 85 83 81 81 81 80 80 80 80 80 81 82 82 82 81 80 78 78 78 75 74 73 75 74 72 73 78 81 80 77 75 75 73 73 72 71 71 72 74 75 75 73 73 74 75 75 77 82 87 90 92 95 99 103 107 111 114 117 119 121 124 127 130 131 133 133 133 135 137 137 138 140 140 140 140 140 138 136 133 132 132 132 133 133 133 133 133 132 131 130 130 130 131 131
92 91 88 84 82 81 81 80 80 80 80 80 80 82 82 82 81 80 78 77 76 73 72 72 73 72 72 77 82 81 80 77 75 75 73 72 72 71 71 70 70 71 71 72 77 77 75 76 78 83 87 89 92 96 99 103 108 113 116 119 121 123 126 129 131 133 135 136 137 136 137 137 138 140 141 142 142 141 138 135 133 133 133 133 133 134 134 134 134 134 133 132 131 131 131 131
99 95 91 87 83 82 81 80 80 80 80 80 80 81 81 81 80 80 78 77 75 72 72 72 72 72 76 81 82 81 80 78 77 76 73 71 71 71 71 71 70 71 71 71 77 76 75 75 78 82 87 89 93 98 102 106 110 115 118 120 123 125 127 130 132 134 137 140 141 140 138 138 138 140 141 143 142 140 137 134 133 133 133 133 133 133 135 135 135 134 134 132 132 131 130 130
105 99 92 89 87 84 82 81 80 80 80 80 80 80 81 81 81 80 78 77 75 73 74 76 75 75 80 82 83 81 80 79 79 76 72 71 71 72 73 73 73 71 71 72 77 77 75 74 77 82 87 89 94 99 104 108 112 116 119 122 125 127 129 132 133 135 138 141 141 141 140 139 139 140 140 141 141 138 135 133 132 132 132 132 132 133 135 136 135 134 134 132 132 130 130 129
106 101 95 93 90 86 83 82 81 81 80 80 80 79 80 80 81 80 79 78 76 75 75 77 79 79 82 83 83 81 80 79 77 76 73 72 74 76 77 78 77 72 71 73 77 77 74 74 78 82 87 89 93 98 104 108 113 118 121 123 126 129 131 133 135 136 138 139 140 141 141 140 140 140 140 139 138 136 134 132 131 131 131 131 131 133 134 136 135 134 133 132 131 129 128 128
112 107 100 98 96 91 87 83 81 81 80 80 80 79 79 79 80 80 80 79 78 76 76 77 81 82 83 83 83 82 81 80 77 76 75 77 80 79 77 75 73 71 71 75 77 75 73 74 78 82 87 90 93 98 104 108 114 118 121 124 127 129 132 134 136 137 139 140 142 143 143 143 143 141 141 139 137 135 132 130 130 130 130 130 130 131 133 135 133 132 130 129 129 128 127 127
118 112 105 102 100 97 91 85 81 81 81 81 80 80 79 79 79 80 80 79 78 79 79 80 82 82 82 82 82 83 83 82 80 75 73 77 80 78 74 71 71 71 71 75 75 73 73 75 79 82 87 92 96 101 105 110 114 119 121 124 127 129 133 135 136 139 141 143 144 145 144 143 142 141 140 139 136 132 130 129 128 127 127 127 127 128 131 131 131 128 127 127 127 127 127 127
116 111 106 104 103 100 96 88 82 82 82 82 82 82 82 80 79 79 79 79 79 81 81 82 82 83 81 81 82 82 82 82 81 75 71 73 76 76 74 71 71 71 71 72 73 73 73 77 80 86 91 94 98 101 106 111 115 119 121 124 127 129 133 135 135 139 141 143 145 145 143 142 141 141 140 137 134 132 129 128 127 126 126 126 126 126 127 127 127 127 127 127 127 127 127 127
113 110 106 104 103 101 97 89 82 82 82 82 83 84 84 81 79 79 79 79 79 82 82 83 83 83 81 80 81 81 81 82 80 74 71 71 75 76 73 71 71 71 72 72 74 73 74 77 80 86 91 94 98 102 106 111 116 119 122 125 127 130 133 135 135 138 141 143 145 145 143 141 141 140 139 137 133 131 129 128 127 126 126 125 125 125 126 126 127 127 127 126 126 127 127 127
106 105 104 103 102 101 97 89 83 82 82 82 84 87 88 85 81 79 79 79 79 82 82 83 83 82 78 76 79 79 78 80 78 74 71 72 73 73 72 71 71 71 72 74 74 74 74 76 78 84 91 95 98 103 108 113 116 119 123 126 128 131 133 135 135 138 140 143 144 143 142 140 140 139 138 136 133 130 128 128 127 127 126 125 125 125 126 126 127 127 127 126 126 126 126 126
103 103 103 102 100 98 95 88 83 82 81 82 84 87 88 85 82 81 79 79 79 81 81 83 83 82 77 74 75 74 74 76 76 75 75 76 73 71 71 72 73 75 75 75 74 73 73 75 77 84 92 96 100 104 109 114 117 121 124 126 129 131 133 135 135 138 140 141 143 142 140 138 137 137 135 132 130 129 129 129 129 129 128 126 125 125 126 127 127 127 127 126 126 126 126 126
99 100 100 99 99 97 92 86 82 81 81 81 82 85 86 84 82 80 79 79 79 81 81 82 82 82 78 73 73 74 74 76 77 78 79 76 72 71 71 73 77 77 75 74 72 73 74 76 78 86 93 97 101 105 109 114 117 122 124 126 130 131 134 135 135 137 138 139 140 139 137 135 134 132 131 129 128 128 129 130 131 130 128 126 126 126 127 129 130 129 127 126 126 126 126 126
95 95 96 96 95 94 91 86 82 81 81 81 81 82 82 82 81 79 79 79 79 80 81 82 82 81 78 73 72 73 75 76 77 78 76 74 71 71 71 75 77 75 72 72 72 74 76 78 83 90 94 98 101 104 109 114 117 122 124 126 129 131 133 135 135 137 137 137 137 135 134 132 131 130 129 128 127 127 128 130 132 132 128 127 127 128 129 131 132 130 127 126 126 126 126 126
93 93 92 92 92 91 90 86 82 81 81 81 81 81 81 80 79 79 79 79 79 79 80 81 81 80 77 73 72 73 74 75 77 76 73 73 72 71 71 74 74 72 72 72 73 74 77 82 88 93 97 99 101 105 110 114 117 121 124 126 128 130 132 135 135 137 137 136 135 134 132 131 130 129 129 128 127 127 127 129 132 132 131 128 128 130 132 134 134 132 129 126 126 126 126 126
90 91 90 90 90 89 87 85 82 81 81 82 81 80 80 80 79 79 78 78 78 79 79 80 79 76 75 73 72 73 73 73 74 74 74 73 72 71 71 72 72 72 73 72 72 74 77 84 90 95 99 101 103 106 110 114 117 120 123 125 128 129 132 135 136 137 137 136 134 133 131 130 129 129 129 128 127 126 127 128 130 131 130 129 129 130 133 135 136 133 129 127 126 126 126 126
