geo_cache/5-2/elevation.txt
ncols         942
nrows         918
xllcorner     -71.37777777777778
yllcorner     42.256
cellsize      1.0E-5
NODATA_value  -9999
[rows 780 to 839 of 918, columns 96 to 191 of 942]
67 67 67 66 65 64 65 67 70 71 72 75 77 77 77 76 76 76 76 75 74 72 69 66 64 64 63 62 62 61 60 59 58 56 52 51 50 49 50 52 52 52 52 53 55 57 57 52 51 50 50 52 54 57 61 64 65 62 60 58 51 48 48 48 48 48 47 47 44 41 38 38 39 39 38 36 36 36 36 36 36 36 36 36 36 34 34 35 37 42 45 45 45 44 43 42
69 69 68 67 65 63 63 65 69 69 69 72 76 76 77 77 77 77 77 76 74 71 68 65 63 62 61 61 60 60 60 59 58 54 50 50 51 52 53 55 55 55 55 54 55 57 55 52 51 51 53 55 58 62 65 66 65 65 62 57 50 47 47 47 47 47 48 48 48 45 39 38 38 38 38 36 36 36 36 36 36 35 35 34 34 33 33 34 36 41 44 45 45 45 43 42
70 69 69 68 66 63 63 65 68 68 68 72 75 76 77 77 77 77 77 77 74 71 68 64 63 61 60 60 60 60 59 59 56 53 50 50 52 55 57 58 58 57 56 55 55 55 53 51 51 52 54 57 61 65 67 67 66 66 62 55 49 47 47 47 47 47 48 49 49 47 40 38 38 38 38 37 37 36 36 36 36 35 34 33 33 33 33 34 36 40 43 45 46 46 44 42
70 70 70 69 68 65 63 63 65 67 67 70 75 76 77 77 76 76 77 77 73 70 67 64 62 61 60 59 58 59 59 57 54 53 53 53 56 59 60 60 58 56 54 54 53 52 52 51 51 53 56 60 64 68 68 68 67 66 61 55 51 47 46 46 46 46 47 48 48 47 42 38 38 38 38 38 38 37 36 35 34 34 33 33 33 33 33 33 35 38 41 42 44 44 43 42
71 71 70 70 69 68 65 62 62 64 66 70 74 76 77 77 75 75 76 76 72 69 65 63 62 61 60 59 58 57 57 55 54 55 56 58 60 63 64 61 57 54 52 52 52 52 52 52 53 55 59 64 68 70 71 70 69 66 62 58 53 48 46 46 45 44 45 46 47 47 44 39 38 38 38 38 38 37 36 35 34 33 33 33 33 33 33 33 33 35 37 37 39 39 39 39
71 71 71 71 70 69 67 64 62 62 64 69 72 75 76 76 75 73 74 75 71 68 64 63 62 62 62 61 59 57 56 55 56 58 60 61 62 64 64 60 56 53 52 52 52 52 52 52 54 58 63 68 70 72 71 69 68 66 64 59 55 50 48 48 46 44 44 44 45 45 45 42 39 38 38 38 38 38 36 36 35 33 33 33 33 33 33 33 33 33 34 35 35 36 36 37
72 70 70 69 69 69 67 66 63 62 63 67 72 74 74 74 73 72 72 72 69 66 63 63 63 63 62 62 61 59 59 59 60 61 61 61 62 62 60 57 53 52 52 52 52 53 54 55 57 62 67 70 71 71 69 67 65 64 62 58 55 52 50 49 48 45 44 44 44 43 42 42 40 39 40 39 39 38 38 37 37 34 33 33 33 33 33 33 33 33 33 33 34 35 35 35
74 72 69 67 66 66 67 66 64 62 63 68 73 73 72 71 71 70 69 69 66 64 63 63 64 64 64 64 63 62 63 64 64 62 60 58 58 57 56 53 53 54 54 54 55 56 57 58 60 64 69 71 71 71 71 69 67 66 64 62 59 56 54 52 50 47 46 44 44 43 41 40 40 41 41 41 40 39 39 37 37 34 33 33 33 33 33 33 33 33 33 33 33 33 33 33
74 72 69 64 62 62 64 64 63 61 63 69 73 73 71 70 69 68 67 66 65 64 64 64 65 65 65 65 65 65 66 67 65 63 59 56 54 53 54 54 56 56 56 57 59 60 61 62 62 65 69 71 72 72 73 73 73 72 69 67 63 60 58 56 53 50 49 47 44 43 41 40 40 40 40 41 42 41 39 37 36 33 33 33 33 33 33 33 33 33 33 33 33 33 33 33
73 69 66 62 59 59 60 61 61 61 63 69 72 71 70 69 68 67 65 65 64 64 65 66 67 67 67 67 67 67 67 67 65 62 57 53 54 55 56 57 58 58 60 63 64 65 65 65 65 67 70 71 73 74 75 77 77 76 73 71 67 64 62 59 55 52 51 49 46 43 42 41 41 40 40 39 41 41 39 37 36 33 33 33 33 33 33 33 33 33 33 33 33 33 33 33
70 65 62 60 58 59 61 62 61 62 65 68 69 70 69 68 68 66 65 65 65 65 67 68 68 68 68 68 68 68 67 65 63 62 57 54 56 58 60 60 62 63 66 68 69 69 69 68 68 70 73 74 75 76 78 80 80 79 76 74 71 69 66 62 58 54 52 51 49 46 45 44 44 43 42 40 40 41 40 40 39 36 33 33 33 33 33 33 33 33 33 33 33 33 33 33
66 62 60 59 59 62 64 66 66 66 66 68 68 68 68 67 66 65 65 64 65 66 67 67 68 68 68 67 67 66 64 62 60 60 59 58 59 61 63 67 69 70 73 72 73 73 72 71 71 74 76 77 76 78 80 82 83 81 78 77 75 73 71 66 61 57 55 54 52 50 49 47 47 46 45 44 42 41 41 41 42 38 33 33 33 33 33 33 33 33 33 33 33 33 33 33
64 60 59 59 59 63 68 70 70 70 69 68 68 68 67 66 65 65 65 64 65 65 65 64 65 66 66 65 64 63 60 60 60 60 60 60 61 64 70 73 74 75 76 76 76 75 75 75 75 76 79 79 78 79 80 82 83 83 80 78 78 75 72 68 64 60 58 56 55 53 52 51 50 50 49 49 47 44 42 42 41 39 36 36 35 34 33 33 33 33 33 33 33 33 33 33
62 59 58 58 60 65 71 73 74 73 72 68 68 68 67 67 66 65 65 64 63 62 61 60 61 62 63 62 61 61 60 60 60 60 60 61 63 67 73 75 77 78 79 79 79 78 77 77 77 77 80 80 79 79 80 81 84 84 81 80 80 76 72 69 66 64 60 57 56 54 55 57 55 53 53 53 52 50 47 44 43 39 38 38 37 34 33 33 33 33 33 33 33 33 33 33
61 58 58 58 60 66 71 73 74 74 72 68 68 68 68 67 66 65 64 62 60 59 57 57 57 58 59 60 61 61 60 60 61 61 62 64 65 69 73 77 80 81 82 82 82 81 80 78 78 78 80 80 80 80 80 81 84 84 83 82 81 78 74 70 68 66 62 59 57 57 57 58 58 55 55 56 56 55 53 51 49 42 39 38 36 34 33 33 33 33 33 33 33 33 33 33
60 58 58 58 60 64 69 71 72 71 71 68 67 67 67 67 66 64 61 60 58 56 55 54 54 56 58 60 60 61 61 61 62 63 65 66 68 70 75 79 81 82 84 85 85 84 82 80 79 79 81 81 81 80 80 81 83 85 85 84 84 80 75 72 71 69 65 61 59 58 58 59 58 56 56 58 60 61 60 59 56 45 39 38 36 34 33 33 33 33 33 33 33 33 33 33
58 58 58 58 59 61 66 68 69 69 69 68 67 67 67 67 65 62 59 57 55 55 55 55 55 56 58 59 59 60 61 62 64 65 67 69 71 73 77 80 82 83 85 86 87 86 84 83 82 82 82 83 82 81 80 80 82 86 88 88 87 81 75 74 73 72 68 63 60 59 59 59 60 59 58 60 64 65 63 61 58 48 39 38 35 33 33 33 33 33 33 33 33 33 33 33
57 58 58 58 58 59 63 65 66 68 68 67 66 65 65 64 62 59 56 54 55 55 55 56 56 57 58 59 59 59 61 63 66 67 69 71 73 75 77 80 82 83 84 86 87 86 85 84 84 84 83 83 82 82 80 79 81 87 89 88 86 81 75 74 74 73 71 64 60 59 59 60 63 63 63 62 63 64 62 59 56 47 39 37 33 33 33 33 33 33 33 33 33 33 33 33
57 57 57 57 58 59 60 61 63 65 66 64 63 62 62 61 59 56 54 54 56 58 57 57 58 58 58 59 59 59 60 63 67 67 69 72 74 76 77 79 81 81 83 84 86 86 85 85 85 85 84 83 82 82 81 78 78 84 87 87 84 80 74 72 71 70 69 64 60 59 60 63 66 67 66 65 61 60 59 57 54 46 39 37 33 33 33 33 33 33 33 33 33 33 33 33
57 57 57 57 58 59 59 59 60 62 63 61 61 59 58 56 55 54 54 54 57 58 58 58 58 59 59 60 59 59 59 62 66 67 69 72 74 75 76 77 79 80 82 83 85 86 86 86 86 86 84 84 83 81 80 77 77 80 84 87 85 79 73 70 68 66 65 61 60 60 62 65 69 69 68 67 61 56 56 54 51 45 39 37 33 33 33 33 33 33 33 33 33 33 33 33
56 57 57 57 57 58 57 57 59 59 59 58 58 56 54 55 55 55 55 55 57 58 58 58 58 59 61 62 61 60 60 62 65 68 71 73 74 75 76 77 79 79 81 83 85 85 84 83 85 85 85 84 83 80 78 76 76 77 81 85 85 79 74 70 67 66 62 59 59 60 62 65 70 70 70 68 62 55 52 50 48 42 39 35 33 33 33 33 33 33 33 33 33 33 33 33
55 56 57 57 57 57 57 57 57 56 56 56 57 55 54 56 56 56 56 56 57 59 59 59 59 60 62 62 62 61 62 63 65 69 72 75 76 76 77 77 79 79 80 82 84 83 81 81 84 86 86 85 83 80 77 75 75 75 78 82 82 78 74 70 68 66 63 59 58 60 62 62 67 70 70 68 62 54 49 46 44 41 36 33 33 33 33 33 33 33 33 33 33 33 33 33
54 54 55 54 54 55 55 55 54 54 55 56 56 55 55 56 57 57 58 57 58 59 59 59 59 60 61 63 63 63 63 64 66 69 74 76 78 79 79 79 79 80 80 81 81 81 80 80 81 84 86 85 84 80 77 74 73 74 75 78 79 77 72 69 67 65 64 61 57 57 59 59 63 67 67 63 58 52 46 43 42 39 35 33 33 33 33 33 33 33 33 33 33 33 33 33
52 52 53 53 54 54 54 54 54 54 55 57 56 56 56 57 58 58 59 58 58 59 59 59 59 60 61 63 63 64 64 65 67 69 73 76 79 80 80 80 80 80 80 78 78 79 79 80 80 81 83 84 84 81 78 75 72 71 72 74 75 74 69 66 65 63 62 61 57 55 56 57 59 63 61 57 52 48 44 41 40 38 34 33 33 33 33 33 33 33 33 33 33 33 33 33
52 52 53 53 54 54 54 54 54 54 56 56 56 56 56 57 58 59 59 58 58 59 59 59 59 60 62 64 65 65 65 65 67 69 72 73 76 78 79 79 79 79 78 77 77 78 79 80 80 80 82 83 83 82 79 75 72 70 68 70 70 70 66 64 62 62 60 58 56 53 52 53 55 56 56 52 48 44 42 40 40 37 33 33 33 33 33 33 33 33 33 33 33 33 33 33
53 53 53 53 54 54 54 54 54 54 55 55 55 55 56 56 56 57 57 57 57 58 60 60 60 61 63 64 65 66 66 66 68 69 71 72 73 75 76 77 77 77 77 77 77 78 79 80 81 81 82 82 81 80 78 75 72 69 67 66 66 65 63 61 60 58 57 55 54 52 49 49 50 51 51 48 45 42 41 40 40 37 34 33 33 33 33 33 33 33 33 33 33 33 33 33
54 54 54 54 54 54 54 54 54 54 55 55 55 55 55 56 56 56 56 56 56 57 59 59 60 61 63 65 65 66 67 67 68 69 70 70 72 74 75 75 75 75 75 75 76 77 78 81 82 83 83 83 83 81 79 76 72 70 67 66 65 64 62 61 59 56 55 54 51 50 48 47 47 47 47 45 43 41 40 39 39 37 34 33 33 33 33 33 33 33 33 33 33 33 32 35
55 55 55 55 55 55 55 55 55 55 55 55 55 55 55 55 56 56 56 56 56 56 56 58 59 61 63 64 65 66 67 68 68 68 68 67 68 70 71 71 73 74 74 73 74 75 76 80 82 83 84 85 85 84 80 77 75 73 70 69 69 68 66 64 61 59 56 53 51 50 48 46 45 45 46 44 42 40 40 39 39 37 34 33 33 33 33 33 33 33 33 33 33 33 32 37
55 55 55 55 55 55 55 55 55 55 55 55 55 55 55 55 55 55 55 55 55 55 56 57 58 60 61 63 65 66 68 67 67 66 66 65 65 66 67 68 71 72 73 72 71 72 74 77 80 83 85 85 85 84 81 77 76 74 72 70 70 70 69 67 65 63 59 56 53 52 50 47 44 43 43 43 41 40 39 38 38 36 34 33 33 33 33 33 33 33 33 33 33 33 34 40
55 56 56 56 56 56 56 56 56 56 56 56 56 56 55 55 55 55 55 55 55 55 56 56 57 58 59 60 62 64 66 66 66 66 65 65 65 65 66 67 70 70 71 71 71 71 71 73 76 80 82 82 81 80 78 76 74 74 72 71 71 72 72 71 69 67 63 60 57 56 52 47 44 42 41 41 40 39 39 38 38 35 33 33 33 33 33 33 33 33 33 33 33 33 40 44
56 55 55 55 55 56 56 56 56 56 56 56 56 56 55 56 55 55 55 55 55 55 56 56 56 58 59 60 61 61 64 66 66 66 65 64 64 65 66 68 70 70 71 71 71 70 70 70 74 77 79 79 78 76 74 73 73 73 72 72 74 75 76 76 74 71 67 64 60 58 54 48 44 42 40 39 39 39 39 38 37 34 33 33 33 33 33 33 33 33 33 33 33 35 44 45
55 55 54 54 54 57 60 59 57 57 58 57 56 56 56 56 55 55 55 55 55 55 56 56 59 61 62 64 64 64 65 66 66 66 66 64 64 65 67 69 70 70 71 71 71 70 69 69 72 75 76 76 75 74 73 73 73 73 72 72 75 77 81 81 79 76 72 68 64 61 57 51 44 42 40 39 39 38 38 37 36 33 33 33 33 33 33 33 33 33 33 35 41 42 45 45
55 54 54 54 54 59 62 62 59 59 60 59 58 57 57 56 56 56 55 55 55 56 56 57 60 62 65 67 68 68 68 68 69 67 65 64 64 65 68 70 71 71 71 71 71 70 69 68 70 72 74 74 74 74 73 73 73 76 74 73 74 78 82 84 85 83 77 72 69 65 60 54 47 44 42 40 39 38 38 36 35 33 33 33 33 33 33 33 33 33 34 42 45 45 46 46
55 54 54 54 54 59 62 62 61 61 61 60 60 59 59 58 57 56 56 55 55 56 57 59 61 63 66 68 69 70 70 70 70 69 66 64 64 65 69 72 72 72 71 71 71 69 68 66 67 69 71 73 75 75 76 76 76 76 75 73 74 75 80 84 86 87 83 77 73 68 63 58 52 48 45 42 40 38 37 36 35 33 33 33 33 33 33 33 33 35 41 45 46 46 46 46
56 55 54 53 53 58 62 63 63 63 63 62 62 61 60 60 59 57 56 55 55 55 57 59 61 64 66 68 69 70 71 72 72 72 70 68 66 68 72 74 74 73 73 72 71 71 69 65 64 66 69 73 75 77 80 79 78 77 75 74 74 74 77 81 84 87 87 82 77 71 67 62 57 53 46 43 40 38 37 35 33 33 33 33 33 33 33 33 40 43 45 46 47 47 47 47
56 55 54 53 53 57 60 62 63 64 64 63 62 62 61 60 60 59 57 56 55 55 55 56 59 62 64 66 67 70 72 73 73 74 75 72 69 69 72 74 74 74 74 73 72 72 70 67 63 64 67 70 74 78 80 79 78 77 76 75 74 74 76 78 81 85 87 86 81 74 69 64 61 56 49 44 41 38 37 35 34 33 33 33 33 33 33 38 44 45 46 46 46 46 46 46
56 55 53 53 53 55 56 60 63 64 64 64 63 63 62 61 61 60 59 58 55 55 55 55 55 58 60 62 66 69 72 74 75 77 78 76 73 70 72 73 74 74 74 74 73 72 71 68 63 62 63 67 73 76 78 77 77 76 76 74 73 73 73 75 77 81 84 86 82 77 72 66 62 58 52 47 42 40 37 35 35 33 33 33 33 35 37 42 45 45 46 46 46 46 46 46
56 55 53 53 53 54 55 57 61 63 64 64 63 63 64 65 64 62 61 59 57 55 55 55 55 55 57 59 64 70 73 76 78 81 82 81 77 73 71 71 71 71 71 73 73 71 70 68 64 60 60 64 69 72 74 73 73 73 73 73 72 72 71 72 73 77 81 82 82 79 74 69 64 60 55 49 44 41 38 36 36 33 33 33 38 39 39 43 45 46 46 45 45 45 45 45
55 54 53 53 53 54 55 55 58 60 62 64 64 65 66 66 66 65 63 61 59 56 55 55 55 55 56 58 61 69 74 78 81 84 86 86 82 77 72 71 69 68 68 70 70 68 67 67 64 60 58 61 65 67 69 70 71 71 72 72 72 71 70 69 71 73 77 80 82 80 76 71 66 61 57 51 45 42 40 37 37 37 35 36 41 40 40 44 45 46 46 45 45 45 45 44
55 54 53 53 53 53 53 54 56 59 62 64 64 66 68 69 69 69 67 63 61 58 56 56 56 56 56 57 59 66 73 79 83 87 89 90 86 81 75 71 68 67 65 66 66 65 64 64 64 60 57 58 61 63 65 66 69 70 70 70 70 70 69 68 69 71 73 77 80 80 77 72 67 62 58 52 47 44 41 38 40 43 41 40 40 39 41 45 46 46 46 45 45 45 44 43
54 54 53 53 53 53 53 54 55 59 62 64 64 66 68 70 70 71 71 68 64 60 59 59 58 57 57 57 58 63 70 77 84 88 92 94 91 85 78 72 68 66 63 63 63 63 62 62 63 61 56 56 57 58 59 63 69 70 68 68 68 69 68 67 67 68 70 73 77 79 78 73 68 63 59 53 48 45 42 39 41 44 43 41 40 39 42 45 46 46 46 45 45 45 44 43
54 54 54 54 53 53 53 53 55 58 61 63 63 65 66 68 72 74 73 72 68 64 62 61 60 60 59 58 58 61 67 73 81 88 93 96 93 88 80 73 68 65 63 63 63 61 60 60 61 61 58 55 55 55 56 60 66 69 68 68 67 66 66 65 65 66 67 69 73 76 76 73 69 64 60 54 48 45 42 40 40 42 42 42 41 41 42 44 45 45 46 45 45 45 44 43
54 54 54 54 54 53 53 53 54 57 60 61 62 63 64 67 72 74 74 73 71 68 65 62 62 62 62 60 59 60 65 70 78 86 91 94 93 89 82 75 67 64 62 63 63 63 60 59 59 59 58 55 55 55 55 59 64 68 68 68 66 64 64 64 64 65 65 66 68 72 73 72 69 64 60 55 48 45 43 40 40 41 42 42 43 43 43 44 44 45 46 45 45 45 45 44
54 54 54 54 53 52 52 52 53 56 59 60 61 62 63 66 70 73 74 74 72 70 68 64 64 64 64 63 63 62 65 68 76 84 89 91 90 88 83 77 69 65 60 60 61 63 61 58 57 56 56 55 54 54 55 57 62 66 66 66 64 62 61 63 64 65 65 65 65 68 69 69 67 64 59 54 48 45 43 41 40 41 42 43 43 44 44 44 44 45 45 45 45 45 45 45
54 54 54 54 53 52 52 52 53 55 58 58 59 60 62 66 70 73 74 74 72 70 68 66 65 66 65 65 65 64 65 67 73 81 86 88 88 86 83 78 71 67 60 58 58 59 59 57 57 55 53 53 54 54 54 56 58 61 62 62 61 61 61 64 67 67 67 65 62 63 65 65 64 61 58 53 48 45 43 42 42 43 43 43 44 44 45 45 45 45 44 44 44 44 44 44
53 53 53 53 53 52 52 53 53 56 57 58 59 59 62 66 70 73 74 74 72 70 68 67 66 66 66 66 66 66 66 67 72 78 83 86 87 85 82 78 73 69 62 58 58 58 56 56 56 55 53 53 55 55 55 56 57 58 59 60 61 61 62 66 68 68 67 62 59 58 60 61 60 58 55 52 47 44 44 44 43 43 42 42 43 43 44 44 44 44 44 43 43 41 41 42
53 53 53 53 53 53 53 54 54 56 56 57 59 59 62 66 70 72 73 72 71 69 68 68 67 66 66 67 67 68 68 69 72 76 80 83 85 84 82 78 73 69 63 60 61 59 56 55 54 54 53 54 56 56 56 57 59 60 61 60 61 61 64 67 68 67 65 60 56 55 55 56 55 54 52 49 46 44 44 42 40 39 38 38 40 41 43 43 43 43 43 42 42 41 41 41
53 53 53 53 53 53 54 54 55 55 56 57 59 60 62 66 68 71 72 72 70 69 68 68 68 66 65 66 67 69 70 71 73 74 77 81 82 82 80 77 73 69 64 61 61 60 58 55 53 52 52 53 56 57 58 59 60 63 65 62 60 62 64 65 64 64 62 58 54 52 51 51 52 50 48 46 44 43 42 41 40 38 38 38 39 40 43 43 43 42 42 41 40 39 40 41
53 53 53 53 54 54 54 55 56 56 56 57 59 60 62 64 66 69 71 72 71 70 69 69 69 66 64 65 67 69 71 72 73 73 75 78 79 79 77 75 72 69 64 61 59 60 59 56 53 52 52 53 54 57 58 59 61 64 65 62 59 58 60 60 59 59 58 54 51 49 48 48 48 46 45 43 41 39 38 39 38 38 38 39 41 41 42 42 42 42 40 39 38 38 38 39
55 55 55 54 54 54 55 56 58 59 57 57 59 59 60 62 65 69 71 71 71 70 70 70 69 66 64 65 67 69 72 73 74 74 74 75 76 76 75 74 70 68 63 59 57 57 57 56 53 52 52 52 54 56 56 57 58 59 61 60 57 55 55 57 56 55 54 51 49 47 46 46 45 44 44 43 40 38 38 38 38 38 38 39 41 41 41 41 40 40 39 37 37 37 37 37
59 58 56 55 55 55 57 60 61 62 61 59 59 59 59 63 66 69 70 71 71 70 70 70 68 65 65 65 67 69 72 74 74 74 74 74 75 74 74 72 69 66 62 59 56 56 56 55 52 52 52 52 52 53 54 55 55 57 57 57 56 54 52 53 53 51 49 47 45 45 45 44 43 43 43 43 41 38 38 38 38 38 38 38 39 39 40 40 38 37 36 36 36 36 35 36
63 62 59 56 56 56 59 62 63 64 65 63 60 59 61 64 67 69 69 70 70 70 69 68 66 64 64 65 67 69 72 74 74 74 74 74 74 73 73 71 68 67 62 58 56 56 55 54 52 52 52 51 51 51 51 53 54 54 54 54 55 53 51 49 48 47 45 45 45 44 42 41 41 42 42 42 41 38 38 38 38 38 37 37 37 37 37 37 36 36 36 36 35 35 33 33
66 63 60 58 57 57 60 63 64 64 65 65 62 60 61 64 65 66 67 68 69 69 68 66 64 64 64 66 68 70 73 75 75 75 74 74 74 73 73 71 69 68 63 58 57 56 56 55 53 52 52 51 51 51 51 51 52 53 53 53 54 53 50 47 45 45 45 44 44 42 41 41 41 41 42 42 40 38 38 38 38 38 37 37 36 36 36 36 36 36 36 36 35 35 33 33
69 66 63 59 59 59 60 62 66 68 68 67 66 64 62 62 62 62 63 66 67 66 64 62 63 64 66 68 70 71 73 73 73 73 73 73 73 73 73 72 69 68 65 62 60 59 58 56 54 53 53 53 52 52 51 50 50 51 51 52 53 52 50 46 45 45 44 43 41 39 38 39 40 41 42 41 39 38 38 38 38 38 38 37 36 36 36 36 36 36 36 36 35 35 35 36
72 69 66 62 63 64 62 61 66 70 70 68 69 69 66 61 61 62 62 64 64 63 61 61 63 65 68 70 71 71 73 73 73 73 73 72 72 73 73 72 71 70 65 63 61 60 60 59 57 55 55 55 54 54 52 50 49 49 50 52 52 51 48 45 45 45 43 41 38 37 37 38 40 41 42 40 38 38 38 38 38 38 38 37 36 36 36 36 36 36 36 36 36 36 36 36
73 70 67 64 64 66 63 61 63 67 68 68 69 69 67 61 61 62 63 63 62 62 63 63 63 66 68 70 71 72 72 72 73 73 73 72 72 73 73 72 71 71 68 65 63 62 62 62 61 59 59 59 57 56 55 52 49 49 50 52 51 49 45 45 45 44 41 39 38 37 37 38 40 41 41 40 38 38 38 38 38 38 37 37 36 36 36 36 36 36 37 36 36 36 36 36
73 70 67 65 65 65 63 62 62 66 67 68 69 69 66 61 61 63 64 63 62 62 64 64 64 66 67 69 70 71 71 72 72 72 72 72 72 72 72 72 72 71 69 66 64 63 63 63 62 61 61 60 58 57 56 53 49 48 50 51 50 47 45 45 44 43 40 38 38 37 37 38 40 40 41 40 38 38 38 38 38 38 38 38 37 37 36 36 36 37 37 36 36 36 36 36
72 69 66 64 62 62 61 59 61 63 65 67 68 67 65 60 59 59 61 62 62 62 64 65 64 65 65 65 66 67 69 71 72 72 72 71 71 71 71 72 72 71 69 67 65 65 65 66 66 65 65 65 63 60 58 54 50 47 47 47 46 45 44 44 42 39 38 38 37 36 37 40 40 40 41 40 39 38 38 38 38 38 38 38 37 37 37 37 37 37 37 36 36 36 35 33
72 68 64 61 59 58 58 56 57 60 62 65 65 63 61 59 59 59 60 62 63 64 65 66 68 68 66 66 66 66 67 69 70 71 71 71 70 70 71 71 72 71 69 68 67 67 67 68 69 68 68 68 66 63 60 56 52 46 44 45 45 44 44 42 40 38 37 37 37 38 40 42 41 41 41 41 39 39 39 38 38 38 37 37 37 37 37 36 36 36 36 35 35 33 32 32
68 67 63 59 57 57 56 56 56 57 58 60 60 59 58 59 59 59 60 62 64 65 66 68 70 71 70 70 70 70 68 68 68 69 69 69 70 69 69 70 71 71 70 69 70 69 69 70 71 70 70 69 67 65 61 56 52 46 44 44 44 43 41 40 39 38 37 37 37 39 41 42 42 42 42 42 39 39 39 38 38 38 37 37 37 37 36 36 36 36 36 34 33 33 32 32
