geo_cache/5-2/elevation.txt
ncols         942
nrows         918
xllcorner     -71.37777777777778
yllcorner     42.256
cellsize      1.0E-5
NODATA_value  -9999
[rows 360 to 419 of 918, columns 96 to 191 of 942]
50 50 50 50 50 49 50 54 58 59 60 60 60 60 59 58 57 55 52 52 53 54 58 64 71 79 83 84 82 79 76 72 68 63 61 60 59 59 59 60 60 60 62 62 64 65 66 67 67 68 71 73 75 76 74 71 67 62 59 57 56 56 56 57 58 62 66 66 63 60 56 52 52 52 52 52 53 55 56 56 57 58 59 60 61 62 64 64 62 60 57 54 53 51 49 49
50 51 51 51 51 50 52 57 58 59 60 60 60 60 60 58 57 56 54 53 53 54 58 63 71 79 82 81 79 77 75 72 68 64 61 59 59 59 59 59 60 60 62 62 63 65 66 67 67 68 71 73 76 76 75 71 67 62 59 57 56 56 57 57 58 63 66 65 62 59 56 52 52 52 52 53 54 56 56 57 57 58 59 59 61 63 65 64 64 63 60 58 57 52 49 49
52 52 53 54 54 54 56 58 58 59 59 59 60 60 59 58 57 57 57 56 55 55 57 61 69 77 79 78 76 75 74 72 68 65 61 59 59 59 59 59 60 60 62 62 63 65 66 67 67 68 70 72 75 76 74 71 67 61 58 57 56 56 57 57 59 63 65 63 60 58 55 52 52 53 54 54 56 57 57 58 58 58 59 59 61 63 65 65 65 64 61 60 59 52 49 49
54 55 56 56 56 56 57 58 58 59 59 59 60 60 59 58 57 58 58 57 56 56 57 59 65 73 75 75 73 72 71 71 68 65 62 59 59 59 59 59 60 60 62 63 64 65 66 66 66 68 69 70 72 72 73 72 66 60 58 57 56 56 57 57 59 62 64 62 59 57 54 52 52 54 56 56 57 58 58 58 59 59 59 61 62 64 66 67 66 64 62 60 57 51 49 49
56 58 58 57 57 57 57 58 58 58 58 59 59 59 59 57 57 58 58 58 58 58 58 58 60 67 71 71 70 69 68 68 67 65 62 60 59 59 59 59 60 61 62 63 63 64 63 63 65 66 67 68 69 71 73 72 64 59 58 57 56 57 57 58 59 62 62 60 58 55 53 53 53 55 56 57 58 59 59 59 59 59 60 62 63 65 68 70 68 65 62 59 55 49 49 49
58 59 58 58 58 58 58 58 58 57 57 58 58 58 59 57 57 58 58 58 59 59 59 59 59 61 64 66 66 66 66 66 65 64 62 60 59 59 59 59 59 60 61 62 62 61 60 60 64 65 65 68 69 71 73 71 63 58 58 56 56 57 58 58 59 61 59 58 56 54 52 53 54 55 56 57 58 59 59 59 60 60 61 62 64 66 70 71 70 67 63 58 52 49 49 49
59 59 59 59 58 58 58 58 58 57 57 58 58 58 58 57 57 58 58 58 59 59 59 59 59 59 59 62 63 64 64 64 64 63 61 59 59 59 59 59 59 59 60 60 60 59 59 59 63 64 65 68 69 71 72 67 61 58 58 56 56 57 59 59 59 60 58 55 53 52 52 53 55 55 56 57 58 59 59 59 60 61 62 62 64 67 71 71 69 67 63 57 50 49 49 49
58 58 58 58 58 58 58 57 57 57 57 57 57 57 57 58 58 58 58 58 58 58 58 58 59 59 59 59 59 60 61 61 61 61 60 59 58 58 58 58 59 59 59 59 59 59 59 59 60 63 65 68 69 68 67 63 59 57 57 56 56 58 60 60 58 58 56 54 53 52 52 53 55 55 56 56 58 59 59 60 60 61 61 60 62 66 68 68 66 64 60 54 49 49 49 49
58 58 58 58 58 58 57 57 57 57 57 57 57 57 57 58 58 58 58 58 58 58 58 58 58 59 59 59 59 59 59 59 59 59 59 59 58 58 58 58 59 59 59 59 59 59 59 59 59 62 66 70 69 65 61 59 58 56 56 56 57 59 59 58 57 56 54 53 53 53 54 56 56 56 56 58 59 60 61 61 61 61 60 59 59 62 64 63 62 60 57 53 49 49 49 49
57 57 57 57 57 57 57 57 57 57 57 57 57 57 57 57 57 58 58 58 58 58 58 58 58 58 58 58 58 58 58 58 58 58 58 58 58 57 57 57 58 58 58 58 58 59 59 59 61 62 65 68 65 61 59 57 56 55 54 56 57 57 57 57 57 56 54 53 53 54 55 57 59 58 58 59 60 62 63 62 62 60 59 59 58 58 60 58 57 56 54 52 49 49 49 50
57 57 57 57 57 57 57 57 57 57 57 57 57 57 57 57 57 58 58 58 58 58 58 58 58 58 58 58 58 58 58 58 57 57 57 57 57 57 57 57 58 58 58 58 58 59 59 60 61 60 60 62 60 59 58 56 55 53 53 55 56 55 56 56 57 57 55 54 54 55 56 58 59 59 59 61 63 66 65 64 63 61 59 59 57 57 57 55 54 54 53 51 50 50 50 49
57 57 57 57 57 57 57 57 57 57 56 56 56 56 57 57 57 57 57 58 57 57 57 57 57 57 57 57 57 57 57 57 57 57 57 57 57 57 57 57 57 57 57 57 58 59 59 60 60 58 57 57 58 57 56 55 53 53 53 54 54 54 55 56 56 56 55 54 55 55 56 56 58 59 60 63 67 69 69 68 67 63 60 59 57 56 55 54 53 53 52 50 50 50 50 49
57 57 57 57 57 57 57 57 57 56 56 56 56 56 57 57 57 57 57 57 57 57 57 57 57 57 57 57 57 57 57 57 57 57 56 56 56 57 57 57 57 57 57 57 58 59 59 59 57 56 56 55 55 55 54 53 53 53 53 54 54 54 55 55 55 56 55 55 55 56 56 56 58 59 61 65 69 71 72 70 68 63 61 59 58 56 54 53 53 52 52 50 50 50 50 50
56 56 56 56 56 56 56 56 56 56 56 56 56 56 57 57 57 57 57 57 57 57 56 56 56 57 57 57 57 57 56 56 56 56 56 56 56 56 56 56 56 56 57 57 58 59 59 58 57 55 54 53 53 53 53 53 53 53 53 54 54 54 55 55 55 55 55 55 56 56 56 57 59 62 65 68 72 74 74 71 68 63 61 60 59 56 53 53 53 52 51 50 50 50 50 50
56 56 56 56 56 56 56 56 56 56 56 56 57 57 57 57 57 57 57 57 57 57 56 56 56 56 56 56 56 56 56 56 56 56 56 56 56 56 56 56 56 56 56 56 57 58 58 57 55 53 53 53 53 53 53 53 53 53 53 54 54 54 55 55 55 55 56 56 56 57 57 58 61 66 69 72 74 75 75 70 67 62 60 60 58 56 53 52 52 52 51 50 50 50 50 50
56 55 55 55 55 55 55 55 55 55 56 56 57 57 57 57 57 57 57 57 57 57 56 56 56 56 56 56 56 56 56 56 56 56 56 56 56 56 56 56 56 55 55 55 56 57 57 56 54 53 53 53 53 53 53 53 53 53 53 54 54 55 55 55 55 56 56 57 57 57 58 59 62 69 71 72 74 72 70 68 66 62 60 60 58 56 53 52 52 52 51 50 49 49 49 49
55 55 55 55 55 55 55 55 55 55 57 57 57 57 57 57 57 57 57 57 57 57 56 56 56 56 56 56 56 56 56 56 56 56 56 56 56 56 56 55 55 55 55 55 55 55 56 55 54 53 53 53 53 53 53 54 54 54 54 54 54 55 55 55 56 56 57 57 57 58 58 59 62 69 71 71 70 68 68 67 66 62 61 60 59 56 53 52 52 52 51 50 49 48 48 49
55 55 54 54 54 54 54 54 54 55 57 57 57 57 57 57 57 57 57 57 57 57 57 57 56 56 56 56 56 56 56 56 56 56 55 55 55 55 55 55 54 54 54 54 54 54 54 54 54 53 53 53 53 53 54 54 54 54 54 54 54 55 56 56 56 56 57 57 57 58 57 57 59 65 67 66 66 67 67 66 66 62 61 61 59 54 53 52 52 52 51 50 48 47 47 49
55 55 54 54 53 53 54 54 54 55 57 57 57 57 57 57 57 57 57 57 57 57 57 57 56 56 56 56 56 56 56 55 55 55 55 55 55 55 55 54 54 54 54 54 54 54 54 54 54 54 54 54 54 54 54 54 54 54 54 54 54 54 55 56 56 57 57 57 57 57 56 56 56 60 62 64 66 67 67 66 66 63 62 60 57 54 53 52 52 52 51 49 48 46 47 49
55 55 54 54 53 53 53 54 54 55 57 57 57 57 57 56 56 56 56 56 56 56 56 56 56 56 56 55 55 55 55 55 55 55 55 55 55 55 55 54 54 54 54 54 53 53 54 54 54 54 54 54 54 54 54 54 53 53 53 53 53 54 55 56 56 57 57 57 57 56 54 54 55 57 61 66 68 68 68 66 65 63 60 57 55 53 53 52 52 52 51 49 47 44 44 48
55 55 54 54 53 53 53 54 54 55 57 57 57 57 57 56 56 56 56 56 56 56 56 56 56 56 55 55 55 55 55 55 55 55 55 55 55 54 54 54 54 54 53 53 53 53 54 54 54 54 54 54 54 54 54 54 53 53 53 53 53 54 54 55 56 57 57 58 58 56 53 53 54 56 63 68 70 69 68 65 64 61 57 55 54 53 52 52 52 52 51 50 47 43 43 47
55 55 55 56 54 52 52 53 54 55 57 57 57 57 57 56 56 56 56 56 56 56 56 56 56 55 55 55 55 55 55 55 55 55 55 54 54 54 54 54 54 53 53 53 53 53 54 54 54 54 54 54 54 54 54 53 53 52 52 52 53 53 54 55 56 56 57 57 57 56 53 53 53 56 63 68 70 69 65 61 59 56 54 53 53 53 52 52 52 52 51 50 46 43 42 44
56 57 57 58 56 52 52 53 54 55 57 57 57 57 57 56 56 56 56 55 55 55 55 55 55 55 55 55 55 55 55 55 55 55 55 54 54 54 54 54 54 53 53 53 53 54 54 54 54 54 54 54 54 54 54 53 53 52 52 52 52 53 54 54 55 56 57 57 56 54 53 53 53 55 61 68 70 69 63 57 55 53 53 53 53 53 52 52 52 52 51 49 45 43 42 43
59 60 60 60 57 52 52 53 53 55 56 56 56 56 56 56 55 55 55 55 55 55 55 55 55 55 55 55 55 55 55 55 55 55 55 54 54 54 54 54 53 53 53 53 53 54 54 54 54 54 54 54 54 54 54 54 53 52 51 51 52 53 54 54 53 54 55 56 55 53 52 51 52 53 57 63 68 68 63 57 55 53 53 53 53 52 52 52 52 51 51 48 44 43 43 43
61 61 61 61 58 52 52 53 53 54 56 56 56 56 55 55 55 55 55 55 55 55 55 55 55 55 55 55 55 55 55 55 55 55 54 54 54 54 54 53 53 53 53 53 53 54 54 54 54 54 54 54 54 54 54 56 58 55 51 50 52 53 53 53 51 51 52 54 53 52 51 51 51 51 53 57 62 64 63 58 56 53 53 53 53 52 52 52 52 51 51 49 45 43 43 43
62 63 62 61 57 53 52 53 53 54 54 55 55 55 54 54 54 54 54 55 55 55 54 54 54 54 54 54 54 54 54 54 54 54 54 54 54 54 54 53 53 53 53 53 53 53 54 54 54 54 54 54 54 54 57 59 59 55 51 50 52 53 52 52 51 50 50 51 51 51 50 50 50 50 51 52 56 58 58 58 57 54 53 53 52 52 51 51 51 51 51 49 48 46 44 43
63 64 63 61 57 53 53 53 53 53 54 54 54 54 54 54 54 54 54 55 54 54 54 54 54 54 54 54 54 54 54 54 54 54 54 54 54 54 54 53 53 53 53 53 53 53 53 53 53 53 54 54 55 58 59 59 58 54 51 50 51 52 51 51 50 50 50 51 51 50 50 50 50 50 50 51 51 53 54 55 55 54 53 53 52 51 51 51 51 51 50 48 48 47 46 44
63 65 65 63 58 53 53 53 53 53 54 54 54 54 54 54 54 54 54 54 54 54 54 54 54 54 54 54 54 54 54 54 54 54 54 54 54 54 54 53 53 53 53 53 53 53 53 53 53 53 54 56 61 62 62 59 57 55 52 50 50 50 51 51 50 50 50 50 49 49 49 49 50 50 50 50 51 51 51 52 53 53 53 52 51 51 51 51 51 50 49 46 44 46 47 46
63 66 67 65 60 55 53 53 53 53 54 54 54 54 54 54 54 54 54 54 54 54 54 54 54 54 54 54 54 54 54 54 54 54 54 54 54 53 53 53 53 53 52 52 52 53 53 53 53 53 55 60 64 65 64 60 58 57 54 50 50 50 50 50 50 49 49 48 47 47 48 48 48 49 49 50 50 50 50 50 50 51 51 51 51 50 50 50 50 49 47 45 43 45 47 47
63 67 67 66 62 57 53 53 53 53 53 54 54 54 54 54 54 54 54 54 54 54 54 54 54 54 54 54 54 54 54 54 54 54 54 54 54 53 53 53 53 53 52 52 52 53 53 52 52 52 58 63 65 66 65 60 58 58 55 52 50 50 50 50 50 49 48 47 47 47 47 48 48 48 49 50 50 50 50 50 50 50 50 50 50 50 50 50 50 49 46 44 43 44 47 47
62 67 68 68 65 59 53 53 53 53 53 54 54 54 54 54 54 54 54 54 53 53 53 53 53 53 53 53 53 53 54 54 54 54 54 53 53 53 53 53 53 53 52 52 52 53 52 52 52 53 60 64 66 66 62 59 61 63 59 54 52 52 51 50 50 49 48 47 47 47 47 48 48 48 49 49 50 50 50 49 48 48 48 48 48 49 49 49 49 48 46 43 42 44 47 46
61 66 69 69 67 62 55 52 52 53 53 53 54 54 54 54 54 54 54 54 53 53 53 53 53 53 53 53 53 53 54 54 53 53 53 53 53 53 53 53 53 53 52 52 52 53 52 52 52 54 61 64 65 64 61 59 62 65 63 56 53 53 52 51 50 49 48 47 47 47 47 48 48 48 49 49 50 49 49 48 48 46 46 47 47 48 48 48 48 47 44 42 41 44 45 43
60 65 68 69 68 64 57 52 52 52 53 53 53 53 54 54 54 54 54 54 53 53 53 53 53 53 53 53 53 53 53 53 53 53 53 53 53 53 53 53 53 53 53 53 53 53 53 52 52 55 60 64 64 63 60 58 61 64 63 57 53 53 52 52 50 49 47 47 47 47 47 48 48 48 49 49 49 49 49 48 48 45 44 45 47 47 48 48 48 46 44 41 41 42 44 43
59 65 68 69 69 66 58 52 52 52 53 53 53 53 54 54 54 54 54 54 53 53 53 53 53 53 53 53 53 53 53 53 53 53 53 53 53 53 53 53 52 53 53 53 53 54 55 56 58 60 62 63 63 61 58 57 58 59 57 54 52 52 52 52 50 48 47 47 47 47 47 48 49 49 49 49 49 49 49 49 48 47 44 44 45 46 47 47 47 46 45 43 42 42 43 42
59 64 67 69 70 68 61 53 52 52 53 53 53 53 54 54 54 54 54 53 53 53 53 53 53 53 53 53 53 53 53 53 53 53 53 53 53 53 53 53 52 52 53 53 55 58 61 63 64 64 62 62 60 58 56 56 56 56 55 52 51 51 52 51 50 48 47 46 46 46 47 48 48 48 49 49 49 49 49 49 49 48 46 44 44 45 46 46 46 45 43 41 43 43 43 42
59 64 67 70 71 69 64 56 52 52 53 53 53 53 53 54 54 53 53 53 53 53 53 53 53 52 52 52 52 52 52 52 52 52 53 53 53 52 52 52 52 52 54 58 60 62 63 64 64 64 62 61 58 56 56 56 55 55 53 51 51 51 51 51 51 49 47 46 46 46 47 48 48 48 49 49 49 49 49 49 49 48 46 44 44 44 45 45 45 44 41 39 40 40 42 42
60 65 67 70 72 70 66 59 52 52 52 52 53 53 53 53 53 53 53 53 53 53 52 52 52 52 52 53 53 53 52 52 52 52 52 52 53 52 52 52 54 55 58 61 63 64 64 65 65 64 62 60 57 56 56 55 55 54 53 51 51 51 51 51 51 50 48 45 45 46 47 48 48 48 48 49 49 49 49 48 48 48 47 45 44 43 44 44 44 41 40 39 40 40 40 40
61 66 69 71 72 71 68 61 53 52 52 52 52 52 53 53 53 53 53 53 52 52 52 52 52 54 56 57 58 56 52 52 52 52 52 52 53 53 54 55 56 58 61 62 63 65 65 64 64 63 61 58 56 56 57 55 53 52 51 51 51 51 51 51 51 51 49 46 44 45 46 48 48 48 48 49 49 49 49 48 48 48 47 46 44 42 42 42 41 40 40 40 40 40 40 40
61 67 71 73 73 71 69 63 54 52 52 52 52 52 52 52 53 53 53 52 52 52 52 52 55 59 61 61 60 56 52 52 52 52 52 52 53 53 55 57 58 60 62 63 64 65 65 64 64 61 59 57 56 56 57 55 52 51 50 50 51 51 51 51 51 51 50 47 44 43 45 47 48 48 48 49 49 49 49 48 48 47 47 45 43 41 40 40 40 40 40 40 40 41 41 42
58 66 71 73 74 72 69 65 56 52 52 52 52 52 52 52 52 52 52 52 52 52 52 54 59 63 65 63 60 54 52 52 52 52 52 54 54 55 57 59 61 62 63 64 65 66 65 64 62 60 58 56 56 56 57 55 53 51 50 50 51 51 51 51 51 51 50 49 46 43 44 46 47 47 48 49 49 49 49 48 48 47 46 45 43 41 40 40 40 40 40 40 40 42 43 43
56 63 70 73 74 72 70 66 58 52 52 52 52 52 52 52 52 52 52 52 52 52 53 57 62 66 67 63 58 53 52 52 52 53 55 58 57 56 59 60 62 63 65 67 69 67 64 63 61 59 57 56 56 56 57 55 54 51 50 50 51 51 51 51 51 51 50 49 47 43 43 45 46 47 48 48 49 48 48 48 48 46 45 45 43 40 40 40 40 40 40 40 42 45 45 43
54 61 69 73 74 72 70 66 60 53 52 52 52 52 52 52 52 52 52 52 52 53 57 61 65 68 67 62 57 53 52 52 53 54 57 59 58 58 60 61 63 64 66 67 69 66 63 61 59 57 56 56 56 56 57 55 54 51 50 50 51 51 51 51 51 51 50 49 47 44 43 44 45 46 47 48 48 48 48 48 48 46 45 44 42 40 40 40 40 40 40 41 44 47 47 44
52 57 65 73 74 72 70 66 61 54 52 52 52 52 52 52 53 53 52 52 53 57 63 68 70 69 65 60 57 54 55 56 56 56 57 59 59 59 60 62 64 64 65 65 65 63 62 60 58 57 56 56 56 56 57 55 53 52 52 50 51 51 51 51 51 51 50 49 47 45 43 44 45 46 47 48 48 48 48 47 47 45 45 43 41 40 40 40 40 40 41 43 46 49 49 47
50 53 62 72 75 72 69 66 62 55 52 52 52 52 52 53 53 53 53 53 57 62 67 71 71 68 63 59 57 59 59 59 58 58 58 59 60 61 61 62 64 64 64 64 64 62 59 59 58 57 56 56 56 57 57 55 53 53 53 52 51 51 51 51 51 51 50 49 48 46 43 43 45 46 47 48 48 48 48 47 47 45 44 42 40 40 40 40 42 43 44 45 47 50 51 50
50 53 61 71 75 72 69 65 62 56 52 52 52 52 52 53 54 54 54 54 58 63 69 72 71 66 61 58 58 60 61 59 59 59 59 60 61 62 62 62 64 64 64 64 63 61 59 58 58 57 56 56 57 57 57 55 54 54 54 53 51 51 51 51 51 51 50 50 49 47 44 43 45 46 48 48 48 48 48 47 46 45 43 41 40 40 40 41 44 45 45 46 48 50 52 51
49 52 58 68 74 72 68 65 61 55 52 52 52 52 52 53 54 55 55 57 61 66 70 70 66 62 60 59 61 63 62 61 61 61 61 61 62 63 63 63 64 64 64 64 63 61 59 59 59 59 58 57 58 58 57 55 55 56 55 53 51 51 51 51 51 51 51 50 50 48 44 43 44 46 48 49 48 48 48 47 46 44 43 40 40 40 41 45 48 49 49 49 50 52 55 55
48 51 55 64 72 72 67 62 60 55 52 52 52 52 52 54 55 56 56 58 62 67 68 64 61 61 61 62 64 64 63 64 65 65 64 64 64 64 63 63 64 64 64 64 64 63 61 62 63 64 61 60 60 59 57 56 56 56 55 53 51 50 50 50 50 50 51 50 50 48 44 43 44 46 48 48 48 47 47 46 46 44 41 40 40 41 45 49 51 52 52 51 51 53 56 56
48 50 52 60 69 70 65 61 57 54 52 52 52 52 53 55 56 57 57 59 62 63 62 61 61 64 66 66 65 65 65 68 69 69 68 67 66 65 64 64 64 64 65 65 65 64 63 63 65 65 62 61 60 59 58 58 57 56 54 52 50 50 50 50 50 50 51 50 50 48 45 43 43 44 47 47 48 47 47 46 45 42 40 40 40 43 48 51 53 53 53 52 52 54 56 57
49 50 51 57 65 67 64 60 56 53 53 53 53 53 54 56 57 57 57 59 60 59 59 60 65 69 69 69 68 68 71 72 72 72 70 69 68 66 65 65 65 65 65 65 65 65 65 65 65 64 62 61 60 59 59 59 57 55 53 52 50 50 50 50 50 50 51 50 50 48 44 42 42 42 44 46 47 47 47 45 44 41 40 40 41 44 49 51 53 53 53 53 53 54 56 56
49 49 50 54 61 64 62 59 54 52 53 53 53 53 54 55 56 57 57 57 58 58 59 63 68 71 71 71 72 73 75 75 76 75 73 72 70 67 66 65 65 65 65 65 65 66 67 66 66 63 61 61 60 60 60 59 58 55 53 52 50 50 49 49 49 49 50 50 50 47 44 42 41 40 40 43 45 46 46 43 42 40 40 40 43 45 48 50 51 51 51 52 53 54 54 54
49 49 50 52 56 59 59 57 54 51 52 54 53 53 54 55 56 56 56 56 58 59 62 65 69 72 72 72 73 76 77 76 77 76 74 73 70 67 66 65 65 65 65 65 65 66 67 65 64 62 61 61 61 61 60 59 58 55 53 52 50 50 49 49 49 48 49 50 50 47 44 41 40 40 40 40 41 43 42 40 40 40 40 40 44 46 48 49 50 50 50 51 52 52 52 53
49 49 50 51 55 57 57 56 53 51 50 51 51 52 53 55 56 56 56 58 60 62 64 66 68 69 71 73 73 76 76 74 73 72 73 73 69 67 65 65 65 65 65 65 65 66 66 64 62 62 62 61 61 61 61 59 58 55 53 52 51 50 49 49 48 48 48 48 47 45 43 41 40 40 40 40 40 40 40 40 41 42 42 41 44 46 48 49 49 49 50 50 50 50 50 51
49 49 50 51 54 56 55 54 52 50 49 49 50 51 53 55 56 58 60 61 64 64 65 66 67 68 71 73 73 74 72 70 70 70 72 72 68 65 65 65 65 65 65 65 65 66 65 63 62 62 62 62 61 61 61 59 57 56 55 52 52 52 51 49 48 48 47 46 44 44 43 41 40 40 40 40 40 40 40 42 43 44 43 42 43 46 48 48 48 49 49 50 50 50 50 50
49 49 50 51 54 54 54 52 51 49 49 49 49 50 52 55 58 61 64 66 67 67 67 67 68 70 71 72 72 71 69 68 69 68 70 67 66 65 65 65 65 65 65 65 65 64 63 62 62 62 62 63 63 62 61 59 58 57 56 53 53 53 52 51 49 48 45 44 44 44 43 41 40 40 40 40 40 40 41 43 44 45 44 43 43 44 46 47 48 48 49 50 50 50 50 50
49 49 50 50 51 52 51 50 49 48 48 49 49 50 53 56 61 65 68 70 70 69 69 69 71 73 72 73 72 71 68 68 68 67 66 65 65 65 65 65 65 65 65 65 65 63 62 62 62 62 62 64 65 64 63 62 59 57 57 54 54 53 53 52 50 48 46 45 45 45 44 42 40 40 40 41 43 44 44 44 45 45 45 45 44 43 44 47 47 48 49 49 50 50 50 50
49 49 49 49 49 49 49 48 48 48 48 49 49 51 55 59 64 69 72 73 74 74 73 72 73 74 74 74 73 72 68 67 66 66 65 65 65 65 65 65 65 65 65 65 65 63 63 63 63 64 64 64 65 65 65 62 59 57 56 55 54 53 53 52 50 49 47 47 46 45 44 42 41 41 43 45 45 45 45 45 46 46 48 46 44 43 43 47 48 48 49 49 50 50 50 50
49 48 48 48 48 48 48 47 47 47 48 49 49 52 56 61 67 71 74 76 76 76 76 75 75 75 75 75 74 73 69 67 67 66 65 65 65 65 65 65 65 65 65 65 65 63 63 64 64 65 65 65 66 66 65 62 59 56 56 55 54 53 52 51 50 49 48 47 47 46 44 43 42 43 46 47 47 46 46 46 46 47 49 47 44 43 43 47 48 48 49 49 50 50 50 50
48 48 48 48 47 47 47 47 47 48 50 51 51 54 58 62 68 72 75 76 78 79 77 76 76 77 78 77 76 74 70 69 71 70 68 66 65 65 65 65 65 65 65 65 65 64 64 65 66 67 66 66 66 66 65 62 59 56 56 55 54 53 52 51 50 50 48 47 47 46 45 43 43 44 47 48 47 47 47 47 47 47 49 48 43 43 44 47 47 48 48 49 49 49 50 50
48 48 47 47 47 47 47 47 49 51 53 53 54 55 58 63 69 73 75 76 77 78 77 77 77 78 79 78 77 75 71 71 72 72 71 67 66 66 66 66 65 65 65 65 65 65 65 66 67 68 68 68 66 66 64 61 58 56 56 55 54 53 52 51 50 50 48 48 48 47 46 43 43 44 47 48 48 47 47 47 47 47 49 46 43 43 45 46 47 48 48 49 49 49 50 50
47 47 47 47 47 47 48 49 51 53 54 55 56 57 59 64 69 73 74 75 76 76 76 76 77 79 79 78 77 72 71 73 75 74 72 68 65 65 65 65 65 65 64 64 64 65 66 67 69 69 70 68 66 64 63 60 58 56 56 56 55 54 54 53 51 50 49 48 48 48 46 43 43 45 47 48 47 47 47 46 46 47 48 46 44 43 44 45 47 47 48 49 49 49 49 50
