geo_cache/5-2/elevation.txt
ncols         942
nrows         918
xllcorner     -71.37777777777778
yllcorner     42.256
cellsize      1.0E-5
NODATA_value  -9999
[rows 300 to 359 of 918, columns 96 to 191 of 942]
53 53 54 54 55 55 54 54 54 55 56 55 53 53 52 52 52 52 52 52 52 52 52 52 52 52 53 55 54 56 61 61 59 58 58 62 64 64 65 65 66 67 68 68 69 70 70 70 70 68 64 65 66 66 66 67 67 68 68 68 69 70 70 69 67 66 66 66 66 66 65 65 65 65 65 65 65 65 65 65 65 66 67 68 70 74 77 78 76 75 73 72 71 71 70 69
53 53 53 53 53 53 53 53 53 54 54 54 53 52 52 52 52 52 52 52 52 52 52 52 52 52 52 53 55 55 60 60 59 59 60 63 65 66 66 67 68 68 67 65 66 67 68 68 67 65 62 64 65 65 66 67 67 67 67 68 68 68 68 67 66 66 66 65 65 65 65 65 65 65 65 65 64 64 64 65 65 66 68 69 72 76 79 80 79 77 74 73 72 71 70 69
52 53 53 53 53 53 53 53 53 53 53 52 52 51 51 52 52 52 52 52 52 52 52 52 52 52 52 52 54 55 59 62 63 63 63 65 67 67 67 67 69 68 67 64 63 64 65 66 65 62 62 63 64 65 66 67 67 67 67 68 67 67 66 66 66 66 65 65 65 65 65 65 64 64 64 64 64 64 64 64 64 66 68 71 76 80 81 82 81 79 77 75 73 72 71 70
52 52 52 52 51 51 52 52 52 51 51 50 50 50 51 52 52 52 52 52 52 52 52 52 52 52 52 52 53 55 58 60 64 66 67 67 68 67 67 67 67 67 65 62 62 62 62 63 62 61 61 61 64 65 67 67 67 67 67 68 67 66 65 65 65 65 65 65 65 65 65 65 64 64 64 63 63 63 63 64 64 66 68 73 79 84 86 87 86 83 80 77 75 73 71 71
51 51 51 51 51 51 51 51 51 50 50 50 51 52 52 52 52 52 52 52 52 52 52 52 52 52 52 52 53 56 58 59 64 69 70 69 70 69 66 65 64 64 62 62 62 62 62 61 61 60 60 61 64 66 68 68 68 68 68 68 67 66 65 65 65 65 65 65 65 65 65 65 64 64 63 63 63 63 63 64 64 66 69 75 82 88 92 93 92 88 83 80 78 75 72 71
51 51 51 51 51 50 50 50 50 50 50 52 54 54 53 53 52 52 52 52 52 52 52 52 52 52 53 53 54 57 59 60 65 72 74 72 72 68 63 62 62 62 62 62 62 61 61 61 60 60 59 61 64 66 68 70 70 70 70 68 67 66 65 65 65 65 65 65 65 65 65 65 64 64 63 63 62 62 63 63 64 66 71 76 82 89 95 98 98 95 88 83 81 78 74 71
51 51 50 50 50 50 50 50 50 50 53 55 55 55 55 54 53 52 52 52 52 52 52 54 54 55 57 54 54 57 59 59 66 73 75 73 70 64 62 62 61 61 61 61 61 61 60 60 60 60 59 60 63 66 68 70 71 71 71 68 67 65 65 65 65 65 65 65 65 65 65 65 65 64 63 63 62 62 62 63 64 67 73 76 82 89 97 102 103 102 94 86 83 80 77 73
50 50 50 50 50 50 50 50 50 50 54 56 56 56 56 55 54 52 52 52 53 53 53 53 55 56 56 53 53 55 59 59 63 70 73 71 65 62 62 62 61 61 61 61 61 61 60 60 60 60 59 59 62 65 67 69 70 71 69 67 67 65 65 65 65 65 64 64 64 65 65 65 65 65 64 63 62 62 62 63 64 68 74 76 81 88 97 104 107 106 101 92 84 82 79 75
50 50 50 50 50 50 50 50 50 50 53 55 57 58 58 56 55 53 53 53 53 53 53 53 53 54 53 52 52 54 58 60 60 66 70 66 62 61 61 61 60 60 60 60 60 60 60 60 60 60 59 59 61 62 64 67 68 68 67 66 65 65 65 65 64 64 64 64 64 64 66 65 65 65 64 63 62 62 62 63 64 67 72 76 80 86 95 104 108 110 105 96 87 83 80 76
50 50 50 50 50 50 50 50 50 50 52 55 58 59 59 58 57 55 55 53 54 54 54 54 53 53 52 52 54 55 58 60 60 62 65 63 61 61 61 60 60 60 60 60 60 60 60 60 60 60 59 59 60 61 62 65 66 66 66 65 65 66 65 65 64 64 64 64 65 65 66 66 65 65 64 64 62 62 62 63 64 67 71 74 78 83 92 101 108 112 109 100 89 82 81 77
50 50 50 50 50 50 50 50 51 51 52 55 58 59 60 60 59 59 58 56 54 55 56 57 56 56 55 55 57 58 61 63 63 62 61 61 60 60 60 60 60 60 60 60 60 60 60 60 60 60 59 59 59 60 61 63 64 64 64 64 64 65 65 65 64 63 64 66 68 68 68 67 67 66 65 64 62 62 62 63 64 67 69 72 75 79 86 96 104 110 110 104 92 82 79 78
50 50 50 50 51 51 51 51 51 52 54 57 58 59 60 60 60 60 59 58 57 56 57 61 61 61 61 61 62 64 66 66 65 62 61 59 59 60 60 60 60 60 60 60 60 60 60 60 60 60 59 59 59 59 60 61 62 62 62 62 63 65 65 65 63 63 64 67 70 71 70 69 68 67 65 64 62 62 62 63 64 66 68 71 73 76 81 88 98 106 109 105 96 85 78 76
51 51 51 51 51 51 52 52 52 53 56 58 59 59 60 61 61 60 60 60 59 59 60 63 65 66 67 67 67 68 67 66 64 63 61 59 59 59 59 59 59 59 59 59 59 59 59 59 59 59 59 59 59 59 60 60 61 61 61 61 62 63 64 64 63 62 64 67 69 71 71 70 70 67 65 63 62 62 62 62 63 65 67 69 72 75 78 84 91 100 105 104 98 88 78 74
52 52 52 52 52 52 52 53 53 54 57 59 60 60 60 61 61 61 61 61 60 60 61 63 65 65 67 68 68 68 66 65 63 62 61 59 59 59 59 59 59 59 59 59 59 59 59 59 59 59 59 59 59 59 59 60 60 60 60 60 60 62 62 64 63 60 62 66 67 68 68 68 69 67 64 62 61 62 62 62 62 63 66 68 70 73 77 82 87 93 99 101 98 89 80 74
54 53 53 54 54 54 54 53 53 55 58 60 60 60 61 61 61 61 61 61 62 62 62 63 63 62 64 65 65 66 65 65 64 62 61 60 59 59 59 59 59 59 59 59 59 59 59 59 59 59 59 59 59 59 59 59 60 60 60 59 60 60 61 62 61 59 60 63 64 64 64 65 66 65 63 61 58 60 61 61 60 61 64 67 69 72 75 80 84 88 92 95 93 89 81 74
57 56 56 56 56 56 55 53 53 56 58 60 61 61 61 62 62 62 62 62 63 63 63 63 63 62 63 64 64 65 66 65 65 64 63 61 60 59 59 59 59 59 59 59 59 59 59 59 59 59 59 59 59 59 59 59 59 59 59 59 59 59 59 60 60 59 59 60 61 61 62 63 63 63 61 59 57 58 60 60 59 60 63 66 67 69 73 79 81 84 86 88 89 86 82 75
60 60 58 57 57 56 55 53 54 57 59 60 61 61 61 62 62 62 63 63 63 63 63 63 62 62 63 64 64 65 66 66 65 65 64 62 60 59 59 59 59 59 59 59 59 58 58 59 59 59 59 59 59 59 59 59 59 59 59 59 59 59 59 59 60 60 58 59 59 59 60 61 62 61 60 59 56 56 57 58 58 60 63 64 66 68 71 76 78 80 81 82 84 83 80 76
62 61 59 57 56 56 55 53 54 57 60 61 61 61 62 63 64 64 64 64 63 63 63 63 62 63 64 65 65 65 66 66 66 66 65 63 62 60 59 59 59 59 58 58 58 58 58 59 59 59 59 59 59 59 59 59 59 59 59 59 59 59 59 59 60 60 58 59 59 59 59 61 61 61 60 59 56 56 56 57 57 59 61 63 64 65 69 73 74 75 75 76 78 79 77 74
61 60 59 58 56 55 54 53 54 57 59 61 62 62 64 65 66 65 64 64 64 63 63 63 63 63 65 65 65 66 66 66 66 66 66 64 62 61 59 59 59 58 58 58 58 58 58 59 59 59 59 59 59 59 59 59 59 58 58 58 58 59 59 59 60 60 59 59 59 59 60 61 61 61 59 58 56 55 55 56 57 59 60 62 62 64 66 68 70 70 71 72 74 75 74 72
60 59 58 57 56 54 53 53 54 56 59 61 63 64 65 67 68 68 66 65 64 64 64 64 63 63 64 65 65 65 65 65 66 66 66 64 63 61 60 59 59 58 58 58 58 58 58 59 59 59 60 59 59 59 59 59 59 58 58 58 58 59 59 59 60 60 59 59 59 60 60 61 62 61 58 56 55 54 54 55 56 58 59 59 60 62 62 64 66 67 68 70 71 72 72 71
59 57 56 54 54 54 53 53 53 55 57 62 64 65 66 68 69 71 69 66 65 63 63 63 63 63 63 64 65 65 65 65 65 65 66 64 63 62 61 60 59 58 58 58 58 58 58 59 59 59 59 59 59 59 59 59 59 58 58 58 58 59 59 59 59 60 60 60 60 60 60 61 61 60 57 55 54 53 54 56 56 57 58 58 59 61 62 63 64 66 67 69 70 71 71 70
56 55 53 53 53 53 53 53 53 54 57 63 65 66 66 68 70 71 70 67 65 63 63 63 63 63 63 64 64 65 65 65 65 65 66 64 64 63 63 61 60 59 58 58 58 58 59 59 59 59 59 59 59 59 59 59 59 59 59 59 59 59 59 59 59 59 60 60 60 59 58 58 58 58 57 54 53 53 54 56 56 56 57 58 59 60 62 62 64 66 67 68 69 68 68 67
55 55 55 54 53 53 53 53 53 54 56 61 65 66 67 68 69 70 69 66 63 62 62 62 62 63 63 64 64 65 65 65 65 65 66 65 65 65 64 63 61 60 58 58 58 58 59 59 59 59 59 59 59 59 59 59 59 59 59 59 59 59 59 59 59 59 59 59 58 57 56 55 54 55 55 54 53 53 54 54 53 54 56 57 59 60 61 61 63 65 65 66 66 65 63 61
55 56 56 56 55 54 53 53 53 54 56 60 63 65 68 68 69 69 67 64 62 62 62 62 62 63 63 64 64 65 65 65 65 65 66 66 66 65 65 64 62 62 60 59 59 59 59 59 59 60 59 59 59 59 59 59 59 59 59 59 59 59 59 59 59 59 59 58 57 55 55 53 52 52 53 54 53 53 53 52 52 53 55 57 59 60 60 60 61 62 62 63 62 60 58 56
56 57 57 57 56 54 53 54 54 55 56 60 63 65 68 70 70 69 65 62 62 62 62 62 63 63 63 64 64 65 66 66 66 66 66 65 65 65 65 65 63 63 62 61 60 59 59 59 60 60 60 60 59 59 58 58 59 59 59 59 59 59 59 59 59 59 60 60 58 55 55 53 52 52 52 53 53 52 52 52 52 52 54 57 59 59 59 59 58 59 59 59 58 56 54 52
57 57 57 57 56 54 54 54 54 55 57 60 62 65 68 71 71 68 65 61 62 63 63 63 63 64 64 64 64 65 65 66 66 66 66 65 64 64 64 64 63 63 62 62 61 60 60 60 60 61 61 60 59 59 58 58 58 58 58 58 59 59 58 58 58 59 61 62 61 58 56 55 54 52 52 52 53 52 52 52 52 52 53 54 56 58 59 58 57 56 56 55 54 53 53 52
57 56 56 56 54 53 54 55 55 56 58 60 62 64 68 70 70 68 65 61 62 62 63 63 64 65 64 64 64 65 65 66 66 66 66 64 64 63 62 62 62 62 63 63 62 61 60 60 60 61 61 60 59 59 57 57 57 56 57 58 58 57 57 57 58 59 62 62 62 61 59 59 57 54 52 52 52 52 52 52 52 52 52 52 53 55 57 57 56 54 53 52 52 52 52 52
56 56 55 53 52 53 54 55 55 56 58 60 62 64 67 69 69 68 66 63 62 62 63 63 64 65 64 64 64 65 65 66 66 66 66 65 64 62 62 62 62 62 63 63 63 61 60 61 61 61 61 60 59 57 56 57 56 55 55 55 56 57 57 57 58 59 61 62 62 62 62 61 59 55 52 52 52 53 54 54 54 54 53 52 52 52 54 54 54 53 52 52 52 52 52 52
55 55 53 52 51 52 53 55 55 55 58 59 62 64 66 68 68 68 67 65 62 62 62 63 64 65 64 63 64 64 66 66 67 67 67 65 64 63 62 62 62 62 63 63 63 61 61 61 61 62 61 60 58 56 56 57 56 55 55 55 56 57 57 57 58 59 60 61 61 62 63 61 59 56 52 52 53 56 57 58 58 57 55 53 53 52 52 52 52 52 52 52 52 52 52 52
54 53 52 51 50 51 52 54 54 55 58 59 61 64 65 66 66 66 66 66 63 62 62 63 64 64 63 63 63 64 66 67 68 68 67 66 64 63 63 62 62 62 63 63 63 62 62 62 62 62 61 59 57 56 56 56 56 55 55 55 56 57 57 57 58 59 60 61 61 62 62 62 60 56 52 52 52 54 55 57 58 57 55 54 53 52 52 52 52 52 52 52 52 52 52 52
53 52 51 51 50 50 51 53 54 56 58 58 59 61 63 63 63 63 64 64 63 62 62 63 64 64 63 62 62 64 66 67 68 68 68 66 65 63 63 62 62 62 63 63 63 62 62 62 62 62 61 61 58 56 56 56 56 56 56 56 56 57 58 58 58 59 60 61 61 61 61 61 61 59 54 52 52 52 52 54 55 55 54 54 53 53 52 52 52 52 52 52 52 52 52 52
53 52 51 51 50 50 51 53 54 56 57 58 59 60 61 61 62 62 62 62 62 62 62 62 64 63 62 62 62 64 66 67 68 68 68 67 66 65 64 64 63 63 63 63 63 62 62 63 63 63 62 61 59 58 56 55 55 56 56 56 56 57 57 57 58 59 60 60 60 61 60 59 59 59 55 52 52 52 52 53 53 54 53 53 53 53 52 52 52 52 52 52 52 52 52 52
52 52 51 50 50 50 51 53 54 55 57 58 59 59 60 61 61 61 61 62 62 62 62 62 63 62 62 62 62 64 67 68 68 68 68 68 67 66 66 65 64 64 64 64 64 64 63 63 63 64 63 62 61 60 58 55 55 56 56 56 56 57 57 57 58 59 60 60 60 61 60 57 56 59 55 52 52 52 52 52 53 53 53 53 53 53 52 52 52 52 52 53 53 53 53 53
52 51 50 50 50 50 51 53 54 55 57 58 58 58 59 60 60 61 61 62 61 61 62 62 62 62 62 62 63 65 68 68 68 68 68 69 68 68 67 66 65 65 65 65 65 65 64 64 64 65 65 63 62 61 59 55 55 56 56 56 56 57 57 57 57 58 59 60 60 61 58 54 53 56 53 52 52 52 52 52 53 53 53 53 53 53 53 53 53 53 53 53 53 53 53 53
51 51 50 50 50 50 51 53 54 55 57 58 58 58 59 59 59 59 61 61 61 61 62 62 62 62 62 62 63 67 68 69 69 69 69 69 69 69 68 67 66 65 65 65 66 65 65 65 65 65 65 64 63 62 58 56 56 56 56 56 57 57 57 57 57 57 58 60 61 60 57 53 52 52 52 52 52 52 52 52 53 53 53 53 53 53 53 53 53 53 53 53 53 53 54 54
51 50 50 50 50 50 50 52 54 55 57 57 58 58 58 59 59 59 59 60 60 60 62 62 63 62 61 62 65 67 69 69 69 69 69 70 70 70 70 68 67 67 67 67 67 66 65 65 65 65 65 65 64 62 57 56 56 57 56 57 59 58 57 57 56 56 57 59 61 57 54 52 52 53 52 52 53 52 52 52 52 53 54 54 53 53 53 53 53 53 53 53 53 53 54 54
51 50 50 50 49 49 50 51 54 55 57 57 57 57 58 58 59 59 59 59 60 60 61 62 62 60 61 62 65 67 69 69 70 70 70 70 71 71 71 70 68 68 68 68 68 67 65 65 65 65 66 65 64 62 57 56 57 57 57 58 59 58 57 57 56 56 57 59 59 54 51 51 52 55 55 53 53 52 52 52 52 53 54 54 54 53 53 53 53 53 53 53 53 53 54 54
51 50 49 48 48 49 49 51 53 55 56 57 57 57 57 58 58 58 58 58 58 59 61 62 61 60 61 63 65 67 69 69 70 70 70 71 71 71 71 71 69 68 68 68 69 67 66 65 65 65 65 65 63 62 60 58 58 58 58 59 59 59 57 56 56 56 57 58 58 52 51 51 52 55 57 55 53 53 53 53 53 53 53 53 54 53 52 52 52 52 52 52 52 53 53 54
51 50 49 48 48 49 49 51 53 55 55 56 57 57 57 57 57 57 57 57 57 58 60 61 59 60 62 64 65 67 69 69 70 70 70 71 71 72 72 71 69 69 68 68 68 67 66 65 64 64 65 64 61 59 60 61 60 59 59 59 59 59 56 56 56 55 56 57 55 52 51 51 51 53 57 58 55 54 54 53 53 53 53 53 54 55 52 52 52 52 52 52 52 52 52 53
50 49 48 47 47 48 49 52 54 54 54 55 56 56 56 57 57 56 56 56 57 58 59 59 59 60 63 64 65 67 69 69 70 70 70 71 71 71 71 70 69 68 68 68 67 66 65 65 63 63 63 64 60 56 57 60 60 59 59 59 59 58 56 56 56 53 53 54 52 52 51 51 51 52 57 61 58 56 56 54 53 52 52 52 55 56 53 52 52 52 52 52 52 52 52 52
49 47 47 47 47 48 49 52 54 54 52 53 55 55 56 57 56 56 56 56 57 58 59 59 59 61 63 64 65 67 69 70 70 70 70 71 71 70 70 70 69 68 68 68 67 66 65 64 63 63 63 63 61 56 56 57 58 59 59 59 60 60 59 58 56 52 51 52 52 52 52 51 51 53 58 62 61 59 58 55 53 52 53 55 56 57 53 52 52 52 52 52 52 52 52 52
47 47 47 47 47 47 49 51 54 54 51 51 54 55 55 56 56 56 56 56 57 58 59 59 59 62 63 64 65 66 69 70 70 70 70 71 71 70 70 70 69 68 67 67 66 65 65 64 63 63 62 62 62 57 55 55 56 59 59 60 60 60 59 58 54 51 51 51 51 51 54 54 54 56 61 63 62 61 59 55 53 53 56 57 57 57 55 52 52 52 52 52 52 52 51 51
49 50 51 49 47 47 49 49 51 51 50 51 54 55 55 56 56 56 56 56 58 59 59 59 60 62 63 64 65 67 69 70 70 70 71 71 71 70 70 70 69 68 67 66 65 64 64 63 63 62 61 61 62 58 55 55 55 58 59 60 60 59 58 55 52 51 52 51 51 54 57 58 59 62 64 66 62 60 58 54 52 52 54 56 57 58 55 53 52 52 52 52 52 52 51 51
51 54 55 50 47 47 48 48 49 49 50 52 55 55 55 55 55 56 56 56 58 59 60 60 61 62 63 64 65 67 69 70 70 70 71 71 71 70 70 70 69 68 67 66 65 64 63 62 62 61 59 59 62 58 55 55 55 57 58 59 59 59 55 51 51 51 51 51 54 57 60 62 63 66 67 67 65 60 56 53 52 52 53 55 57 57 55 53 53 52 52 52 52 52 51 51
52 55 55 51 46 47 47 48 48 48 50 52 54 54 54 54 55 56 56 57 58 59 60 61 62 62 63 64 65 67 69 70 71 71 72 72 71 71 71 70 69 68 67 65 65 63 62 60 59 59 57 57 60 59 55 55 55 56 56 58 59 58 53 51 51 52 52 52 55 59 63 64 66 67 69 68 65 60 54 52 52 52 53 55 56 56 55 53 53 53 53 52 52 52 52 52
53 55 55 51 46 46 47 47 47 47 49 51 52 53 53 54 54 55 55 56 58 59 61 62 62 63 64 65 65 67 69 70 71 72 74 73 71 71 71 71 69 68 66 65 65 63 61 59 59 59 56 56 58 59 56 55 55 56 56 57 58 57 53 51 51 51 52 53 58 63 64 64 66 67 68 65 62 57 53 52 52 53 54 55 55 55 55 53 52 52 53 52 52 52 54 53
54 55 54 52 49 49 47 46 46 46 49 50 51 52 52 53 54 54 54 56 59 60 61 62 63 64 64 65 66 67 69 70 72 72 74 73 71 71 71 70 68 67 65 65 65 64 62 61 60 60 57 56 57 59 57 55 55 56 56 56 56 56 53 52 52 51 51 54 59 63 61 61 64 64 61 59 57 55 52 52 53 53 54 54 55 55 54 52 52 53 55 55 55 55 55 54
54 55 54 53 52 53 50 46 46 46 48 49 50 50 51 52 53 53 54 57 60 61 62 62 63 64 65 66 67 67 69 71 72 72 73 73 72 71 71 70 68 68 69 68 67 66 64 63 62 61 57 56 56 58 58 57 56 56 56 56 55 55 53 52 52 51 51 55 59 59 58 58 60 58 56 54 55 54 52 52 53 54 54 54 55 55 53 52 52 53 55 57 59 59 56 54
53 55 54 54 54 54 51 47 46 46 48 49 49 49 50 51 51 52 54 57 59 60 61 62 62 64 66 68 68 68 69 71 72 72 72 72 72 72 71 73 72 72 73 71 69 68 66 64 63 60 57 56 56 57 59 59 58 56 56 56 55 54 53 53 53 52 52 55 56 56 55 55 56 56 55 54 53 52 52 52 53 54 54 54 55 54 53 52 52 54 55 58 60 60 57 54
53 55 55 55 55 54 51 48 47 47 47 48 48 48 48 50 50 50 52 56 58 60 61 61 61 64 67 69 69 69 70 71 71 71 72 73 73 73 73 74 75 75 74 73 71 69 66 64 63 60 58 57 58 59 60 59 59 56 56 56 55 54 54 54 54 54 53 55 55 55 55 55 58 58 55 54 52 52 52 53 53 53 54 54 55 54 54 54 56 56 56 57 58 57 55 53
54 55 55 55 55 54 52 49 47 47 47 47 47 47 47 50 50 50 51 55 58 60 60 60 61 65 68 70 70 70 71 71 71 71 72 73 73 74 74 74 76 75 75 74 72 69 66 64 64 61 59 58 59 59 60 60 59 57 56 56 55 54 54 55 55 55 54 55 55 55 55 56 59 59 56 54 52 52 52 53 53 53 54 54 55 54 54 55 57 58 57 57 57 56 55 53
54 55 55 55 55 54 53 52 49 47 47 47 47 47 47 49 49 50 50 54 57 59 60 60 61 65 68 70 70 70 71 71 71 71 72 73 74 74 74 74 74 74 73 71 69 66 65 64 64 62 61 59 59 59 60 60 59 58 56 56 55 55 55 56 58 58 56 55 55 55 55 56 58 58 55 53 53 53 53 53 53 53 54 54 55 55 56 59 62 62 58 56 56 55 54 52
55 55 55 55 55 54 54 54 52 49 46 46 46 46 47 48 49 49 49 52 55 57 58 60 61 64 68 70 70 70 71 71 71 71 72 74 73 73 71 71 70 70 69 67 66 65 64 64 64 63 62 60 60 60 60 60 59 59 57 56 55 55 55 56 58 58 56 55 55 55 56 56 56 54 52 52 52 53 53 53 53 54 54 54 55 56 60 65 65 62 58 55 55 55 54 52
55 55 55 55 55 55 54 54 53 50 46 46 46 46 47 48 49 49 49 51 54 57 58 59 60 64 68 70 72 73 71 71 71 71 72 74 74 72 71 70 68 67 66 65 65 64 64 64 64 64 62 61 60 60 60 60 60 59 58 56 56 55 55 56 56 56 56 56 56 56 56 55 53 52 52 52 52 53 53 53 54 55 55 55 55 58 64 69 66 59 56 55 55 55 54 51
55 55 55 55 55 54 54 53 53 50 46 46 46 47 49 51 49 49 49 50 53 57 59 60 61 64 68 72 76 77 74 70 69 70 72 74 74 72 70 67 65 65 63 64 64 64 64 64 64 64 62 61 60 60 60 60 60 59 59 57 55 55 55 55 55 55 56 57 58 58 57 54 52 52 52 52 52 52 52 53 54 55 55 55 56 60 68 69 63 57 55 54 54 54 53 51
54 54 54 54 54 54 54 53 52 48 46 46 49 50 52 52 49 49 49 49 53 57 59 61 63 66 71 76 80 81 77 71 68 68 70 71 71 69 67 65 63 63 63 63 63 64 64 64 64 64 62 62 61 61 60 60 60 60 60 57 55 55 55 55 55 55 57 59 59 59 58 54 52 52 52 52 52 52 52 54 54 55 56 56 57 61 66 65 59 55 54 54 54 54 52 50
54 53 53 53 53 53 52 52 50 47 48 50 54 55 55 54 49 49 49 51 53 57 60 62 65 69 73 80 84 84 79 72 67 65 67 68 68 67 65 63 63 63 63 63 63 64 64 64 64 64 64 64 65 63 61 60 60 60 60 57 55 55 55 55 55 56 58 60 61 60 58 54 52 52 52 52 52 52 52 55 56 57 57 58 58 60 62 60 57 55 53 53 54 54 51 49
53 52 52 52 52 52 51 50 49 50 53 56 58 59 58 55 51 50 50 52 54 56 60 63 68 72 77 83 86 85 80 73 66 63 63 64 65 64 62 62 62 62 62 62 62 64 64 65 65 65 66 68 69 67 63 61 61 60 60 57 55 55 55 55 56 58 59 62 62 61 58 53 52 52 52 52 52 52 53 56 57 58 59 59 59 59 60 59 58 56 54 53 53 53 51 49
52 50 50 50 51 51 50 50 50 55 58 59 59 59 59 56 53 50 50 52 53 56 60 64 70 75 81 84 86 84 80 73 67 63 62 62 62 62 61 61 61 61 62 62 62 64 65 65 65 66 68 71 73 71 66 64 62 60 59 57 55 55 55 56 57 59 61 63 64 62 57 52 52 52 52 52 52 52 53 56 57 59 60 60 59 60 60 61 61 59 55 53 52 52 51 49
50 50 50 50 50 50 50 50 54 58 59 60 60 60 59 57 55 52 51 51 53 55 60 65 71 78 82 84 84 81 77 73 67 63 61 61 60 60 60 60 61 61 62 62 64 65 66 66 66 68 70 72 74 73 70 68 65 61 59 57 55 55 56 56 58 61 63 64 64 61 56 52 52 52 52 52 53 54 55 55 56 59 60 60 60 62 63 63 62 59 56 53 51 51 50 49
