geo_cache/5-2/elevation.txt
ncols         942
nrows         918
xllcorner     -71.37777777777778
yllcorner     42.256
cellsize      1.0E-5
NODATA_value  -9999
[rows 600 to 659 of 918, columns 96 to 191 of 942]
71 72 72 72 72 72 73 74 74 74 73 72 71 70 70 70 70 71 71 72 72 72 72 72 75 80 86 96 105 112 111 103 96 93 89 87 86 85 84 85 89 92 97 101 102 102 102 101 101 99 95 92 88 85 84 83 79 79 80 80 78 76 74 72 70 68 65 63 62 62 60 59 59 61 61 61 63 64 65 66 66 67 69 70 71 71 71 69 67 66 65 65 65 65 65 66
71 72 72 72 72 72 73 73 73 73 72 72 70 70 70 70 71 72 72 72 72 72 72 72 75 80 85 95 105 110 107 101 96 94 91 88 86 85 84 83 86 89 94 97 99 100 102 102 101 101 99 95 90 85 83 81 78 77 79 79 77 76 72 69 67 65 63 62 61 60 58 58 58 59 59 60 62 64 64 65 66 67 68 69 70 71 72 70 68 67 65 65 65 65 65 65
71 73 73 71 71 72 72 73 73 72 72 71 70 70 70 70 71 72 72 72 73 75 75 73 75 79 83 91 100 106 104 100 96 95 93 90 87 85 84 83 84 85 90 92 93 96 100 102 104 104 101 96 90 86 84 82 79 76 76 76 75 74 71 67 64 63 62 60 59 58 58 58 58 58 58 58 62 63 63 65 66 66 67 68 70 71 72 71 70 67 66 65 65 65 65 65
71 73 73 71 71 72 72 72 72 72 71 70 70 70 70 71 72 72 72 72 76 78 77 77 76 77 79 85 93 99 101 99 96 95 93 90 87 85 84 83 81 82 85 87 89 93 97 101 103 103 100 94 89 86 84 82 79 76 74 73 73 70 68 65 63 62 60 59 59 58 58 58 58 58 58 59 61 63 63 65 65 66 67 67 69 70 71 71 71 69 67 65 65 65 65 65
73 74 73 71 71 72 72 71 71 71 70 70 70 70 70 71 72 72 72 73 78 80 79 80 79 76 76 78 84 90 94 96 95 94 93 90 87 85 84 83 81 81 81 83 85 90 94 97 99 97 94 91 88 87 83 79 78 76 72 72 70 67 65 64 62 62 59 58 58 58 58 58 58 59 59 60 61 63 63 64 64 65 66 67 68 69 71 72 72 71 68 65 65 65 65 65
75 75 73 71 71 72 72 71 71 70 69 69 69 70 70 72 72 72 72 73 78 81 81 81 80 77 76 76 78 83 87 90 91 92 92 90 88 85 83 82 81 80 79 81 82 85 88 92 94 93 90 88 87 86 83 78 75 73 71 69 68 65 63 62 61 61 59 58 58 58 58 59 60 61 62 62 62 63 63 64 64 65 66 66 68 69 71 72 72 71 69 66 65 65 65 64
75 75 73 71 71 71 71 71 70 69 69 69 69 70 71 72 72 72 72 72 76 80 82 82 80 78 76 76 76 78 81 85 87 89 90 90 88 85 82 81 80 80 78 78 80 80 82 85 87 88 85 85 86 84 82 77 73 70 68 67 66 64 62 60 59 59 59 59 59 59 60 61 62 63 63 63 63 63 63 63 63 64 66 66 68 69 71 71 71 72 71 68 66 65 64 63
74 74 73 71 71 71 71 70 69 69 69 69 69 69 71 71 72 72 72 72 75 79 82 82 81 79 78 78 77 77 79 81 85 86 87 87 85 83 81 80 80 79 76 75 77 77 78 79 81 82 81 81 82 80 78 76 71 69 67 66 64 62 60 59 59 60 60 60 60 61 62 63 64 64 64 63 62 62 62 62 62 64 66 66 68 69 70 71 71 72 72 70 67 65 64 63
73 73 71 71 71 71 71 70 69 69 69 69 69 70 70 71 71 71 71 72 73 78 83 83 81 80 80 81 81 79 79 81 85 85 84 83 82 81 79 79 78 78 76 74 75 75 76 76 77 77 78 78 77 76 74 74 71 67 66 63 61 59 59 59 61 61 61 61 60 61 62 62 63 63 63 62 62 62 62 62 62 64 65 66 68 69 70 71 71 72 72 71 68 66 64 63
70 71 71 71 71 71 71 70 69 69 69 69 70 71 71 71 71 71 71 71 73 77 82 82 81 80 80 81 83 82 82 84 85 85 83 80 80 80 79 77 77 76 75 73 73 73 74 74 74 75 75 75 74 72 71 72 70 66 65 62 60 59 59 61 62 62 61 61 61 61 61 61 62 62 61 61 62 62 62 62 62 64 65 66 67 68 69 70 71 71 72 71 68 67 65 63
68 69 70 70 70 71 71 70 69 69 69 69 71 72 73 71 71 70 70 71 73 76 79 81 80 80 80 81 83 84 84 85 85 86 85 80 78 80 78 76 75 75 73 72 70 71 72 73 73 74 75 74 72 69 68 68 67 65 63 61 59 59 60 61 61 61 61 61 61 60 60 61 61 61 60 61 62 61 61 62 62 63 64 65 66 68 69 70 70 71 71 70 68 67 65 63
68 69 69 69 70 70 70 69 69 69 69 70 72 76 76 73 70 70 70 72 76 78 79 80 80 80 81 81 84 86 86 84 84 85 83 78 76 76 75 74 74 73 72 71 69 68 71 71 72 74 75 73 71 67 65 65 64 62 62 60 60 60 60 60 60 60 60 60 60 60 60 60 60 60 60 60 61 61 61 62 62 63 63 64 66 67 69 69 69 70 70 70 69 67 65 64
68 68 68 70 70 69 69 68 68 69 70 72 77 80 80 76 71 70 70 73 79 80 80 80 80 80 82 84 87 89 89 86 81 79 78 74 72 72 71 70 70 70 70 69 68 66 69 70 71 74 76 74 70 66 64 63 62 60 60 60 60 60 60 60 60 60 60 60 60 60 60 60 60 60 60 60 60 61 61 62 62 62 62 62 64 66 68 68 69 69 69 69 70 69 66 65
68 67 67 70 70 68 68 68 68 69 72 76 82 85 84 78 73 70 70 75 80 81 80 80 81 81 84 86 88 92 92 89 82 77 75 73 69 68 68 68 68 67 67 66 65 65 67 68 70 73 75 74 68 64 62 62 61 60 60 60 60 60 60 60 60 60 60 60 60 60 60 60 60 60 60 60 60 61 61 62 62 62 62 62 63 65 66 67 68 68 68 68 70 70 67 65
67 67 67 68 70 68 68 68 68 71 75 81 85 87 87 81 75 70 71 78 82 81 79 80 80 82 84 86 88 93 93 91 86 80 77 75 71 67 66 66 66 65 63 63 63 64 65 66 68 70 72 71 65 62 61 60 59 59 59 59 59 59 59 59 60 60 60 60 60 60 60 60 60 60 60 60 60 61 61 62 62 62 62 62 62 63 65 66 67 67 67 67 69 70 68 65
67 67 67 67 69 68 68 68 69 74 79 83 87 89 89 82 76 71 73 80 83 80 79 80 82 83 84 86 88 92 92 89 85 81 77 77 73 68 65 64 64 63 62 62 62 63 63 64 65 67 69 67 63 61 61 60 59 59 59 59 59 59 59 59 60 60 60 60 60 60 60 60 60 60 60 60 61 61 61 62 62 61 61 61 61 62 63 65 66 66 65 66 67 70 69 66
70 67 67 67 67 67 68 68 71 77 81 85 89 91 88 82 76 72 74 80 83 81 81 83 85 85 84 86 87 89 89 86 81 77 74 74 73 69 66 64 63 62 61 61 61 61 62 62 62 63 65 63 61 60 60 60 59 59 59 59 59 59 59 59 60 60 60 60 60 60 60 60 60 60 60 61 61 61 61 61 61 60 60 60 61 61 62 63 64 64 64 65 66 68 68 66
72 68 67 67 67 67 68 69 73 78 82 86 90 90 86 80 75 74 75 79 82 83 84 86 88 88 86 86 86 87 86 81 78 74 72 71 71 69 68 65 64 63 62 61 60 60 61 61 61 61 61 61 60 59 59 59 60 60 60 60 60 60 60 60 60 60 60 60 60 60 60 60 61 61 61 61 61 61 61 61 61 60 60 60 60 61 61 62 62 63 63 65 66 66 67 66
74 68 67 67 67 67 68 70 74 76 81 84 87 87 83 79 76 77 78 80 82 86 88 90 92 90 86 86 86 86 84 80 76 73 71 71 70 69 68 66 64 63 63 61 60 59 60 60 60 59 59 59 59 58 58 58 59 59 59 59 60 60 60 60 60 60 60 60 60 60 60 60 61 61 61 61 61 61 61 61 60 60 60 60 60 60 60 61 62 62 64 66 66 66 66 66
75 69 67 67 67 67 68 72 75 77 81 82 83 83 81 78 78 79 81 82 84 88 90 92 92 91 87 86 86 85 84 81 76 73 71 71 70 69 68 67 64 64 63 62 60 59 59 59 59 58 57 58 58 57 57 58 59 59 59 59 60 60 60 60 60 60 60 60 60 60 60 60 61 61 61 61 61 61 61 61 60 60 60 60 60 60 60 61 61 63 66 68 67 66 66 66
75 69 67 67 67 67 69 74 77 79 81 81 81 81 80 79 79 80 81 82 85 89 91 92 92 91 87 86 86 85 84 81 76 72 71 71 70 69 68 67 64 63 63 62 60 58 58 58 58 57 56 56 57 57 58 59 59 59 59 59 60 60 60 60 60 60 60 60 60 60 60 60 60 60 61 61 61 61 61 61 60 60 60 60 60 60 60 60 61 63 67 70 69 67 66 66
75 69 67 67 67 67 70 74 77 79 80 81 80 80 80 79 79 79 80 82 86 90 91 91 92 91 87 86 86 85 85 82 76 72 71 71 71 70 69 67 64 63 62 61 59 58 57 57 56 56 56 56 56 56 58 59 59 59 59 59 60 60 60 60 60 60 60 60 60 60 60 60 60 60 61 61 61 61 61 61 60 60 60 60 60 60 60 60 60 63 67 70 70 68 66 66
75 69 67 67 67 69 73 76 77 79 80 80 80 80 80 82 80 79 79 83 88 89 90 91 92 90 86 85 85 87 87 84 77 73 71 71 71 70 68 67 63 62 61 59 59 58 57 56 56 56 56 56 56 57 58 60 60 60 60 60 60 60 60 60 60 60 60 60 60 60 60 60 60 60 61 61 62 61 61 60 60 60 60 60 60 60 60 60 60 63 66 68 69 69 67 67
75 69 67 67 67 70 74 76 78 78 80 80 80 80 82 84 82 79 79 83 87 87 88 90 91 89 86 84 84 88 88 86 79 73 71 70 70 69 67 67 63 62 59 58 58 57 56 56 55 55 56 56 57 58 59 60 60 60 60 60 60 60 60 60 60 60 60 60 60 60 60 60 60 60 60 61 62 61 61 60 60 60 60 60 60 60 60 60 60 64 66 67 68 68 68 67
73 68 67 67 67 71 74 77 79 79 80 80 80 80 83 86 82 79 79 83 84 83 83 86 87 88 86 82 84 89 89 86 81 74 71 69 68 68 67 67 64 62 59 58 57 56 55 55 55 55 56 57 58 59 60 60 60 60 60 60 60 60 60 60 60 60 60 60 60 60 60 59 59 59 59 59 60 61 60 60 60 59 59 59 59 58 58 58 58 60 62 63 64 65 65 65
71 68 67 67 68 72 75 77 79 79 79 80 80 81 83 86 82 79 79 81 81 78 78 80 82 85 84 79 81 88 89 86 81 76 71 69 69 68 67 67 65 63 59 57 57 56 56 56 55 56 57 58 59 59 59 59 59 60 60 60 60 60 59 59 59 59 59 59 59 59 59 58 58 58 58 58 59 59 59 59 59 58 58 57 57 56 56 55 55 55 56 59 60 61 61 61
69 67 67 67 70 73 75 77 78 78 77 78 80 82 84 84 81 78 78 79 78 76 74 75 79 80 79 77 79 85 86 83 79 76 71 70 70 70 70 69 67 65 60 57 57 58 58 58 57 58 59 59 59 59 59 59 59 60 60 60 60 59 59 58 58 58 58 58 58 58 58 57 57 57 57 57 59 59 58 57 57 56 56 56 55 55 55 55 55 55 55 57 59 59 60 60
68 66 66 66 71 75 76 76 75 75 75 77 80 83 84 82 78 76 77 77 76 74 72 73 75 76 75 75 78 82 83 81 77 74 70 70 70 71 73 72 69 67 62 57 57 59 59 59 59 59 60 59 59 59 59 59 59 59 59 59 59 59 58 57 57 57 58 58 58 57 57 57 57 57 57 57 59 58 58 57 57 56 55 55 55 55 55 55 55 55 55 56 57 58 59 59
67 65 64 66 71 74 75 73 72 72 73 77 80 83 83 79 75 74 76 77 74 72 72 72 73 74 72 73 76 80 81 80 75 71 68 70 71 73 75 74 70 68 64 59 57 57 58 59 59 60 59 59 58 58 58 58 57 57 58 58 58 58 58 57 57 57 58 58 57 57 57 57 57 57 57 57 59 58 58 57 57 56 55 55 55 55 55 55 55 55 55 56 57 57 57 57
65 63 62 65 70 71 70 70 70 70 72 76 79 81 80 76 74 74 76 76 74 72 72 72 72 72 71 71 75 78 80 79 74 69 67 69 73 75 76 75 71 69 65 60 55 55 57 59 59 60 59 58 58 58 57 56 56 56 57 57 57 57 57 57 57 57 57 57 57 58 59 57 57 57 57 58 59 58 58 57 57 56 55 55 55 55 54 54 54 54 55 55 56 56 56 58
63 62 62 65 68 69 68 68 68 69 71 74 77 78 77 74 73 73 74 73 73 73 73 73 73 72 71 71 73 76 77 76 71 66 65 69 73 75 76 75 72 70 66 61 54 53 56 58 59 59 58 59 58 57 56 55 55 56 56 57 57 57 57 57 57 57 57 57 57 59 60 58 57 57 57 58 58 57 57 57 57 56 55 55 55 55 54 54 54 54 55 55 56 56 56 58
62 62 62 66 68 68 68 68 68 69 71 74 75 75 75 73 73 73 73 72 72 73 74 75 77 75 73 73 75 75 74 73 69 64 64 69 73 75 75 73 71 70 66 61 55 52 54 57 59 58 57 58 58 55 55 55 55 55 56 56 56 57 57 57 57 57 57 57 58 59 58 57 57 57 57 58 57 57 57 57 56 56 55 55 55 55 54 54 54 54 55 55 56 56 56 58
62 62 64 68 69 68 68 68 68 71 73 75 74 74 74 73 73 73 73 72 72 72 74 76 78 78 76 76 76 74 71 70 67 64 65 70 73 74 73 72 69 67 64 60 55 53 54 57 58 57 57 57 56 54 54 54 54 54 54 54 56 57 57 57 57 57 57 57 57 57 57 57 57 57 57 57 57 57 57 56 56 56 55 55 55 55 55 55 55 55 55 55 56 56 56 57
62 62 66 71 70 67 67 67 69 74 77 79 76 75 74 73 73 73 73 73 72 72 73 74 76 77 75 74 72 71 69 68 66 64 66 70 73 73 71 70 67 65 61 59 55 53 54 56 56 56 56 55 54 54 54 54 54 54 54 54 55 56 56 56 57 57 57 56 56 56 56 57 57 57 57 57 56 56 56 56 56 56 55 55 55 55 55 55 55 55 55 56 56 56 56 58
62 65 69 72 70 67 67 67 71 77 82 83 81 79 76 74 73 73 74 74 72 72 71 71 72 72 71 69 67 67 66 66 64 64 66 72 75 73 70 68 64 62 59 57 56 54 54 55 55 55 55 54 54 54 54 54 54 54 54 54 55 56 56 56 57 57 57 56 56 56 56 56 56 56 56 56 55 55 55 55 55 56 55 55 55 55 55 55 55 55 55 56 56 56 58 60
63 67 71 72 69 66 66 67 74 82 85 85 84 81 76 73 73 74 75 75 73 73 72 70 68 67 66 65 65 65 63 64 64 64 67 73 76 75 71 66 61 59 57 55 55 54 54 54 55 54 54 54 54 54 54 54 54 54 54 54 55 56 56 56 56 56 56 56 56 56 55 55 55 55 55 55 55 55 55 55 55 55 55 55 55 55 55 55 55 55 55 56 56 57 60 61
66 69 73 73 69 66 66 68 77 84 86 87 86 81 75 73 73 74 76 76 74 74 74 72 69 65 62 63 64 62 60 62 63 64 67 72 76 76 71 63 59 57 55 54 54 54 54 54 54 54 54 54 54 54 54 54 54 54 54 54 56 56 55 55 55 55 55 55 55 55 55 55 55 55 55 55 55 55 55 55 55 55 55 55 55 55 55 55 55 55 55 55 55 57 60 61
69 71 74 73 69 66 66 71 79 84 86 87 83 78 74 73 73 75 76 77 76 75 74 74 71 66 62 60 61 59 58 61 63 65 67 71 74 73 68 61 57 55 54 54 54 54 54 54 54 54 54 54 54 54 54 54 54 54 54 54 55 55 54 54 54 55 55 55 55 55 55 55 55 55 55 55 55 55 55 55 55 55 55 55 55 55 55 55 55 55 55 55 55 55 58 59
71 73 74 74 70 66 67 73 81 85 86 86 81 76 74 73 73 75 76 76 77 75 74 73 71 67 62 58 58 58 58 61 64 65 67 69 71 68 64 60 56 55 54 54 54 54 54 54 54 54 54 54 54 54 53 53 53 54 54 54 53 53 54 54 54 55 55 55 55 55 55 55 56 56 56 56 55 55 55 55 56 56 55 55 55 55 55 55 55 55 55 55 54 54 56 57
73 74 74 73 69 66 68 74 81 85 85 84 80 75 73 72 72 73 74 74 75 74 73 72 71 67 62 58 58 58 59 62 65 65 64 66 66 64 62 60 57 55 54 54 54 54 54 54 54 54 54 54 54 54 53 53 53 53 53 54 53 53 54 54 54 55 55 55 55 55 55 56 56 56 56 56 55 55 55 55 56 56 56 56 56 56 55 56 58 56 55 55 55 55 55 56
72 73 73 71 67 66 69 75 81 84 84 81 77 74 73 71 71 72 72 72 72 72 72 71 70 67 63 59 58 58 59 62 64 64 63 63 62 62 60 59 57 55 54 53 53 54 54 54 54 54 53 53 53 53 52 53 53 53 53 53 53 53 54 54 54 55 55 55 55 55 56 56 57 57 57 57 55 55 55 55 56 56 56 56 56 56 56 58 60 58 56 55 55 55 55 56
71 71 71 69 67 67 72 76 81 82 81 78 75 74 72 70 70 70 71 70 70 70 70 69 69 67 63 59 58 58 59 61 63 63 62 61 60 60 59 58 56 55 53 53 53 54 54 54 54 53 52 52 52 52 52 53 53 53 53 53 54 54 54 54 55 55 55 56 56 57 57 57 57 57 57 56 55 55 55 55 55 56 56 56 56 56 58 60 60 59 57 55 55 55 56 56
70 70 69 68 67 70 75 78 81 80 78 76 76 74 71 70 69 69 70 69 69 69 69 68 67 66 63 59 58 58 59 60 61 62 61 61 60 59 58 57 55 54 53 53 53 53 53 53 53 52 52 52 52 52 52 52 52 52 52 52 53 54 54 55 56 57 59 59 58 58 58 58 57 57 57 56 55 55 55 55 55 56 56 56 56 56 58 60 60 60 57 56 56 56 57 57
70 69 68 68 68 72 77 80 80 78 77 77 78 76 71 70 69 68 68 68 68 68 67 67 67 65 62 59 58 58 59 60 61 61 61 60 59 58 57 56 55 54 53 53 54 53 52 52 52 52 52 52 52 52 52 52 52 52 52 52 53 54 56 57 58 60 62 61 60 59 58 58 57 57 57 56 55 55 55 55 55 56 56 56 56 56 58 60 60 60 58 57 57 57 58 57
69 69 67 67 69 74 77 79 79 76 76 78 81 78 71 70 69 69 68 68 67 67 66 66 66 65 63 60 58 58 59 60 60 60 60 59 58 56 56 56 56 55 54 53 53 53 52 52 52 52 52 55 54 52 52 52 52 52 52 52 54 56 57 59 61 62 62 62 60 59 59 58 57 57 57 56 55 56 57 57 56 56 56 56 56 57 58 60 60 60 59 59 59 59 59 58
69 68 66 66 72 77 80 80 77 75 76 80 83 79 72 70 70 71 72 71 69 67 66 65 65 65 63 61 59 60 60 61 60 59 58 57 57 57 57 57 56 55 54 53 52 52 52 52 52 52 54 56 55 52 52 52 52 52 52 53 54 57 59 61 63 63 63 62 61 60 60 58 57 57 57 57 57 58 59 59 58 58 58 58 58 59 60 60 60 60 60 60 60 60 60 58
69 68 66 67 73 80 83 80 76 73 75 80 83 80 73 71 73 76 77 76 73 70 67 65 65 64 64 62 61 62 61 61 60 59 57 57 58 59 58 56 54 53 52 52 52 52 52 52 52 52 54 55 55 54 52 52 52 52 53 53 54 58 61 63 64 64 63 62 61 60 60 59 58 58 58 59 59 59 59 59 59 59 59 59 59 59 60 60 60 60 60 60 60 60 60 59
69 67 65 67 72 78 82 79 75 73 75 80 82 79 75 73 77 80 80 79 76 72 68 65 65 65 65 64 63 63 62 61 60 59 58 57 58 58 55 53 52 52 52 52 52 52 52 52 52 52 53 54 55 55 53 54 54 54 54 54 55 58 63 65 65 64 62 61 60 60 60 59 59 59 59 60 60 60 60 60 60 60 60 60 60 60 60 60 60 60 60 60 60 60 60 59
68 66 65 66 70 75 78 76 72 72 75 79 80 78 75 75 78 79 79 79 76 72 69 67 66 66 66 64 63 63 63 62 60 60 60 57 55 54 52 52 52 52 52 52 52 52 52 52 52 52 52 52 54 55 54 54 54 54 54 55 57 60 64 66 66 64 62 60 60 60 59 59 59 59 59 60 60 60 60 60 60 60 60 60 60 60 60 60 60 60 60 60 60 60 60 60
65 65 65 65 69 72 74 72 70 71 74 76 77 74 73 73 75 76 76 76 74 72 70 70 69 68 66 64 63 63 64 62 60 59 59 55 52 52 52 52 52 52 53 53 52 52 52 52 52 52 52 52 53 53 54 54 54 54 54 55 57 59 63 66 67 65 64 61 60 60 59 59 59 59 59 60 60 60 60 60 60 60 60 60 60 60 60 60 60 60 60 60 60 60 60 60
65 65 65 65 68 70 71 69 68 69 71 72 72 70 69 70 72 72 72 72 72 72 73 74 72 69 66 63 62 62 62 60 59 59 57 54 54 53 54 55 54 54 53 53 52 52 52 52 52 53 52 52 53 53 54 54 54 54 54 55 56 58 61 66 67 67 67 64 61 60 59 59 59 59 59 59 59 59 59 59 60 60 59 59 59 59 59 60 60 60 60 60 60 60 60 60
66 66 66 66 66 68 69 68 68 68 70 69 69 69 68 69 69 69 69 69 69 71 75 76 73 67 64 62 62 61 61 60 59 59 56 54 56 56 56 57 56 55 54 53 52 52 52 52 54 54 52 53 54 55 55 55 55 55 55 55 56 57 61 66 68 68 70 67 62 60 60 59 59 59 59 59 59 59 59 59 59 59 59 59 59 59 59 59 59 59 60 60 60 60 60 60
65 65 65 65 65 66 67 68 68 69 71 71 71 70 70 69 69 69 68 67 66 69 73 73 70 65 62 61 61 61 60 60 59 58 55 53 54 55 55 55 55 55 54 52 52 52 53 54 55 54 53 55 57 58 58 58 57 56 56 56 56 57 60 65 69 70 72 69 63 60 60 59 59 59 59 59 59 59 59 59 59 59 59 59 59 59 59 59 59 59 60 60 60 60 60 60
63 63 64 64 65 64 65 67 69 72 74 75 75 74 74 73 72 72 70 66 65 67 70 69 65 62 61 61 61 61 60 59 59 57 54 52 52 53 53 53 53 53 52 52 52 52 54 55 54 53 56 58 61 63 62 62 59 57 56 56 56 57 60 64 68 69 71 69 65 63 61 60 59 59 59 59 58 58 58 58 59 59 59 59 59 59 59 59 59 59 60 60 60 60 60 60
62 62 63 63 62 61 64 67 70 73 75 76 77 77 77 76 75 74 73 68 65 65 66 64 61 60 60 60 60 60 59 59 57 54 52 52 52 52 52 52 52 52 52 52 52 54 54 54 53 54 58 62 65 66 67 66 63 58 56 56 58 59 60 63 66 67 68 67 67 67 65 62 59 59 59 58 58 58 58 58 58 58 58 58 58 59 59 59 59 60 60 60 60 60 60 60
61 61 62 61 59 59 64 68 70 72 74 74 76 76 76 76 74 73 72 68 64 64 63 60 59 59 60 60 60 59 58 56 54 53 52 52 52 52 52 52 52 52 52 52 53 54 53 53 53 55 60 65 67 67 68 68 64 58 57 57 59 60 62 64 66 67 68 69 70 70 69 65 60 59 59 58 58 58 58 58 58 58 58 58 58 59 59 59 59 60 60 60 60 61 62 61
60 60 61 59 57 58 63 67 69 70 73 73 73 74 73 71 70 69 67 65 63 61 59 58 58 58 59 59 59 59 56 54 52 52 52 52 52 52 52 52 52 52 52 52 53 54 54 54 54 56 61 66 66 65 64 64 62 58 56 56 57 58 60 64 66 69 71 72 73 73 72 68 62 59 58 58 58 58 58 58 58 58 58 58 58 59 59 59 59 60 60 62 63 64 65 66
60 59 59 58 56 57 61 65 67 69 71 71 71 71 68 65 65 63 62 62 60 58 57 56 56 56 58 58 58 58 55 52 52 52 52 52 52 52 52 52 52 52 52 52 52 53 53 53 53 56 61 66 65 63 61 60 58 57 54 54 54 55 57 61 66 71 74 76 76 76 75 70 64 59 58 58 57 57 57 57 57 58 58 58 58 59 59 59 59 60 62 65 67 67 67 68
58 57 56 55 54 54 57 60 63 65 67 68 68 67 62 60 60 59 59 59 58 56 55 54 55 55 56 56 56 56 54 52 52 52 52 52 52 52 52 52 52 52 52 52 52 52 52 53 53 56 61 65 65 62 60 58 56 55 54 53 53 54 56 59 67 73 78 79 78 78 75 70 64 60 58 58 57 57 57 57 57 58 58 58 59 59 59 59 59 60 64 67 70 69 69 69
55 54 52 52 52 52 54 55 57 59 61 62 62 60 58 56 57 58 58 57 57 54 53 52 53 53 53 53 54 54 53 52 52 52 52 52 52 52 52 52 52 52 52 52 52 52 52 53 53 55 59 62 61 60 59 58 56 55 54 53 53 54 56 60 67 74 79 79 79 78 74 68 63 59 58 57 57 57 57 57 57 58 58 59 60 60 59 59 59 63 66 69 71 71 70 69
