geo_cache/2-2/elevation.txt
ncols         942
nrows         918
xllcorner     -72.41111111111111
yllcorner     42.256
cellsize      1.0E-5
NODATA_value  -9999
[rows 630 to 671 of 918, columns 846 to 939 of 942]
305 306 307 308 308 305 302 298 295 295 295 295 295 295 299 304 308 309 309 308 307 304 302 302 305 306 305 303 302 300 298 298 298 300 301 303 304 304 304 304 304 304 305 305 307 313 317 317 314 313 315 318 321 321 321 324 326 328 332 336 337 333 327 323 321 319 317 313 311 311 311 311 312 312 311 310 309 308 308 308 308 308 308 307 306 305 306 308 310 314 319 321 322 324
305 306 307 307 307 305 302 298 295 295 295 295 295 295 300 305 308 308 308 307 305 303 302 303 307 307 305 303 302 299 299 299 299 300 301 302 303 303 303 303 303 303 304 305 307 312 315 315 313 313 315 317 318 319 321 324 326 329 334 338 339 335 329 324 322 318 316 312 311 311 311 311 312 312 311 309 308 307 307 307 308 308 307 306 305 304 305 307 310 314 318 320 321 323
304 305 305 305 305 304 301 297 295 295 295 295 295 295 300 305 307 307 306 305 304 302 302 304 308 308 305 303 301 299 299 299 299 299 299 300 300 301 300 301 301 302 303 304 306 310 312 312 311 312 314 315 317 321 323 325 327 330 335 340 341 337 331 326 322 318 314 312 311 311 311 312 311 311 310 309 308 307 307 307 307 307 306 305 304 303 304 307 309 313 317 319 319 320
303 303 303 302 302 302 300 296 295 295 295 295 295 295 300 303 304 304 304 304 302 302 302 305 309 308 305 303 300 299 299 299 299 299 299 299 299 299 299 299 299 301 302 304 306 308 309 310 310 311 313 316 320 324 326 327 329 332 336 341 342 339 332 326 322 317 314 311 311 311 312 311 311 310 309 309 308 308 307 307 306 305 305 304 303 302 303 306 309 312 315 317 317 317
301 301 300 298 298 299 297 295 295 295 295 295 295 295 298 300 302 302 302 302 302 302 303 305 307 306 305 302 300 299 299 299 299 299 299 299 299 299 299 299 299 299 301 303 305 307 307 308 309 312 316 320 324 327 328 329 330 333 336 341 343 339 333 327 322 317 313 311 311 311 311 311 310 309 309 309 309 308 308 308 305 304 303 303 302 301 302 305 308 310 313 315 315 314
299 299 298 296 296 297 295 295 295 295 295 295 295 295 296 298 300 301 301 301 301 302 304 305 306 306 304 302 299 299 299 299 299 299 299 299 299 299 299 299 299 299 300 302 304 306 307 308 310 313 318 324 328 330 330 330 331 333 336 341 343 339 333 327 322 317 313 312 312 312 311 310 309 309 309 309 309 308 308 307 305 304 303 302 301 300 301 303 306 308 310 312 313 312
298 297 297 295 294 295 295 295 295 295 295 295 295 295 296 297 298 299 299 300 301 302 303 304 304 304 303 301 299 299 299 299 299 299 299 299 299 299 299 299 299 299 300 301 303 306 307 308 310 314 320 326 329 331 331 331 331 332 335 340 342 339 333 328 323 318 314 312 312 312 311 310 310 310 310 309 309 308 307 306 304 303 302 302 300 300 300 302 304 305 307 309 310 310
297 297 296 295 294 294 295 295 295 295 295 295 295 296 296 297 298 299 299 300 301 302 303 303 304 303 302 301 299 299 299 299 299 299 299 299 299 300 302 302 302 301 300 301 303 306 307 309 311 314 320 325 328 330 330 330 331 332 334 339 341 339 333 328 323 318 314 313 313 312 311 311 311 310 310 309 308 308 306 304 302 302 302 302 300 299 299 301 302 303 305 307 308 308
296 296 295 294 294 294 295 295 295 295 295 296 296 296 297 298 299 299 300 300 302 302 303 303 304 303 302 301 299 299 299 299 299 299 299 299 300 302 305 306 306 305 303 302 303 306 308 310 312 314 319 323 326 328 328 330 331 332 333 337 340 338 334 329 324 319 315 313 313 313 312 312 311 311 310 308 307 306 304 303 302 302 302 302 300 298 298 299 300 301 303 305 306 306
296 295 294 293 293 294 294 294 294 294 295 296 296 296 298 299 300 301 301 301 302 303 303 303 304 303 303 301 299 299 299 299 299 299 299 300 301 304 307 309 310 308 305 303 304 307 310 311 313 315 318 322 324 326 328 330 331 332 333 337 339 338 335 330 325 319 315 313 313 313 312 312 311 311 310 307 306 304 303 302 302 302 302 302 300 297 297 298 299 299 301 304 305 305
295 294 293 292 292 294 294 294 294 294 296 296 296 297 299 301 302 302 302 302 303 305 305 304 304 304 304 302 300 299 299 299 299 299 299 300 302 305 309 312 313 311 308 305 305 307 311 313 314 316 319 322 324 326 329 330 331 332 332 336 339 339 336 331 325 320 316 313 313 313 312 312 311 311 309 307 306 303 302 302 301 301 301 301 300 296 296 297 297 298 301 303 304 304
295 294 292 292 293 295 294 294 294 294 296 296 296 297 299 302 304 305 304 304 306 308 308 306 305 305 305 303 300 299 299 299 300 300 300 300 304 307 311 315 316 313 310 307 306 309 313 315 316 318 321 323 325 328 329 330 331 332 332 335 339 339 337 332 327 321 317 314 314 313 313 312 311 310 309 307 305 304 302 302 301 300 299 299 299 296 295 295 295 297 300 302 302 302
295 292 291 291 294 295 293 293 294 294 296 296 296 297 300 303 307 308 307 307 309 311 312 310 307 307 307 305 301 299 299 299 299 299 300 302 305 308 314 318 318 316 312 309 308 311 315 316 317 319 322 324 326 328 329 330 331 331 331 335 338 340 338 334 328 323 318 314 314 313 313 312 311 310 308 306 305 304 303 302 302 300 299 298 297 296 294 294 294 297 299 300 301 301
294 292 290 291 293 292 292 293 294 295 296 296 296 298 301 306 310 312 311 310 312 315 315 314 311 311 311 308 304 301 299 299 299 299 300 303 307 310 316 320 320 318 314 310 309 313 316 318 319 320 322 324 326 327 329 330 330 330 331 333 337 340 339 335 329 324 319 315 314 314 313 312 310 309 307 306 305 304 304 303 302 300 298 297 295 295 294 292 294 296 297 299 300 300
293 291 289 289 290 291 293 294 294 295 296 296 296 299 302 309 314 316 315 313 315 318 318 318 315 315 315 313 309 305 302 300 299 300 301 304 308 313 318 321 322 320 315 312 311 314 317 319 320 321 322 323 325 327 328 329 329 329 330 332 336 339 339 336 330 325 320 316 314 314 313 311 310 308 306 305 305 304 303 302 301 300 298 296 294 293 292 291 292 294 295 297 299 299
292 290 288 287 288 291 293 294 295 295 296 297 297 300 305 311 316 318 317 316 317 320 321 321 319 319 319 317 313 309 306 303 302 302 302 306 311 315 320 322 324 321 317 314 312 315 318 320 322 322 323 323 325 325 326 328 328 328 329 331 335 338 338 336 331 326 322 317 315 314 314 312 309 307 306 305 304 303 302 301 299 298 296 295 294 292 291 290 290 292 294 295 296 297
291 289 287 287 289 292 294 294 295 295 296 297 298 301 307 313 318 320 319 318 320 322 323 323 322 323 323 321 317 313 310 307 304 303 304 309 314 318 321 324 325 322 318 315 314 316 319 321 322 323 323 324 325 326 327 327 327 327 328 330 333 336 337 335 331 326 322 318 316 316 315 312 309 306 305 305 304 303 302 301 299 298 296 294 293 291 290 289 289 290 291 292 293 295
290 287 287 287 291 293 294 294 294 295 296 297 298 302 308 314 319 321 321 321 323 325 325 325 324 326 327 325 322 318 313 310 306 304 306 312 316 320 323 325 325 323 319 316 315 317 319 322 322 323 323 324 325 326 327 327 326 326 327 328 331 334 336 334 331 326 322 319 318 318 316 313 309 306 305 305 304 303 303 302 301 299 297 294 292 290 289 287 287 288 288 289 291 294
288 287 287 287 291 293 294 294 294 295 296 297 299 303 309 316 320 323 324 324 325 327 327 326 326 328 328 328 326 322 317 313 308 306 308 314 319 322 324 325 325 323 319 317 316 317 320 322 322 323 323 324 326 326 327 327 326 325 325 326 329 332 333 333 330 326 322 319 319 318 316 313 310 307 305 305 304 303 303 303 302 300 298 295 292 289 288 287 287 286 286 287 289 292
287 287 287 287 291 293 294 294 295 296 298 299 300 304 310 317 321 324 326 326 327 328 328 327 326 327 328 328 328 326 321 316 310 308 310 316 321 323 324 325 324 323 320 317 316 318 320 322 322 323 324 325 326 326 326 326 325 323 323 325 327 330 331 331 329 326 322 319 319 319 316 314 310 308 307 306 305 304 304 303 302 300 298 295 292 290 288 287 287 286 286 286 288 290
287 287 287 288 291 293 295 296 298 298 300 301 302 304 310 317 321 325 327 328 329 330 328 326 325 325 326 328 329 329 325 318 312 308 311 318 321 323 324 325 324 323 320 317 316 318 320 322 322 323 324 325 325 326 325 325 324 323 322 323 325 328 329 329 327 325 322 319 319 319 317 314 311 310 309 306 305 304 304 303 302 300 297 295 293 290 288 287 287 286 286 286 286 288
287 287 287 289 291 295 297 298 299 300 301 302 302 304 310 316 321 325 327 329 330 330 328 326 323 323 324 325 327 328 326 320 313 309 311 318 322 323 324 325 324 322 319 317 317 318 320 322 322 323 324 324 324 324 324 323 322 321 320 321 324 327 328 328 327 324 321 319 319 319 317 315 312 311 310 307 305 304 304 303 301 299 296 295 293 290 288 288 287 287 286 286 286 286
287 287 287 289 291 294 297 298 300 301 301 302 302 304 309 315 320 324 327 329 330 330 328 325 322 321 321 322 324 325 325 320 314 309 310 317 321 323 324 324 323 321 318 317 317 319 320 322 322 323 323 323 323 322 321 321 321 320 320 320 323 326 327 327 326 323 321 319 319 319 317 316 314 313 310 307 305 304 304 303 301 299 296 295 293 291 289 289 288 287 286 285 285 286
287 287 288 290 292 294 297 299 301 301 302 302 302 303 307 314 319 322 325 328 328 328 326 323 321 319 319 318 320 323 323 319 314 310 309 316 320 323 324 323 321 319 317 317 317 319 321 322 322 322 322 322 321 320 320 320 320 320 320 320 323 325 327 327 325 322 320 319 319 319 317 317 316 314 311 307 305 304 304 303 301 299 296 295 293 292 291 291 289 288 286 285 285 285
287 287 289 291 292 295 297 299 301 302 302 302 302 302 306 312 317 320 323 325 325 325 324 321 318 316 316 316 317 320 320 318 313 309 308 313 318 322 323 323 319 317 317 317 317 319 320 321 321 321 321 320 320 320 320 320 320 320 320 320 323 324 326 326 324 322 320 319 319 319 318 318 317 315 311 307 305 304 304 303 301 299 296 295 293 293 292 291 290 288 286 285 285 285
287 288 290 292 293 296 298 300 302 302 302 302 302 302 305 310 314 318 320 321 322 322 321 319 315 313 313 313 314 317 317 315 312 307 306 311 316 320 322 322 319 317 317 317 317 318 320 320 320 320 320 320 320 320 320 320 320 321 321 321 323 324 325 325 323 321 320 320 320 320 319 319 318 316 312 307 305 305 305 303 301 298 296 295 294 294 293 292 290 289 287 285 285 285
287 289 291 293 294 297 300 301 302 302 302 302 302 302 304 307 311 315 317 318 319 319 318 316 312 310 310 310 311 313 313 312 309 306 304 309 313 317 321 320 318 316 316 316 317 318 319 319 319 319 319 319 320 320 320 321 321 321 321 322 323 324 324 324 323 321 320 320 320 320 320 322 321 317 312 307 305 305 305 303 302 300 297 295 295 295 294 292 291 290 289 286 284 284
286 290 292 293 294 298 300 300 301 302 303 303 303 302 303 305 309 311 314 315 316 316 315 313 309 307 307 308 308 309 309 308 306 304 302 306 310 313 318 319 317 316 316 316 317 317 317 317 317 317 318 319 320 320 320 321 321 322 322 322 324 324 324 324 323 321 320 320 320 320 322 324 324 319 313 307 305 305 305 305 303 301 298 296 296 295 294 293 292 291 290 287 284 284
286 289 292 293 294 298 300 300 301 302 302 302 302 301 302 304 307 309 311 311 312 312 311 309 307 305 305 306 306 306 306 304 303 302 301 303 306 309 313 316 316 316 316 316 316 317 317 317 317 317 318 319 320 320 320 321 321 322 322 323 324 324 324 324 323 321 321 320 320 320 322 325 324 318 313 307 306 305 306 305 303 301 298 296 296 295 294 294 294 293 291 288 285 284
286 289 292 294 295 298 300 300 301 302 302 301 301 300 300 303 305 307 308 309 309 309 308 307 305 303 304 305 304 303 302 301 300 300 300 301 303 305 309 312 314 315 315 315 316 317 317 317 317 318 318 319 320 320 320 321 322 322 322 323 324 324 324 324 323 322 322 321 320 320 322 323 321 317 313 308 307 307 307 305 303 301 298 297 297 295 295 295 295 294 291 289 286 284
286 290 292 294 297 299 300 300 300 300 301 301 300 298 299 302 304 304 305 306 306 306 306 305 303 300 301 302 301 301 300 300 300 300 300 300 301 303 306 310 312 313 314 314 315 317 317 317 318 319 319 320 320 320 321 321 322 323 323 323 324 324 324 324 324 323 323 323 322 322 321 321 319 317 313 310 309 307 306 304 302 300 298 298 297 296 296 296 296 294 292 290 287 285
286 290 292 295 298 300 299 299 299 300 301 300 299 297 297 299 301 301 302 302 302 303 303 302 300 298 298 299 299 299 299 299 299 299 299 299 300 301 304 307 310 312 313 314 315 316 317 318 319 320 320 320 320 321 321 322 322 322 322 322 324 324 324 324 324 324 324 324 324 323 321 320 318 317 314 311 309 307 304 302 301 299 298 298 298 296 296 296 296 295 293 291 289 287
287 290 293 296 299 300 299 299 299 300 300 300 298 297 296 297 299 299 299 299 299 299 300 300 298 298 298 298 298 299 299 298 298 298 299 299 300 302 303 305 308 311 312 313 314 315 317 319 319 320 321 321 322 322 321 321 321 321 321 322 323 323 323 323 324 325 325 325 325 324 322 321 319 317 315 311 309 306 304 301 299 299 299 299 298 297 297 297 297 296 294 292 290 288
288 291 294 297 299 300 298 298 299 299 299 299 297 296 295 296 297 298 298 298 298 298 298 298 298 298 298 298 298 298 298 298 298 298 300 301 303 304 305 306 308 310 311 312 313 315 317 319 320 320 321 321 321 321 321 320 320 320 320 321 322 323 323 323 324 326 326 326 326 325 324 322 320 318 316 312 310 306 304 301 299 299 299 299 298 297 297 297 297 296 294 292 290 287
288 292 295 298 299 299 297 297 298 299 297 297 296 295 295 296 297 298 298 298 298 298 298 298 298 298 298 298 298 298 298 298 298 299 301 303 305 306 307 308 308 310 310 311 312 315 317 319 320 321 321 321 321 321 321 320 320 320 320 321 322 323 323 323 324 326 326 327 327 326 325 323 321 319 317 314 312 308 305 303 299 299 299 299 298 298 297 297 297 296 294 292 290 287
288 292 296 298 299 297 296 296 298 298 297 295 295 295 295 296 297 298 298 298 298 298 298 298 298 298 298 298 298 298 298 298 298 300 302 304 306 307 308 308 309 309 310 311 312 315 317 319 320 321 320 320 320 320 320 320 320 320 320 321 322 322 323 323 324 326 327 327 327 327 326 325 323 320 318 315 313 308 306 303 300 299 299 299 299 298 298 297 297 296 294 292 290 287
288 293 296 298 297 295 294 295 296 298 298 296 295 295 295 296 297 299 299 299 298 298 298 298 298 298 298 298 298 298 298 298 299 300 302 304 305 307 308 308 308 308 309 311 313 315 317 320 320 321 320 320 320 320 320 320 320 320 320 321 321 322 323 323 325 326 327 328 328 328 328 326 324 321 319 316 313 309 307 305 302 300 299 299 299 298 298 298 298 297 294 292 290 288
287 292 296 297 295 294 293 294 296 298 299 297 296 295 295 297 300 302 302 302 301 300 298 298 298 298 298 298 298 298 298 299 299 300 302 303 304 305 307 308 307 307 308 310 313 317 319 320 320 320 319 319 320 320 320 320 320 320 320 320 320 321 323 323 325 327 328 329 329 330 329 328 326 323 320 317 315 313 312 310 307 304 302 300 299 299 298 298 298 297 295 292 290 287
286 291 295 295 294 292 292 294 296 298 298 297 295 295 295 299 302 305 306 306 305 304 301 298 298 298 298 298 298 298 298 298 298 299 300 301 302 304 305 306 307 307 308 310 313 318 319 320 320 320 318 318 319 319 320 320 320 320 320 320 320 321 323 324 326 327 328 329 331 332 331 330 328 325 321 320 319 318 318 316 313 309 306 303 301 300 299 299 298 298 296 293 290 287
285 290 293 293 292 291 292 293 295 296 296 295 293 295 298 302 305 308 310 310 310 309 305 301 298 298 298 298 298 298 298 298 298 298 298 300 301 302 304 305 306 306 307 310 313 316 317 318 318 319 318 318 319 319 319 319 320 320 320 320 320 321 323 324 326 328 329 330 331 333 332 332 330 327 324 325 324 324 324 322 319 314 311 308 304 302 300 300 299 298 297 294 291 289
284 287 290 291 291 290 291 293 294 294 294 293 293 296 301 305 309 312 314 315 315 313 310 306 302 301 299 298 298 298 298 298 298 298 298 300 300 301 303 303 304 304 306 309 312 313 314 316 316 317 318 318 319 319 319 319 320 320 320 320 320 321 323 324 326 328 329 330 331 333 333 333 332 330 328 329 329 330 329 327 324 320 317 313 309 306 303 301 300 299 297 296 293 290
283 285 288 289 289 290 291 292 293 293 293 292 293 298 304 308 312 315 317 320 320 318 315 312 308 306 304 300 298 298 298 298 298 298 298 300 300 301 301 302 302 302 304 307 310 312 313 315 316 317 318 318 319 319 319 319 320 320 320 320 320 320 322 324 326 328 329 330 331 332 334 334 334 332 331 332 333 334 333 331 330 326 322 317 313 310 306 304 302 300 298 297 293 290
