geo_cache/2-2/elevation.txt
ncols         942
nrows         918
xllcorner     -72.41111111111111
yllcorner     42.256
cellsize      1.0E-5
NODATA_value  -9999
[rows 462 to 503 of 918, columns 752 to 845 of 942]
254 246 241 237 234 231 227 222 217 211 205 200 197 197 196 198 200 201 203 205 209 215 221 224 226 228 227 228 229 229 228 228 228 227 226 226 223 220 218 216 215 216 216 208 200 193 189 187 186 185 185 182 179 176 175 175 175 175 175 175 175 175 175 176 176 176 176 176 176 176 177 177 177 177 178 179 179 179 180 183 184 185 188 189 187 185 183 182 181 180 180 180 180 180
253 245 239 236 233 231 228 223 217 212 207 202 197 196 196 197 199 200 202 202 206 212 217 220 223 224 224 225 226 226 226 226 226 226 224 223 221 218 216 213 213 216 212 202 195 189 187 186 185 183 182 180 179 177 175 175 175 175 175 175 175 175 175 176 176 176 176 176 176 176 177 177 177 177 178 179 179 179 179 181 182 183 184 184 182 181 179 179 179 179 180 180 180 180
250 243 239 236 233 231 228 223 217 213 208 203 198 197 195 196 198 200 201 200 203 208 214 218 220 221 222 223 224 224 224 225 225 225 222 220 218 215 213 211 209 209 205 197 191 188 187 186 184 182 180 179 179 177 176 176 175 175 175 175 175 175 175 176 176 176 176 176 176 176 177 177 177 177 178 178 178 179 179 179 180 180 180 179 179 179 179 179 179 179 180 180 180 180
247 243 239 236 233 231 229 223 218 214 210 205 200 198 194 194 196 198 200 199 201 205 209 214 218 220 220 222 222 222 222 223 223 222 219 217 215 212 210 208 205 204 200 194 190 187 187 186 184 180 180 179 178 177 177 176 176 176 175 175 175 175 176 176 176 176 176 176 176 177 177 177 177 177 178 178 178 179 179 179 179 179 179 179 179 179 179 179 179 180 180 180 180 180
246 242 239 236 233 231 229 224 220 216 212 206 202 199 195 193 194 196 198 198 198 201 206 211 216 217 218 219 220 220 220 221 221 219 217 214 213 211 207 205 204 202 197 192 188 186 186 185 183 180 179 178 177 177 176 177 177 176 175 175 175 175 176 177 177 177 177 177 177 177 177 177 177 177 178 178 178 179 179 179 179 179 179 179 179 179 179 179 179 180 181 181 180 180
244 241 238 235 233 231 229 225 220 216 212 207 202 200 196 193 191 194 196 197 196 198 202 209 213 215 216 217 218 219 219 219 219 217 215 212 210 208 204 202 201 199 194 190 186 186 186 184 181 179 178 177 176 176 176 176 176 175 175 175 175 176 176 177 177 177 177 177 177 177 177 177 177 177 178 179 179 179 179 179 179 179 180 180 179 179 179 179 179 180 181 181 181 181
243 240 237 234 233 231 229 225 220 216 213 208 203 201 197 194 191 192 195 196 195 194 199 206 211 213 214 216 216 216 217 217 216 214 213 210 206 204 201 199 197 194 190 187 186 185 185 182 179 178 176 176 176 176 176 176 176 175 175 175 176 176 177 177 177 177 177 177 177 177 177 177 177 177 179 179 179 180 181 181 181 181 182 183 182 180 181 182 181 181 181 182 182 183
242 240 237 234 232 230 228 224 220 216 214 209 204 202 197 194 190 191 194 195 194 192 196 202 208 211 213 214 214 214 214 215 213 211 209 207 204 200 198 196 192 188 186 185 185 185 184 181 177 176 176 176 176 176 176 175 175 175 175 175 176 176 177 177 177 177 177 177 177 177 177 177 177 177 179 179 180 181 182 183 183 184 185 185 185 183 185 185 185 183 182 183 184 186
243 240 237 233 231 229 227 223 219 217 214 210 205 202 197 194 189 189 192 193 192 190 193 199 204 208 210 211 211 211 212 212 210 207 206 204 201 199 197 194 189 185 185 184 184 183 183 181 176 176 176 176 176 176 176 175 175 175 175 176 176 176 176 176 176 176 176 176 176 177 177 177 177 177 179 180 180 183 184 185 186 186 187 188 188 187 187 187 186 185 185 186 186 188
243 241 237 234 231 229 226 223 219 218 215 211 205 201 197 192 189 188 189 191 189 188 191 196 200 204 206 207 208 208 209 209 206 204 202 201 198 196 195 190 186 185 185 184 181 181 181 180 177 176 176 176 176 176 176 176 175 175 174 176 176 176 176 176 176 176 176 176 176 176 177 177 177 177 179 180 181 184 187 187 189 190 191 190 191 190 190 189 188 187 187 187 188 189
242 241 238 234 231 228 226 223 220 218 217 212 205 201 195 191 189 188 188 188 188 188 188 193 197 200 201 204 204 205 206 205 204 202 198 197 195 192 190 187 185 185 185 184 182 181 180 179 178 176 176 176 177 176 176 176 175 175 174 176 176 176 176 176 176 176 176 176 176 176 176 176 177 177 179 180 183 187 189 189 190 192 193 192 193 193 192 190 189 189 189 189 189 189
241 240 238 234 231 228 225 222 220 219 218 214 206 202 195 190 189 188 188 188 188 188 188 189 193 195 197 200 201 202 202 201 200 199 195 193 192 188 186 185 185 185 185 185 184 181 179 179 178 178 177 176 176 176 176 176 176 175 174 175 175 175 175 175 175 175 175 175 175 175 175 176 177 178 181 182 186 189 190 191 191 192 192 192 193 193 193 192 192 191 190 190 190 190
241 240 238 235 231 227 224 221 220 219 219 215 208 203 195 190 189 189 190 190 190 189 189 188 188 191 194 197 199 199 199 198 196 194 192 190 188 186 185 185 185 185 185 186 184 180 178 178 178 179 177 176 176 175 175 175 175 175 175 175 175 175 175 175 175 175 175 175 175 174 174 176 177 179 182 185 188 190 191 192 192 192 192 192 194 194 194 194 193 193 192 192 192 191
241 240 238 235 231 227 224 221 219 219 219 216 209 204 195 189 189 190 192 191 192 192 190 187 185 187 191 195 197 198 196 195 193 191 189 187 186 185 185 185 185 185 185 186 183 178 177 177 178 179 177 176 176 175 175 175 175 175 175 175 175 175 175 175 175 175 175 175 175 174 174 176 178 181 184 188 190 191 191 192 192 192 192 192 194 195 195 195 195 194 194 194 193 192
240 240 238 234 231 226 224 222 219 218 218 215 209 204 195 190 190 191 193 193 193 193 192 187 185 186 189 192 197 197 195 193 191 189 188 186 186 185 185 185 185 185 185 186 183 178 177 177 178 179 177 176 176 175 175 175 175 175 174 174 175 175 175 175 175 175 175 175 175 175 175 177 179 182 186 189 190 191 192 192 192 192 192 193 194 195 196 196 196 196 196 196 195 194
239 239 237 234 231 227 224 221 218 217 216 214 208 204 196 191 191 192 193 193 193 192 192 188 185 186 188 191 196 196 193 190 189 187 187 186 186 185 185 185 185 185 185 185 182 179 178 178 178 179 177 176 176 176 176 175 175 175 174 174 174 174 175 175 175 175 175 175 175 175 177 179 181 183 187 190 191 192 193 193 193 194 194 195 196 197 197 197 197 197 197 197 196 195
239 238 237 234 231 227 224 220 217 215 213 212 207 204 198 193 192 193 193 193 193 192 192 189 186 186 187 190 194 194 189 187 187 187 187 186 186 186 185 185 185 185 184 184 182 181 179 179 179 178 177 177 177 178 177 175 175 175 174 174 174 174 175 175 175 176 176 176 176 177 179 181 183 186 189 190 192 193 194 194 195 197 198 199 199 199 199 199 200 199 199 198 198 197
238 238 237 234 230 227 223 219 215 213 212 211 206 204 199 194 194 194 193 193 192 192 192 189 185 185 186 189 193 191 187 186 186 186 186 186 186 186 185 185 184 184 183 183 182 181 180 180 180 178 177 177 177 178 177 175 175 175 174 174 174 174 174 174 175 176 178 178 178 179 181 183 185 188 190 192 193 194 196 197 199 201 202 202 202 202 202 202 202 201 201 200 199 199
238 237 236 232 229 226 222 217 213 211 211 209 205 203 200 197 196 195 193 193 193 193 192 189 186 185 186 188 189 187 185 185 186 186 186 186 186 186 185 185 184 183 182 181 181 180 180 180 180 178 177 177 177 177 176 175 175 175 174 174 174 174 174 174 175 178 180 180 180 181 182 185 187 190 192 194 195 197 199 201 202 204 205 206 205 205 205 204 204 204 203 203 202 202
238 236 234 232 228 225 221 216 211 209 209 208 204 203 201 199 198 195 193 193 193 193 191 189 186 185 185 186 186 185 185 185 186 186 186 186 186 186 186 184 184 182 181 180 180 179 179 180 180 178 177 177 177 177 177 175 175 175 174 174 174 174 174 175 177 181 181 181 181 183 184 187 190 192 194 196 198 200 203 204 206 207 208 209 209 208 207 207 207 206 205 205 204 204
238 236 233 230 227 223 219 214 208 206 207 206 204 203 201 199 199 196 194 194 193 193 191 189 186 185 185 185 185 185 185 185 185 186 186 186 186 186 185 184 183 180 179 179 179 179 179 179 180 177 177 177 177 177 178 177 175 175 174 174 174 174 174 175 180 182 182 181 181 183 186 189 192 194 196 199 202 204 206 208 210 212 212 212 212 211 210 210 210 209 208 207 206 206
237 235 232 229 225 222 218 212 206 206 206 205 204 203 201 199 199 197 195 194 193 193 191 188 186 185 185 185 185 185 185 185 185 186 186 186 186 186 185 183 180 179 179 179 179 179 179 179 180 178 177 177 177 177 179 179 177 176 174 174 174 174 174 175 179 181 181 181 182 184 187 190 193 196 199 202 204 207 210 212 214 214 215 214 213 213 212 212 212 211 210 209 209 207
235 234 231 228 224 221 215 208 205 205 205 204 203 202 200 199 199 197 195 194 193 193 191 188 185 184 184 184 185 185 186 186 186 186 186 186 186 186 184 182 179 179 179 179 179 178 178 179 179 178 177 177 177 177 178 180 180 178 175 174 174 174 174 175 178 180 180 180 183 186 189 192 194 197 201 203 205 208 210 212 214 215 215 215 214 214 214 213 213 213 212 212 211 210
234 231 229 225 222 218 211 206 204 204 204 203 203 202 201 200 199 197 196 195 194 193 191 189 186 184 184 184 185 186 186 186 186 186 186 186 186 185 184 181 179 179 179 179 179 178 178 178 179 178 177 177 177 177 177 180 181 181 178 175 174 174 174 175 178 180 180 180 183 187 190 192 194 197 201 204 205 208 210 211 212 213 215 216 216 216 216 216 216 215 215 214 214 213
232 229 226 224 219 214 208 204 204 204 204 203 203 203 203 202 200 198 197 197 196 194 193 189 186 184 184 184 186 186 186 186 186 186 186 185 185 184 184 181 179 179 179 179 179 178 178 177 177 177 177 177 177 177 177 178 181 182 182 178 175 175 175 175 177 179 180 181 184 188 192 192 194 197 201 204 205 206 207 209 211 213 216 217 218 218 218 218 218 217 216 216 216 215
229 227 224 220 215 210 205 203 205 205 204 204 207 207 205 202 201 200 199 199 197 196 194 189 186 183 183 185 186 186 186 186 186 186 185 185 184 184 183 181 181 180 179 179 179 178 177 177 177 177 177 177 177 177 177 177 179 182 184 181 176 175 175 176 177 179 181 183 186 190 192 193 194 197 200 203 204 205 207 209 211 213 216 220 221 222 222 221 221 220 219 218 217 217
227 224 221 216 211 205 203 205 206 206 205 207 210 210 206 201 201 200 199 199 197 196 194 188 184 183 184 185 186 186 186 186 186 186 185 184 183 183 182 181 181 180 179 178 178 177 177 177 177 177 177 177 177 177 177 177 178 181 184 183 178 175 175 176 178 180 183 186 189 191 193 194 195 198 200 202 204 206 208 210 212 214 217 221 224 225 226 225 224 223 222 220 220 218
224 221 216 212 207 205 205 207 206 207 207 208 210 210 206 201 201 200 198 197 196 195 192 186 183 184 184 185 186 186 186 186 186 185 184 183 183 182 180 179 179 179 178 177 177 177 177 177 177 177 177 177 177 177 177 177 178 181 184 183 179 177 176 177 179 182 186 189 191 192 194 196 198 200 201 203 206 208 211 213 215 217 219 222 226 228 228 228 227 226 224 224 223 220
220 217 212 208 208 208 208 208 207 207 209 209 210 210 206 202 201 199 197 196 194 192 188 185 184 184 184 185 186 186 186 186 186 185 184 183 183 182 180 179 178 177 177 177 177 177 177 177 177 177 177 177 177 177 177 177 178 181 183 181 179 178 177 178 181 185 188 191 193 195 197 199 201 202 204 206 209 212 215 217 219 220 221 223 226 229 230 230 230 229 228 227 226 223
217 213 208 208 208 209 209 210 209 209 210 210 211 210 206 202 201 199 196 194 192 190 186 184 184 185 185 185 186 186 186 186 185 185 184 183 183 182 181 180 178 177 177 177 177 177 177 177 177 177 177 177 177 177 177 177 178 181 181 179 179 179 179 180 183 186 189 193 195 197 199 200 202 204 206 209 212 216 219 221 222 223 224 225 227 229 230 232 232 231 230 229 229 227
213 210 208 208 208 209 209 210 209 209 210 210 211 209 207 203 201 199 196 195 193 190 186 183 184 186 186 186 186 185 185 185 185 185 184 183 183 183 182 181 179 177 177 177 177 177 177 177 177 177 177 177 177 177 177 177 178 180 181 180 180 181 182 183 185 188 191 195 197 199 201 201 203 205 209 213 217 220 223 225 226 227 227 228 229 230 231 233 233 233 232 232 232 231
211 209 208 208 209 210 210 210 210 211 211 211 210 209 207 203 201 199 199 197 195 190 185 183 184 185 185 186 186 185 185 185 185 185 184 183 183 183 183 181 180 177 177 177 177 177 177 177 177 177 178 177 177 177 177 177 178 179 180 181 181 182 184 185 187 189 193 195 197 199 201 202 204 207 212 217 221 223 226 228 229 230 231 231 232 232 232 233 234 235 235 235 234 234
209 208 208 208 208 209 209 210 211 211 210 210 209 208 206 203 202 200 199 198 195 189 183 182 184 185 185 186 185 185 185 185 185 185 184 183 183 183 183 182 180 178 177 177 177 177 177 177 177 178 178 177 177 177 177 177 178 180 180 182 183 184 186 188 190 192 194 196 198 199 201 203 206 210 215 219 223 226 229 231 232 234 235 235 235 234 234 234 235 236 236 236 235 235
208 208 207 208 208 209 209 210 211 210 210 209 208 207 204 202 201 199 198 197 193 188 183 182 184 185 185 186 185 185 185 185 184 184 184 184 184 183 183 182 180 178 177 177 177 177 177 177 177 178 178 178 177 177 177 178 179 181 181 182 183 186 188 191 193 195 196 197 199 201 203 205 208 212 216 220 225 228 231 233 235 237 238 239 238 237 236 236 236 237 237 237 237 237
207 207 206 207 207 208 209 210 211 210 209 208 205 204 203 202 200 197 195 194 191 185 183 183 184 185 185 185 184 184 184 184 184 184 183 183 183 183 182 181 179 177 177 177 177 177 177 177 177 177 177 177 177 177 177 179 181 183 183 184 186 187 190 193 196 198 199 200 203 205 207 209 212 216 220 225 228 230 232 234 237 239 241 242 241 240 239 238 238 238 238 238 238 237
206 206 206 206 207 207 208 210 211 210 208 206 204 203 202 201 200 197 191 189 186 184 183 184 185 185 185 184 184 184 184 184 184 184 183 183 183 183 182 180 178 177 177 177 177 177 177 177 177 177 177 177 177 177 178 180 182 184 186 188 189 190 192 195 198 200 202 204 207 209 211 212 215 219 224 228 230 232 233 235 239 241 243 244 244 243 242 241 240 240 239 239 239 238
205 206 205 205 206 207 207 210 211 210 207 204 203 203 202 200 199 197 191 185 182 183 183 184 184 184 184 183 184 183 183 183 183 184 182 182 182 182 181 179 177 177 177 177 177 177 177 177 177 177 177 177 177 177 178 181 184 187 189 190 191 193 195 197 200 202 206 209 211 213 215 217 219 222 226 230 233 235 235 237 239 243 244 245 246 245 244 243 242 241 240 240 239 239
203 204 204 203 205 206 207 210 210 209 204 201 201 202 201 199 198 197 191 185 182 182 183 183 184 183 182 182 183 182 183 183 183 184 182 182 182 181 180 178 177 177 177 177 177 177 177 177 177 177 177 177 177 177 178 181 185 189 191 192 194 196 198 200 202 205 209 213 215 217 219 222 224 226 228 231 234 237 238 238 241 243 245 247 247 247 246 245 244 243 242 241 240 239
200 203 202 203 204 205 207 210 210 207 203 200 200 201 200 198 197 196 191 186 182 182 182 182 183 182 182 182 182 182 182 182 182 183 183 182 182 181 178 177 177 177 177 177 177 177 177 177 177 177 177 177 177 177 178 182 186 190 193 194 196 198 201 203 206 209 212 215 218 221 224 226 229 230 232 233 236 238 240 240 242 243 246 247 248 247 247 246 245 244 243 242 241 240
198 200 200 202 203 203 204 210 210 204 200 199 199 200 199 196 196 196 191 186 181 181 181 182 182 182 182 182 182 182 182 182 182 183 183 182 182 181 178 177 177 177 177 177 177 177 177 177 177 177 177 177 177 177 180 184 189 192 194 197 198 201 203 206 210 214 216 218 221 225 228 230 233 235 236 237 237 240 242 243 243 244 246 247 248 248 248 247 246 245 244 244 243 242
195 198 199 201 202 201 202 208 208 201 199 198 199 200 198 195 195 195 192 185 180 180 181 182 183 182 182 182 182 182 182 182 182 182 183 183 183 181 178 177 177 177 177 177 177 177 177 177 177 177 177 177 177 178 181 186 190 194 197 199 201 204 207 209 214 218 221 222 224 228 231 234 236 238 240 241 241 241 243 244 245 246 247 247 248 248 248 248 247 246 245 245 243 242
193 197 199 200 200 199 201 205 204 200 198 197 198 199 198 195 194 195 192 185 180 180 181 183 183 182 182 182 182 182 182 182 182 182 183 183 183 181 178 177 177 177 177 177 177 177 177 177 177 177 177 177 177 179 182 187 191 195 198 200 202 206 211 214 219 223 225 227 228 231 234 237 240 242 243 244 244 243 244 246 246 247 248 248 249 249 249 248 248 246 245 245 243 242
