geo_cache/2-2/elevation.txt
ncols         942
nrows         918
xllcorner     -72.41111111111111
yllcorner     42.256
cellsize      1.0E-5
NODATA_value  -9999
[rows 714 to 755 of 918, columns 658 to 751 of 942]
253 245 250 258 249 240 238 239 238 240 241 241 238 233 231 232 232 232 233 233 233 232 231 231 231 229 227 223 223 225 227 228 227 227 227 231 233 232 229 223 219 214 213 216 218 220 220 216 213 211 207 199 199 203 206 209 210 213 215 215 215 216 217 217 219 219 219 217 217 218 223 228 233 237 241 242 244 250 253 258 259 260 262 263 264 266 269 272 274 274 274 275 277 278
249 243 252 254 244 236 235 236 237 239 240 239 236 232 231 232 232 232 233 233 233 232 231 230 230 229 226 224 224 226 227 228 228 227 229 233 236 236 232 224 219 215 213 214 218 221 219 216 213 210 204 198 201 205 207 210 212 215 217 216 216 218 219 218 218 218 219 217 217 218 225 230 235 239 242 242 244 249 253 257 259 260 261 262 263 265 268 271 273 274 274 275 276 276
244 243 250 248 240 235 234 235 236 238 238 237 235 232 232 232 232 232 233 233 233 231 231 230 230 228 226 225 226 227 227 228 229 229 231 235 240 239 233 225 220 216 213 214 218 221 219 216 213 207 201 199 204 208 210 212 215 217 219 218 218 218 220 218 217 218 219 217 217 219 227 233 237 242 244 244 244 248 252 256 258 259 261 262 263 265 267 270 273 274 274 274 275 276
241 242 246 244 238 234 233 235 235 237 236 235 234 232 232 232 232 232 233 233 233 231 231 230 230 228 226 226 227 227 228 228 229 230 232 238 243 241 234 226 221 216 213 214 217 220 219 215 212 205 199 201 207 211 214 215 218 219 220 219 219 219 220 218 217 218 218 217 217 221 228 234 239 244 245 245 245 248 251 255 257 258 261 262 263 264 266 269 272 273 273 273 275 275
239 241 243 240 236 233 233 234 234 235 234 234 232 231 231 233 234 234 233 234 234 233 232 232 230 228 226 226 227 227 228 229 229 230 234 241 245 241 234 227 222 217 213 213 217 220 218 214 210 203 199 204 210 214 215 216 218 219 220 220 220 220 220 218 217 217 218 217 217 223 229 235 241 244 245 246 247 248 251 254 256 258 261 262 263 264 265 269 271 272 272 273 275 275
237 239 240 237 233 232 232 233 233 233 233 232 231 231 231 235 236 236 235 235 235 234 233 232 231 228 226 226 227 228 229 229 230 231 236 244 247 241 234 228 223 218 213 212 216 218 216 212 209 203 201 207 213 215 216 216 217 218 219 219 219 218 218 217 217 217 217 218 218 225 230 236 242 244 246 246 248 249 252 254 257 258 261 262 263 264 265 269 271 272 272 273 275 275
235 237 236 234 232 231 231 232 232 232 231 231 230 230 231 236 238 238 237 236 235 234 233 232 231 228 226 226 228 228 231 231 230 232 239 247 248 241 233 228 224 219 213 212 214 216 213 210 207 203 203 210 214 215 215 216 216 217 218 218 216 216 216 217 217 217 217 218 220 226 231 236 242 244 246 246 248 250 252 254 257 259 261 262 264 264 266 269 271 272 273 273 274 274
234 234 233 232 231 231 231 231 231 231 231 231 229 229 231 236 239 240 238 236 234 234 233 232 231 228 226 227 228 230 232 232 232 235 242 248 247 239 232 229 225 220 214 212 212 212 208 206 205 203 205 210 214 214 214 215 215 216 216 214 213 214 216 217 217 217 217 219 221 226 231 236 241 244 246 246 248 250 252 254 257 259 261 262 264 264 266 267 270 272 273 273 274 274
234 233 232 232 230 230 230 230 230 230 230 229 228 229 232 237 239 239 238 236 233 232 233 232 231 228 226 227 229 232 234 234 233 237 243 248 245 237 232 229 225 220 215 212 212 210 206 204 204 203 205 209 212 213 213 213 214 213 212 211 213 215 218 218 216 215 216 220 222 227 231 236 240 243 245 246 247 249 251 254 256 258 261 262 264 264 265 267 269 271 272 273 273 273
234 233 232 231 229 228 229 229 229 229 229 228 227 228 232 237 239 238 236 234 232 232 233 232 231 228 227 228 231 233 235 235 235 239 243 245 241 235 231 229 225 221 216 212 212 211 209 206 205 204 204 207 210 212 213 211 211 210 209 213 216 219 220 220 216 214 215 220 223 227 231 235 239 242 245 245 247 249 250 253 256 258 260 262 264 264 265 267 268 269 271 273 272 272
234 233 232 230 229 227 227 229 228 227 227 227 226 227 232 237 239 237 234 231 230 231 233 233 231 229 229 229 232 233 235 236 238 241 243 242 238 234 231 228 224 221 217 214 213 212 211 209 208 206 205 206 208 210 211 209 208 209 211 217 220 221 220 219 215 214 216 221 224 227 231 235 239 242 244 245 247 249 250 252 255 258 260 261 263 264 265 266 267 268 270 271 270 270
234 233 231 230 228 225 225 227 227 227 225 225 224 226 232 236 237 235 231 228 228 230 233 233 232 230 230 230 232 233 235 238 240 242 242 240 236 233 230 227 224 221 218 216 214 213 212 212 212 210 205 205 206 208 209 209 208 211 216 220 220 221 219 216 214 214 218 222 224 227 230 234 238 241 243 244 246 248 250 252 254 257 259 261 263 264 264 264 266 266 268 268 268 268
233 231 230 229 227 223 223 225 225 225 223 222 221 225 232 234 233 231 228 226 226 229 233 234 234 232 231 232 234 235 237 241 242 242 241 239 235 231 229 225 223 221 218 217 215 214 213 213 216 214 206 204 205 208 209 209 210 215 220 220 219 219 216 214 214 216 219 222 224 227 230 234 237 240 243 244 246 248 249 251 254 256 259 261 262 263 263 263 264 265 266 266 266 266
231 229 228 229 226 223 221 222 223 223 221 219 218 224 230 232 230 228 225 223 225 230 233 234 234 234 233 234 235 237 239 242 242 241 241 238 234 230 227 223 221 220 218 217 216 214 213 214 217 216 208 204 205 207 209 210 213 218 221 219 216 216 214 214 215 218 220 222 223 227 230 233 236 240 242 244 245 247 249 250 253 256 257 260 262 262 262 263 263 263 263 263 263 266
231 228 228 228 225 223 221 220 221 221 220 218 217 223 229 229 227 225 223 221 224 231 233 234 235 235 234 235 236 237 240 242 242 241 241 238 234 229 226 221 220 220 218 216 216 215 214 214 216 216 210 205 205 207 209 210 214 219 220 218 216 215 213 214 217 218 220 222 223 227 230 233 236 240 242 243 245 247 248 250 252 255 257 260 261 261 262 263 262 262 262 262 262 265
229 226 226 227 225 223 221 218 218 218 218 215 215 223 228 226 224 222 220 218 225 233 234 236 236 235 235 235 236 237 240 241 242 241 240 236 232 228 225 219 218 219 217 215 215 215 214 214 215 215 211 206 205 206 209 210 214 217 219 218 215 213 213 215 217 218 220 222 224 227 230 233 236 239 241 243 244 246 248 249 252 254 256 258 260 260 262 262 262 261 260 260 261 264
225 224 226 227 225 224 222 218 215 214 215 212 213 221 224 222 218 216 215 217 227 233 236 238 238 235 235 235 236 237 239 239 241 241 238 234 230 227 223 218 216 217 216 213 214 215 215 215 214 213 212 208 205 206 208 210 213 216 218 218 214 212 213 216 218 219 220 222 224 227 230 233 235 238 240 242 244 246 247 248 250 253 255 257 260 261 261 260 261 260 259 259 261 264
223 222 225 226 226 226 224 219 213 209 210 209 211 219 219 216 212 211 211 218 228 233 238 242 239 236 236 236 237 237 237 238 239 239 235 232 228 226 222 218 216 216 215 213 214 215 215 218 215 212 212 209 206 206 208 209 211 215 218 217 213 212 214 217 219 220 220 222 223 227 230 232 235 238 240 241 244 245 247 247 249 251 254 256 259 260 260 260 260 259 259 259 260 262
222 220 223 226 226 227 224 220 215 207 206 208 209 215 215 211 208 208 210 219 229 234 240 245 240 236 236 235 235 235 235 236 237 237 233 230 227 224 220 217 216 216 215 213 213 214 215 219 216 212 211 210 208 207 208 209 211 215 217 214 211 211 214 217 219 220 221 222 223 227 229 232 235 237 239 241 243 245 245 246 248 250 253 256 258 258 258 259 259 259 259 257 258 260
222 218 221 225 226 225 223 220 215 207 205 207 209 210 211 209 207 208 210 219 229 234 241 247 241 236 235 234 233 233 233 234 234 233 231 228 226 222 218 216 215 215 215 214 214 214 215 218 216 212 211 210 211 210 209 209 211 214 216 211 211 211 214 217 219 219 221 222 223 226 229 231 234 236 239 240 242 243 245 246 247 250 252 256 257 257 257 258 259 259 258 257 257 257
222 217 218 223 224 222 221 219 215 208 205 207 209 209 209 209 208 208 211 220 229 235 242 246 241 236 234 232 231 231 231 232 231 229 229 226 224 220 217 215 215 215 215 214 214 214 214 216 216 213 211 212 214 213 208 208 211 213 214 211 211 212 214 216 218 218 220 222 223 226 228 230 233 236 238 239 240 242 244 246 247 249 251 254 255 255 255 258 259 259 258 256 255 255
223 217 215 219 221 219 218 217 215 209 205 207 209 209 209 209 209 208 211 221 229 235 241 244 240 235 232 230 229 230 230 229 228 226 225 224 222 219 216 214 214 215 216 216 214 214 214 214 215 213 212 212 214 213 207 207 210 212 212 212 213 214 215 216 217 218 220 221 223 225 228 230 232 234 236 238 239 242 243 245 246 248 250 252 253 253 254 258 259 258 257 255 254 254
223 217 213 214 216 215 214 213 213 209 206 207 209 209 209 209 209 208 212 221 229 235 239 242 238 234 231 228 227 228 228 228 225 223 222 222 220 217 215 214 214 215 217 217 215 214 214 213 214 213 212 212 214 213 208 207 209 213 213 213 214 216 218 216 217 218 219 221 223 225 227 229 232 234 236 237 240 242 243 244 246 247 249 250 251 251 253 257 259 259 257 254 253 252
223 217 212 211 211 211 211 210 210 209 207 207 209 209 209 209 209 209 212 220 228 233 237 239 236 232 229 227 226 226 226 226 224 220 219 220 219 216 214 213 213 215 218 217 216 215 214 212 212 212 212 212 213 212 208 207 208 213 214 214 215 217 218 216 217 218 219 222 223 225 227 229 232 234 236 237 240 242 242 243 245 246 247 249 249 250 252 256 259 259 257 254 252 251
223 218 212 209 208 208 209 210 209 209 208 208 209 209 209 209 208 208 212 218 226 231 234 235 233 230 227 225 224 224 225 224 222 218 218 219 217 214 212 212 213 216 218 218 217 217 216 214 211 211 211 213 215 213 208 207 208 213 214 215 215 217 218 217 217 219 220 222 223 225 228 230 232 235 237 238 240 242 242 242 243 244 246 247 247 248 251 255 259 259 257 254 251 250
223 220 216 211 209 208 209 210 210 209 208 208 209 209 211 211 208 207 210 215 221 226 229 230 229 227 225 222 221 222 224 222 220 217 216 216 215 212 210 211 214 217 219 218 218 218 218 216 212 211 212 214 215 214 210 207 208 214 216 216 216 216 217 217 218 219 221 223 224 226 228 230 232 235 237 238 240 241 242 242 242 242 244 245 245 246 249 253 257 258 256 253 251 250
225 223 219 215 211 209 209 210 210 209 208 208 209 209 213 212 208 207 208 211 216 221 224 225 224 223 221 220 219 220 221 220 218 216 214 213 212 210 210 211 214 217 218 218 218 218 219 216 214 212 213 214 215 214 210 206 209 216 219 218 217 217 217 217 218 220 221 224 224 227 228 229 232 234 237 238 239 241 242 241 241 240 241 243 243 244 248 252 256 257 255 252 249 249
227 225 222 219 215 211 210 209 209 209 210 209 209 210 215 214 209 206 208 209 210 214 217 219 219 218 216 217 217 217 218 218 216 215 212 210 210 210 210 212 215 217 218 218 218 218 218 216 215 214 214 214 215 214 209 206 211 217 220 219 219 218 217 217 218 220 222 224 225 227 228 229 232 233 236 238 239 241 242 241 240 238 239 241 241 243 246 250 254 255 254 251 248 247
229 227 225 222 218 215 212 209 208 209 210 209 209 213 217 215 210 207 208 209 209 208 211 213 213 212 211 213 216 215 216 216 214 213 212 210 210 210 210 212 215 217 217 218 218 217 216 215 215 216 215 213 213 212 207 207 212 218 220 220 220 219 217 217 218 219 222 224 225 227 228 229 230 233 235 237 239 242 243 242 240 236 236 238 239 241 245 247 250 252 252 250 246 246
233 230 227 224 220 217 215 211 209 209 208 210 212 216 217 216 212 209 208 208 208 207 207 210 209 210 210 210 213 212 213 213 212 212 211 210 210 210 211 213 216 217 217 217 217 216 216 214 214 216 213 211 210 209 207 209 213 217 219 219 219 219 218 218 218 219 222 224 225 227 227 227 227 231 234 236 239 241 243 243 240 236 234 235 238 239 243 246 248 250 251 249 245 244
236 233 229 226 222 219 217 214 211 209 209 212 216 217 218 216 214 212 210 208 207 207 207 208 208 209 210 209 210 209 210 210 210 211 211 211 210 210 212 214 216 217 217 217 216 216 215 212 213 215 211 209 208 208 208 209 213 216 218 218 218 218 218 219 219 219 222 224 226 227 227 225 225 229 232 234 237 239 241 242 240 237 233 233 236 238 240 244 246 248 249 248 245 242
239 236 232 228 225 222 219 216 213 211 211 215 218 218 218 216 215 214 213 209 207 206 208 207 207 209 209 208 209 209 209 210 210 210 210 210 210 210 213 215 217 217 216 216 215 214 214 211 211 211 209 207 208 209 209 210 213 215 217 217 216 216 216 218 220 220 221 222 224 225 225 223 224 227 230 232 235 237 238 240 238 235 232 231 233 236 238 242 245 246 247 246 244 239
242 240 236 231 228 225 221 218 215 213 214 217 219 220 219 218 217 215 214 211 208 206 208 206 206 208 207 208 209 210 210 210 211 211 210 210 211 211 214 216 217 217 215 215 214 212 212 211 209 208 206 206 209 210 210 211 212 214 215 215 215 215 216 218 220 220 221 221 222 223 223 222 222 225 227 229 232 233 235 236 236 234 231 229 231 233 235 239 243 244 244 243 243 238
245 244 239 234 230 226 224 220 217 217 217 219 221 222 221 219 218 217 214 212 210 208 207 206 205 205 206 209 212 212 211 211 212 212 211 212 212 213 215 216 215 216 216 214 214 212 212 210 207 206 205 208 210 211 211 211 212 213 214 215 215 215 216 218 219 219 220 220 221 220 221 219 218 223 224 226 228 230 231 232 233 232 230 227 228 231 232 235 239 242 242 241 240 237
248 248 244 237 232 228 225 222 221 220 220 221 222 222 222 220 219 217 215 214 211 209 206 205 205 205 205 210 214 214 212 212 213 213 213 213 213 214 215 215 213 215 216 216 215 214 213 210 207 203 204 209 211 211 211 211 212 213 214 215 215 216 217 218 219 219 219 219 219 218 217 216 215 218 220 222 225 227 228 229 229 229 228 225 225 227 230 232 236 239 240 238 237 235
251 252 248 240 235 231 227 224 224 223 222 222 223 222 222 221 220 217 216 215 212 209 205 204 204 204 205 210 213 212 211 213 214 212 212 213 214 214 214 213 210 213 217 217 217 216 214 210 207 202 204 209 210 210 210 209 210 214 215 216 216 216 217 218 219 219 219 219 218 216 215 214 214 215 217 218 220 223 225 226 226 226 225 223 221 224 227 229 232 235 236 235 234 232
253 256 253 244 237 232 229 225 226 226 224 223 223 222 222 222 220 217 216 215 213 210 205 204 204 204 204 208 211 210 211 215 214 210 211 215 215 213 213 210 207 211 216 215 216 216 212 207 204 200 203 208 208 208 206 205 209 215 217 217 217 217 218 219 219 219 219 219 218 215 215 214 214 215 215 215 217 219 221 224 225 224 223 221 220 221 224 226 228 230 232 231 231 229
256 260 256 247 239 234 231 227 228 228 226 225 224 223 222 221 220 217 216 215 213 210 206 204 204 204 204 206 208 209 211 214 212 208 210 215 214 212 211 207 205 209 213 213 215 215 210 203 199 199 201 205 205 204 202 202 209 216 217 217 217 217 218 219 219 219 219 219 218 216 215 213 214 215 215 215 215 216 218 220 223 222 221 219 218 219 221 223 224 226 227 227 227 226
258 263 259 250 242 237 233 230 230 231 228 227 226 224 223 221 219 217 216 215 213 210 207 205 205 204 204 205 208 209 211 213 210 207 209 212 212 210 209 204 202 206 209 210 214 214 208 200 197 198 200 202 202 201 201 201 208 217 218 217 217 218 218 219 219 219 219 219 218 217 215 213 214 215 215 215 215 215 216 217 220 219 219 218 217 218 220 220 221 222 223 224 224 225
259 263 262 252 244 239 235 232 233 235 232 230 227 226 223 221 219 219 217 215 213 211 209 206 206 206 204 203 206 208 210 211 209 206 207 208 207 207 206 201 199 202 206 211 213 210 204 199 197 200 200 201 200 201 201 201 207 216 218 217 218 218 218 218 218 217 217 217 218 217 215 213 213 213 214 214 214 214 214 216 217 217 216 216 215 216 218 218 218 219 220 222 223 225
259 264 263 255 247 242 238 235 237 238 235 232 229 226 224 221 221 221 219 216 213 212 210 208 210 209 205 201 203 207 208 208 207 204 205 205 203 204 203 199 199 200 206 212 212 207 200 198 199 200 201 200 200 201 201 201 206 215 217 216 218 218 217 217 217 215 212 213 216 216 216 215 213 213 214 214 214 214 214 214 216 215 215 215 214 215 216 216 216 217 218 219 221 224
261 265 263 256 250 244 240 238 242 241 238 234 231 227 225 223 223 223 221 217 214 212 211 211 213 213 207 201 201 205 206 205 203 202 203 202 200 201 200 199 199 201 207 211 211 205 197 196 199 199 200 200 200 201 201 201 204 213 216 214 216 216 214 214 214 210 207 208 211 211 215 215 213 213 214 214 214 213 212 212 214 213 213 213 213 214 214 214 213 213 215 215 215 219
