geo_cache/2-2/elevation.txt
ncols         942
nrows         918
xllcorner     -72.41111111111111
yllcorner     42.256
cellsize      1.0E-5
NODATA_value  -9999
[rows 168 to 209 of 918, columns 94 to 187 of 942]
189 189 189 189 189 190 191 192 194 198 204 211 215 213 211 212 214 210 206 202 199 198 202 208 217 225 234 241 248 252 253 255 253 251 248 245 242 242 244 248 254 264 272 276 282 283 279 273 268 262 257 254 255 258 261 263 267 272 275 279 287 294 298 301 305 305 300 295 292 290 290 289 286 283 278 274 270 267 266 265 264 262 261 259 257 255 255 256 258 257 256 256 256 256
189 189 189 189 189 191 192 193 194 196 201 207 211 210 209 212 213 211 207 202 199 197 200 206 214 224 234 242 247 250 251 250 248 246 244 240 239 242 245 248 254 264 272 276 280 279 275 268 263 259 255 254 255 257 260 261 265 270 274 277 283 288 291 295 298 297 293 290 288 288 288 286 283 280 276 271 266 263 262 261 260 259 258 256 255 254 254 255 258 257 256 255 255 256
188 188 189 189 190 191 192 194 195 197 200 205 207 208 209 211 213 211 208 203 199 196 198 205 214 224 234 241 245 248 249 248 245 242 240 238 239 242 245 248 254 263 270 273 276 274 270 264 259 257 254 253 254 256 258 260 264 270 274 276 279 284 286 288 292 292 288 286 286 286 285 283 281 278 274 269 264 260 258 257 256 255 255 254 253 253 253 255 258 257 255 254 254 255
188 188 189 189 191 191 193 195 198 200 201 203 205 206 208 210 212 211 208 203 199 196 197 203 211 221 231 238 241 246 249 247 243 240 238 238 240 243 245 247 252 260 267 269 270 268 264 260 256 254 253 251 253 255 256 259 264 269 272 273 278 282 281 283 287 287 284 283 284 284 283 281 278 276 272 268 263 258 256 254 253 253 253 253 253 253 253 255 258 257 255 254 253 254
188 188 189 189 190 191 193 197 200 202 203 203 204 206 208 211 213 210 207 203 199 196 196 200 207 216 227 234 240 246 248 246 243 240 237 237 240 244 246 246 249 256 261 264 264 261 257 255 252 251 251 250 252 254 256 258 263 267 268 271 276 279 279 281 283 283 280 281 283 283 281 279 276 274 270 266 262 258 254 252 252 252 252 252 252 252 253 255 258 258 256 254 253 254
188 188 189 189 190 191 193 197 201 203 203 203 203 206 209 213 214 211 206 202 199 196 195 197 203 212 222 231 238 245 247 245 242 238 235 236 240 245 245 245 246 251 256 258 258 255 251 250 248 248 248 249 250 253 256 259 263 265 266 270 274 276 276 278 279 278 278 280 282 281 280 277 274 272 268 265 261 257 253 251 251 251 251 251 251 251 252 255 257 258 257 255 254 253
188 188 190 190 191 191 193 197 201 203 203 203 203 206 211 213 215 213 209 204 199 196 194 195 200 207 217 227 235 239 243 242 239 234 232 236 241 245 246 245 244 246 251 253 252 250 248 247 246 245 246 248 250 253 256 259 262 263 264 268 272 273 274 275 276 275 276 278 280 280 280 277 274 271 267 263 260 256 252 251 251 251 251 251 251 251 251 254 256 258 258 256 254 253
188 188 190 192 192 192 194 197 201 202 202 202 203 208 212 214 214 213 211 206 200 196 193 193 197 203 212 222 229 234 238 238 233 229 230 236 242 246 247 245 244 244 247 248 247 246 245 244 244 244 245 249 253 254 255 259 261 261 262 266 270 271 272 273 274 274 275 277 280 280 279 277 274 271 267 263 259 255 252 250 250 250 251 251 251 251 251 253 256 258 258 257 254 252
189 189 190 191 192 192 194 198 200 202 201 200 203 208 213 215 215 213 211 207 201 196 193 193 195 199 207 215 223 229 232 230 226 225 230 237 242 247 248 246 245 244 244 244 244 243 243 242 243 244 246 251 256 256 255 257 260 262 262 265 268 269 270 272 273 274 276 278 280 280 279 276 274 271 267 263 259 255 250 250 250 250 251 251 251 251 251 252 256 258 258 257 254 251
189 190 190 191 192 192 194 197 199 201 200 200 203 208 213 216 217 214 210 208 203 197 192 192 193 196 202 209 217 223 225 222 220 223 232 239 244 247 249 248 247 245 243 242 242 242 241 241 243 245 248 253 257 258 256 256 260 264 263 264 266 268 269 272 273 275 277 280 280 280 279 276 274 271 266 263 259 255 250 250 250 250 250 251 251 251 251 252 255 257 257 256 254 251
190 191 191 191 192 192 194 196 198 199 198 199 205 210 214 216 219 216 211 208 205 198 192 191 191 193 198 204 211 216 216 215 217 223 233 241 245 249 251 251 249 246 244 243 242 242 241 241 243 246 250 255 258 259 256 256 260 264 263 264 265 267 269 272 274 276 278 281 282 281 279 276 274 270 266 263 259 255 250 250 250 250 250 251 251 251 251 251 254 256 256 256 253 250
190 191 192 192 192 192 192 195 197 197 197 199 205 210 214 217 220 218 212 208 204 198 192 190 190 191 194 200 206 211 210 211 217 226 236 242 246 250 252 253 252 248 245 244 242 242 241 242 244 247 251 256 261 262 259 257 259 262 262 264 266 269 272 275 277 278 280 283 283 282 280 277 274 271 267 263 259 255 251 250 250 250 250 250 251 251 251 251 252 255 256 255 252 250
191 191 192 192 192 192 192 194 195 196 196 200 205 210 214 219 221 219 213 209 204 197 192 190 190 190 192 196 202 205 206 211 220 230 238 244 249 252 254 255 254 250 246 245 243 242 241 241 244 248 253 258 263 265 262 260 261 261 263 265 268 272 275 277 279 281 282 284 285 284 281 278 274 272 268 264 260 257 253 250 250 250 250 250 251 251 251 251 251 254 255 254 251 251
191 191 192 192 192 192 193 194 195 196 196 200 206 211 216 221 223 220 214 209 204 197 191 190 190 190 190 194 199 202 206 214 223 232 240 246 252 255 257 257 256 252 248 246 243 242 241 241 244 248 253 260 265 269 267 265 264 264 266 268 271 276 278 280 282 284 285 287 286 285 282 279 277 273 269 266 262 259 256 251 250 250 250 250 251 251 251 251 251 253 254 252 251 251
191 192 192 192 193 193 193 195 197 197 197 201 207 212 217 222 224 222 216 210 204 198 191 190 190 190 190 194 198 202 207 215 224 233 241 249 256 260 260 259 258 254 249 246 243 242 242 241 244 248 254 262 267 272 271 269 268 269 270 273 276 279 282 284 285 287 289 289 288 286 283 282 279 276 271 266 263 261 258 253 250 250 250 251 252 251 251 251 251 251 252 251 251 251
191 192 193 193 193 193 194 196 197 198 198 201 208 214 219 224 226 224 218 212 205 199 192 190 190 190 190 193 197 202 208 215 224 234 243 252 261 265 263 261 260 256 249 246 243 242 242 241 244 249 256 264 271 274 274 273 273 274 275 278 281 282 285 287 289 290 291 292 290 288 286 284 282 278 272 267 264 262 259 255 252 250 250 252 255 254 251 251 251 251 251 251 251 250
190 192 194 194 194 194 194 196 198 198 199 201 208 214 221 226 228 226 220 213 205 199 192 190 190 190 190 193 197 202 210 217 226 236 246 256 266 272 269 264 262 256 249 246 243 242 241 241 244 250 258 266 273 276 276 277 278 277 280 282 284 287 289 290 292 293 294 294 292 291 289 287 285 281 275 269 266 263 261 257 255 253 253 255 257 256 252 251 250 251 251 251 251 250
190 193 194 194 194 194 194 196 198 199 199 200 206 214 221 228 230 227 221 213 205 198 192 190 190 190 190 193 197 203 211 220 229 239 249 259 270 278 275 267 262 255 248 246 243 242 241 241 245 252 260 267 275 278 278 280 281 280 284 286 288 291 293 294 294 295 296 296 295 294 293 291 288 284 277 271 267 264 262 260 258 257 257 257 258 257 253 251 250 251 251 251 251 251
190 193 196 196 195 194 194 196 198 199 199 200 206 215 222 228 231 229 221 213 204 197 191 190 190 190 190 193 197 204 212 221 231 241 251 261 272 281 278 269 262 255 248 245 242 241 241 241 245 253 261 269 276 279 280 282 283 284 287 290 291 294 295 296 296 297 299 298 297 297 297 295 291 286 279 272 268 266 263 262 261 259 259 259 259 257 255 252 251 251 251 251 251 251
189 193 196 197 195 195 195 196 198 198 198 200 207 215 222 229 232 230 221 211 201 194 191 189 189 189 190 193 198 205 213 222 232 243 253 263 274 282 279 269 261 254 246 244 241 241 241 241 245 253 261 269 275 279 281 284 285 287 290 292 295 296 297 298 298 300 301 301 300 300 300 298 295 288 279 274 270 268 266 265 263 261 261 261 261 259 257 255 253 252 252 252 252 251
189 192 196 197 195 195 195 196 198 198 198 199 207 214 221 229 233 230 221 210 200 193 190 189 189 189 190 194 199 206 214 223 233 245 255 264 276 283 278 268 261 253 245 243 241 241 241 241 245 253 261 268 275 279 283 285 286 288 291 294 296 298 299 299 299 302 303 303 302 302 303 301 297 288 280 275 272 270 268 267 265 263 263 263 262 261 259 257 255 253 253 253 253 251
190 193 196 197 195 195 195 196 198 198 198 199 205 212 221 229 233 230 219 209 199 192 189 188 188 189 190 194 200 207 215 224 233 244 254 263 274 281 277 268 260 252 245 243 241 241 241 241 245 253 261 268 274 278 282 284 285 287 291 294 297 300 301 301 301 304 305 305 304 305 305 303 298 289 280 276 273 271 270 268 266 264 264 264 263 262 260 258 256 254 253 253 253 251
190 193 195 196 195 195 195 196 198 198 197 198 204 212 220 229 233 228 216 207 197 191 188 188 188 188 190 194 201 208 215 224 234 243 251 260 270 276 272 266 260 250 245 243 241 241 241 241 245 253 260 267 272 277 281 282 284 286 291 295 299 302 304 303 304 306 308 309 308 309 308 305 298 289 281 277 274 273 272 270 267 266 266 266 265 264 262 260 258 255 254 254 253 251
190 192 195 195 194 194 194 196 199 198 197 198 204 211 219 227 231 224 212 204 196 191 188 187 187 187 189 194 201 208 215 223 232 241 249 258 266 271 268 264 258 249 244 242 241 241 241 242 245 252 258 265 272 276 280 281 283 286 291 297 302 304 305 305 306 308 311 313 313 314 311 306 298 289 282 278 275 274 272 271 268 268 268 268 266 265 264 262 259 257 255 254 253 251
191 193 195 194 194 194 194 196 199 198 197 197 202 209 217 224 226 218 208 200 193 190 187 186 186 187 189 193 200 207 214 222 229 239 247 255 262 265 264 260 254 246 242 241 241 242 243 246 249 253 258 265 271 275 278 280 281 286 292 299 304 307 307 307 308 311 315 317 318 318 315 307 298 289 283 278 275 274 273 272 270 270 270 269 268 267 266 263 261 259 257 255 253 252
191 193 195 194 194 194 194 196 199 198 196 195 200 208 216 222 221 214 205 197 191 187 186 185 185 186 188 193 199 205 211 219 226 235 244 251 257 260 259 255 248 243 241 241 243 246 248 251 255 258 262 265 270 274 277 279 282 287 294 302 306 309 309 309 310 315 318 321 322 321 317 309 299 289 283 279 275 275 273 272 272 272 272 270 269 269 268 265 262 260 258 256 254 253
192 193 194 194 193 193 193 196 198 198 195 194 199 207 215 219 215 209 201 194 189 184 185 184 185 186 188 192 197 202 209 216 223 231 239 247 252 255 253 248 243 240 242 243 247 251 255 256 259 264 268 269 272 276 278 281 285 290 297 305 309 311 310 310 313 318 321 323 325 323 318 309 299 289 283 279 275 275 274 273 273 273 273 271 270 271 269 265 263 260 259 257 255 254
192 193 194 194 193 193 193 195 198 197 195 194 198 207 214 216 210 205 197 191 186 182 183 183 184 185 187 191 195 199 206 212 219 226 234 243 247 249 246 242 239 240 245 247 251 255 259 260 263 269 273 275 277 280 281 284 290 295 302 308 312 313 313 313 315 320 323 325 326 323 317 308 299 289 282 279 278 276 275 274 274 273 273 272 272 272 270 266 263 260 259 257 255 255
192 193 194 193 193 192 192 194 197 196 194 193 197 207 213 214 208 202 194 189 184 181 182 182 183 183 185 189 193 197 202 210 216 223 230 238 242 243 241 237 237 243 248 250 254 258 262 264 267 273 278 280 282 285 285 288 294 300 307 312 316 316 316 316 316 320 324 325 325 323 316 307 298 289 283 280 280 278 276 274 274 273 273 272 272 272 270 267 263 261 259 257 256 255
191 192 193 192 192 192 192 193 195 195 194 193 197 206 211 211 205 199 193 187 183 181 181 182 182 182 183 186 190 195 200 207 213 220 227 231 235 236 235 235 238 245 250 253 257 261 265 268 271 276 282 284 287 289 289 291 298 305 312 316 319 319 320 318 317 321 325 325 324 321 315 306 297 289 284 282 281 279 276 275 274 273 273 272 272 273 270 267 263 261 259 258 257 255
191 192 192 191 191 191 191 192 194 194 193 192 196 203 208 207 201 196 192 187 183 181 181 181 181 181 181 184 189 193 198 204 210 217 222 225 229 231 231 235 240 247 252 255 260 264 267 272 274 279 284 288 291 293 293 295 302 310 316 319 321 321 322 319 317 321 325 324 322 319 313 304 296 289 285 283 281 280 277 275 274 273 273 272 274 274 272 268 264 261 260 258 257 256
191 191 192 191 191 191 191 191 193 193 192 191 194 200 205 203 197 193 190 186 182 181 181 181 181 181 181 184 188 191 195 200 207 213 216 219 223 228 231 236 243 249 254 257 262 266 270 274 278 282 287 291 295 297 296 299 307 314 319 322 322 323 323 319 318 321 323 323 322 317 310 301 295 289 286 283 281 280 277 275 275 274 274 274 274 275 274 270 267 263 262 262 261 258
190 191 191 191 190 190 190 190 191 192 191 190 191 197 201 199 194 191 188 185 182 181 181 181 181 181 181 184 188 190 193 198 203 208 211 215 221 228 234 240 246 252 257 260 265 269 273 277 281 285 290 294 298 300 299 302 311 317 322 325 324 324 323 319 319 322 323 321 319 314 306 299 293 289 287 284 281 279 277 275 274 274 273 273 274 275 275 272 270 267 268 268 264 258
190 191 191 190 190 190 190 189 190 191 190 189 189 194 197 196 192 189 186 183 181 181 181 181 181 181 182 186 190 193 196 199 203 207 211 216 223 231 237 244 250 256 261 263 267 271 275 279 283 288 292 297 301 303 302 305 312 318 323 326 325 324 321 318 319 321 320 318 314 310 303 297 291 288 286 283 280 278 276 274 273 273 273 272 273 274 274 273 271 270 271 270 263 256
190 191 190 190 189 189 189 188 188 190 189 187 188 191 193 192 190 187 186 183 181 181 181 181 181 181 185 189 194 198 201 205 208 211 216 221 228 234 239 246 252 259 263 265 269 274 278 281 286 290 294 299 304 307 307 308 313 317 321 324 323 322 319 316 316 317 315 313 309 305 299 293 288 285 282 280 278 276 275 273 273 273 273 272 273 273 273 272 272 272 271 267 260 255
190 190 190 189 189 189 189 187 187 188 187 186 186 188 190 189 188 187 187 186 182 181 181 181 181 184 189 193 197 201 204 208 212 216 221 227 232 237 242 249 255 262 266 268 270 275 280 283 288 292 297 302 307 310 311 312 315 317 321 322 321 320 318 315 313 312 310 308 304 299 294 288 284 280 277 276 275 274 273 273 273 273 273 273 273 273 273 272 272 272 270 265 258 256
189 189 188 188 188 188 188 186 185 186 186 184 184 184 185 185 185 187 188 188 184 181 181 181 182 187 193 197 200 204 207 210 214 219 224 230 235 239 245 251 259 265 270 271 273 277 281 285 289 294 299 305 311 315 316 317 318 320 322 321 319 317 315 312 309 307 304 301 298 294 289 283 279 275 273 272 272 272 272 272 272 273 273 273 273 273 272 271 272 272 268 262 258 258
187 187 187 187 187 187 187 185 184 184 184 183 182 182 182 182 183 186 187 188 185 181 181 181 184 189 195 200 203 206 209 212 216 221 227 233 237 242 248 255 263 268 273 275 277 280 284 287 291 296 302 309 315 320 321 321 322 324 323 320 317 313 311 307 303 300 297 294 293 289 284 278 274 272 271 271 271 271 272 272 272 273 273 273 273 273 271 270 271 268 264 261 259 260
185 186 186 186 186 186 186 184 182 182 183 181 181 180 181 181 183 185 186 187 185 181 181 182 186 191 197 201 205 208 211 215 218 223 229 234 239 245 252 260 267 272 276 278 281 284 286 290 295 299 305 312 319 323 324 325 326 327 324 319 315 309 305 300 296 294 290 288 287 285 280 275 271 271 271 271 271 271 272 273 273 273 273 272 272 272 270 269 268 265 263 261 261 262
183 184 185 185 184 184 184 183 181 181 181 180 179 179 181 182 183 184 184 185 183 181 181 183 187 193 199 203 206 209 212 216 220 224 230 235 241 247 255 263 270 276 280 281 284 286 289 292 297 301 307 314 321 324 327 329 329 329 324 318 312 306 299 294 289 287 284 282 281 280 278 274 271 271 272 272 272 272 273 273 273 273 273 272 271 270 269 267 265 264 263 263 263 263
182 183 184 184 183 183 183 182 181 180 180 179 178 179 180 182 182 182 183 184 182 181 181 183 187 193 199 203 205 209 212 216 221 226 232 237 243 249 257 266 273 279 283 284 286 288 291 294 298 302 309 315 321 326 331 332 331 329 323 315 308 301 293 288 283 280 279 277 277 276 276 274 272 272 272 272 273 274 274 274 273 273 273 272 270 269 267 266 265 265 265 264 264 264
181 182 182 182 182 182 182 181 179 178 178 178 178 178 179 180 180 181 183 182 181 181 182 183 188 194 199 203 205 209 213 217 221 226 232 238 245 251 259 269 276 282 286 287 289 291 294 296 299 304 311 317 322 328 332 333 333 329 321 311 304 296 288 282 277 274 273 273 274 274 274 274 273 273 273 274 275 276 277 276 275 273 273 273 271 269 267 267 267 267 266 266 265 266
