geo_cache/5-4/elevation.txt
ncols         934
nrows         918
xllcorner     -71.37777777777778
yllcorner     42.752
cellsize      1.0E-5
NODATA_value  -9999
[rows 550 to 599 of 918, columns 384 to 479 of 934]
71 71 71 71 72 75 79 80 82 80 77 77 77 76 76 76 74 74 75 75 75 75 74 72 72 71 70 68 65 62 61 61 61 59 59 59 59 59 59 59 59 59 59 59 61 65 64 62 59 61 62 64 66 67 68 69 69 67 64 61 59 59 59 59 61 61 61 61 62 62 62 63 63 64 66 69 72 74 77 79 81 82 82 82 82 79 78 78 79 80 80 80 78 77 74 71
71 71 70 70 72 74 79 81 80 77 76 76 77 77 76 76 74 73 73 74 74 74 73 72 72 71 70 69 67 64 61 61 60 59 59 59 59 59 59 59 59 59 59 60 64 64 60 59 59 59 60 61 63 65 66 67 68 66 64 60 59 59 59 59 61 61 61 61 62 62 62 62 62 63 65 68 71 74 78 80 83 83 82 82 82 79 77 77 79 79 79 79 78 77 74 72
71 71 70 70 72 74 78 81 80 76 76 76 77 79 78 76 74 73 71 71 72 73 72 71 71 71 69 69 68 66 62 61 60 59 59 59 59 59 59 59 59 59 59 64 64 60 60 59 59 59 59 60 62 63 64 65 65 65 61 59 59 59 60 61 62 62 62 62 62 62 62 62 62 62 64 67 70 73 78 82 84 84 82 82 81 78 77 77 79 79 79 79 77 77 74 74
71 71 70 70 71 74 77 79 79 76 76 76 78 80 78 76 74 73 71 68 68 71 71 71 71 70 69 68 67 65 62 61 60 59 59 59 59 59 59 59 59 59 62 64 60 60 59 59 59 59 59 59 60 61 63 63 63 62 59 59 59 60 62 63 63 63 63 63 62 62 62 62 62 62 64 67 69 73 77 82 84 84 82 80 79 77 77 77 80 79 78 78 77 76 74 74
71 71 70 70 71 73 75 77 77 77 76 76 77 80 78 76 74 73 72 69 68 69 70 70 70 70 69 68 67 64 61 61 60 59 59 59 59 59 59 59 59 60 62 60 59 59 59 59 59 59 59 59 59 60 60 60 60 60 59 59 59 61 63 64 65 65 65 65 65 65 63 62 62 62 64 66 68 72 76 80 84 84 81 79 78 77 77 77 79 78 77 77 75 75 73 73
70 70 69 69 71 72 74 75 76 76 76 75 76 78 77 75 73 73 72 70 68 68 69 69 69 69 68 67 66 64 61 61 61 59 59 59 59 59 59 59 59 61 61 60 59 59 59 59 59 59 59 59 59 58 59 59 59 58 58 58 59 62 63 64 66 67 67 68 68 68 65 62 62 62 63 66 67 69 73 76 79 81 80 78 77 76 76 75 76 75 74 74 72 73 71 70
70 70 68 68 70 72 74 75 75 76 75 75 74 74 74 74 72 72 72 70 68 68 68 68 68 68 68 66 65 63 61 61 61 59 59 59 59 59 59 59 60 61 60 59 59 59 59 59 59 59 59 59 59 58 58 58 58 58 58 58 59 61 62 64 66 69 70 71 71 70 67 64 62 62 63 66 67 68 70 72 74 77 77 77 76 76 75 74 74 73 71 70 70 70 68 66
70 69 68 68 69 71 74 74 75 75 75 75 73 72 72 71 70 70 71 70 68 67 67 67 67 67 67 66 65 63 62 62 61 59 59 59 59 59 59 60 60 60 60 59 59 59 59 58 58 58 58 58 58 58 58 58 57 57 58 59 60 61 62 63 65 70 73 73 72 71 69 65 63 62 63 66 67 68 70 70 71 73 74 75 75 75 74 74 73 72 71 69 67 66 64 62
70 69 68 68 68 71 73 74 75 74 74 74 73 72 72 70 68 68 68 69 68 67 66 66 66 66 66 65 65 63 62 62 61 59 59 59 59 59 59 60 60 60 60 59 59 59 59 58 58 58 58 58 58 58 58 58 57 57 59 60 60 60 62 63 65 70 73 74 73 71 69 66 64 62 63 66 66 68 70 70 70 71 72 73 75 74 74 73 72 72 70 68 65 62 62 62
69 68 68 68 68 70 72 73 74 73 73 73 73 72 72 71 69 68 68 68 68 68 66 65 65 65 66 65 65 63 62 62 61 60 59 59 59 59 59 59 60 59 59 59 59 59 59 58 58 58 58 58 58 58 58 58 57 57 58 58 59 59 61 63 66 70 73 74 73 72 69 67 65 63 63 66 66 68 70 70 70 71 72 73 74 74 73 72 71 71 69 66 63 62 62 62
69 68 68 68 68 68 71 72 72 72 71 71 71 71 71 72 72 70 68 67 68 68 66 65 65 65 65 65 65 64 62 62 61 60 59 59 59 59 59 60 60 59 59 59 59 59 59 58 58 58 58 58 58 57 57 57 57 56 56 56 57 57 59 62 68 71 73 75 74 73 70 68 66 64 63 65 66 68 69 70 70 71 72 72 73 73 72 71 70 68 65 64 62 62 62 62
68 68 68 68 68 68 68 69 70 70 71 71 71 71 72 73 74 73 70 67 67 68 68 65 65 65 65 65 65 64 63 62 61 61 59 59 59 60 60 60 59 59 59 59 59 59 59 58 58 58 58 58 58 57 57 57 57 56 56 56 56 56 57 62 68 72 75 76 75 73 71 69 67 65 64 65 66 67 69 69 69 70 71 71 71 70 69 67 66 64 62 62 62 62 62 62
68 67 68 68 68 68 68 68 69 70 71 72 72 72 72 73 74 74 72 68 65 67 68 67 65 65 65 64 64 64 63 63 63 62 60 60 60 60 60 60 59 59 59 59 59 59 58 58 58 58 58 58 58 57 57 57 56 56 56 56 56 56 57 63 69 74 76 76 75 74 72 70 68 66 65 65 66 67 68 68 68 69 69 68 68 66 65 64 63 62 62 62 62 62 62 62
68 67 67 68 68 68 68 68 69 70 72 74 73 72 71 72 73 74 73 68 65 65 68 68 66 65 65 64 64 64 64 64 63 62 61 60 60 60 60 59 59 59 59 59 59 59 58 58 58 58 58 58 58 57 57 57 56 56 56 56 56 56 57 64 71 75 77 77 76 75 73 72 69 67 65 65 65 66 67 67 67 66 66 65 65 64 64 64 63 63 63 62 62 63 63 62
68 67 67 67 67 68 68 68 69 70 72 74 73 71 70 71 72 73 72 69 65 65 68 69 68 65 64 64 64 64 63 63 62 62 61 60 60 60 60 59 59 59 59 59 59 59 58 58 58 58 58 58 58 57 57 57 56 56 56 56 56 56 58 66 72 76 78 78 78 77 75 73 70 68 65 65 65 65 66 66 66 65 65 65 65 64 64 64 63 63 63 63 63 63 63 63
68 67 67 67 67 68 68 68 69 70 72 72 72 70 69 69 70 70 70 69 64 64 67 69 69 67 64 63 63 63 62 62 62 61 60 60 60 60 60 59 59 59 59 59 59 59 58 58 58 58 58 58 58 57 57 57 56 56 56 56 56 57 61 68 73 77 79 81 80 78 76 74 71 69 66 65 65 65 65 65 65 65 65 65 65 64 64 64 63 63 63 63 64 64 65 65
67 67 67 67 67 68 68 69 70 70 72 72 71 69 68 68 69 69 69 68 65 64 66 69 69 68 65 64 63 62 62 62 62 61 61 60 60 60 60 59 59 59 59 59 59 59 58 58 58 58 58 58 58 58 57 57 57 56 56 56 56 60 65 71 75 78 81 82 82 80 78 76 72 70 68 66 65 65 65 65 65 65 65 65 65 64 64 64 63 63 63 63 64 65 66 67
67 67 67 68 68 69 70 70 70 71 72 72 70 68 67 67 68 69 69 68 65 64 65 68 68 68 66 65 63 62 62 62 62 62 61 61 60 60 60 59 59 59 59 59 59 59 58 58 58 58 58 58 58 57 57 57 57 56 56 56 58 63 69 74 78 81 84 85 83 81 79 76 74 71 69 67 65 65 65 65 65 65 65 65 65 65 65 65 65 65 65 65 65 66 68 69
67 67 67 68 69 72 73 71 71 72 72 71 69 67 66 66 67 68 68 68 65 63 65 67 67 67 67 66 65 63 62 62 62 61 61 61 60 60 60 59 59 59 59 59 59 59 59 58 58 58 58 58 58 57 57 57 56 56 56 58 61 67 73 77 81 84 86 87 85 82 79 76 75 73 70 69 65 65 65 65 65 65 65 65 66 66 66 67 66 65 65 65 67 69 70 71
67 67 67 68 70 73 73 72 72 73 72 71 68 66 64 65 65 66 67 67 65 63 64 65 66 67 67 66 65 63 62 62 62 61 60 60 60 60 60 59 59 59 59 59 59 59 59 59 59 59 59 58 58 57 57 57 56 56 58 62 67 71 76 80 84 87 89 90 88 84 81 77 76 74 72 70 67 65 65 65 65 65 66 67 67 68 68 69 68 66 66 66 69 70 72 73
67 67 67 68 70 73 73 73 72 73 73 70 67 65 63 63 64 64 65 66 65 63 63 64 65 66 67 66 66 64 63 63 63 61 59 59 60 60 60 60 59 59 59 58 58 58 58 59 59 59 59 58 58 57 56 56 56 56 61 67 72 76 80 84 87 89 91 93 91 87 83 79 77 75 73 71 69 67 66 66 66 66 67 68 69 69 70 70 69 68 67 69 70 72 73 73
67 67 68 68 69 73 74 74 74 74 73 70 67 64 62 61 62 62 64 65 65 64 62 63 64 65 66 67 67 65 64 64 62 60 59 59 59 59 59 59 60 59 59 58 58 58 58 60 60 60 59 58 58 57 56 56 56 58 64 71 76 81 85 88 90 93 95 96 94 90 86 81 78 76 75 73 71 69 68 68 68 68 68 69 69 70 70 70 69 69 69 69 71 72 72 72
67 67 68 68 69 73 73 73 75 74 71 69 67 64 60 59 59 60 61 64 65 63 62 61 62 64 66 67 67 66 64 63 62 60 59 59 59 59 59 59 60 59 59 58 58 58 58 59 59 59 58 58 58 57 56 56 56 61 68 74 80 85 89 92 94 96 98 99 97 94 90 85 82 79 77 76 74 71 71 70 69 69 69 69 70 70 70 69 70 70 70 70 71 71 70 70
66 66 68 68 68 71 72 73 75 73 70 69 65 62 58 57 56 57 60 62 63 62 61 60 60 63 65 66 66 65 64 63 62 60 60 60 60 59 59 59 59 59 59 58 58 58 58 59 59 59 58 58 58 57 56 56 57 63 70 77 83 89 93 95 97 99 101 101 99 97 94 91 87 84 82 80 78 76 74 73 72 71 70 70 70 69 69 69 69 70 70 70 71 70 69 68
65 66 67 68 68 70 71 73 75 73 70 68 65 61 57 57 56 56 57 59 60 60 59 59 59 62 65 66 66 65 63 63 62 61 60 60 60 59 59 59 59 59 59 58 58 58 58 58 58 58 58 57 57 57 56 56 58 64 72 79 85 91 95 98 99 101 102 103 102 101 98 96 93 91 88 86 83 81 78 76 75 73 71 70 70 69 68 68 69 70 70 70 70 69 68 66
65 65 67 68 68 68 71 73 75 72 69 67 63 60 57 56 56 56 56 57 58 58 58 58 58 61 64 66 66 65 63 63 62 61 61 61 61 60 60 59 59 59 59 59 58 58 58 58 58 58 57 57 57 56 56 56 58 66 73 79 85 92 96 99 101 103 103 104 105 104 102 99 97 95 93 91 88 84 81 78 76 74 72 71 70 68 68 68 69 70 70 70 69 68 67 65
64 64 67 68 68 68 71 74 74 72 69 67 63 59 57 56 56 56 56 56 57 57 57 57 58 60 63 65 65 65 64 63 62 62 61 61 61 60 60 60 59 59 59 58 58 58 58 58 58 58 57 57 57 56 56 56 58 66 73 79 85 92 96 100 102 103 103 105 106 106 105 102 100 98 96 93 89 85 81 78 77 75 72 71 70 68 68 68 69 70 70 69 68 67 66 65
64 65 68 69 68 69 72 75 73 71 68 66 62 58 57 56 56 56 56 55 55 56 56 56 56 59 62 63 63 64 64 64 63 62 61 61 61 60 60 60 59 59 59 58 58 58 58 58 57 57 57 56 56 56 56 56 58 66 72 79 85 92 96 100 102 103 103 105 107 107 106 103 102 100 98 94 89 85 81 78 78 75 72 70 69 68 68 68 68 69 69 69 67 67 66 64
64 66 71 71 69 69 73 75 72 68 67 64 60 57 57 56 56 55 55 55 54 54 55 55 56 58 61 61 62 63 64 64 63 62 62 62 61 60 60 60 59 59 59 59 58 58 58 57 57 57 56 56 56 56 56 56 59 66 72 78 85 91 95 99 101 103 104 106 108 109 107 104 102 101 98 94 89 85 80 78 77 74 70 70 69 68 68 68 68 69 69 69 67 67 66 64
64 69 73 71 70 70 73 74 71 66 64 62 59 57 57 56 56 55 55 55 54 54 54 55 55 56 58 60 61 62 63 64 64 63 62 62 61 60 60 60 59 59 59 59 58 58 58 57 56 56 56 56 56 56 56 56 61 67 72 77 84 89 94 97 100 102 104 107 109 109 108 105 103 102 99 95 90 84 80 78 76 72 70 70 69 68 68 67 67 69 69 69 67 67 66 64
65 72 73 70 70 70 73 72 68 64 62 60 58 57 57 56 55 55 55 54 54 54 54 54 54 55 58 59 60 61 63 63 63 63 62 62 62 60 60 59 59 59 59 59 58 58 58 56 56 56 56 56 56 56 56 56 61 68 71 77 83 88 92 96 98 101 104 107 110 110 109 105 103 102 99 95 89 84 79 76 73 71 70 70 70 69 68 67 67 68 69 68 67 67 66 63
68 74 74 70 70 71 74 72 67 63 59 57 57 57 56 56 55 55 55 54 53 53 53 54 54 55 57 58 59 61 62 62 63 63 63 63 62 60 60 59 59 59 59 59 59 58 58 57 56 56 55 55 55 55 56 56 60 67 70 74 80 87 92 95 98 101 104 107 110 110 109 105 102 101 99 94 88 83 77 73 71 71 70 70 70 69 69 67 67 67 68 67 66 66 65 63
71 76 74 71 71 72 75 72 66 62 58 56 56 56 56 56 55 54 54 53 53 53 53 54 54 55 56 57 58 60 60 61 62 63 63 63 62 60 60 59 59 59 59 60 60 60 58 57 56 56 55 55 55 55 56 56 58 64 69 70 77 86 92 96 98 101 103 106 109 110 109 105 102 100 97 92 87 81 76 71 71 71 71 71 70 69 69 68 67 66 66 66 65 65 63 62
74 77 74 71 71 73 76 71 65 61 57 56 56 56 56 55 55 54 54 53 52 52 52 53 53 55 55 55 57 59 59 60 61 63 63 63 62 61 60 59 59 60 60 59 59 59 58 57 56 56 55 55 55 55 56 56 57 61 65 66 74 83 92 97 100 102 104 106 108 110 108 104 100 97 94 90 85 80 74 71 71 71 71 71 70 70 70 69 67 66 65 65 65 64 63 61
76 77 73 71 72 75 76 70 63 58 56 56 56 56 56 55 55 54 54 52 52 52 52 53 53 53 53 54 56 57 58 59 61 63 64 64 63 61 61 60 60 60 60 59 59 59 57 56 56 56 55 55 55 55 56 56 56 57 59 62 70 79 90 97 101 103 105 106 107 107 106 103 98 95 92 88 84 80 74 72 71 71 71 71 70 70 70 69 68 66 65 64 63 63 62 60
78 78 73 72 74 77 75 69 61 57 56 56 56 55 55 55 54 54 53 52 51 51 51 53 53 53 53 54 54 55 57 59 61 62 63 63 63 62 61 60 60 60 60 59 59 59 57 56 56 56 55 55 55 55 56 56 56 56 57 60 67 76 87 96 100 104 105 106 106 106 103 100 97 95 93 89 85 80 76 73 71 71 71 71 71 69 69 68 68 66 65 63 62 62 61 60
79 77 73 74 76 77 73 67 60 56 56 56 56 56 55 55 53 52 52 50 50 50 51 52 52 52 53 54 54 55 56 58 60 61 62 63 63 62 62 60 60 60 60 60 59 58 57 56 56 56 56 55 55 55 56 56 56 56 57 61 67 76 84 92 99 103 104 105 103 103 101 99 98 96 93 89 86 81 77 74 73 73 73 71 71 69 69 68 67 65 64 62 61 60 60 59
79 76 73 73 75 75 71 64 57 56 56 56 57 56 55 54 53 52 51 50 50 50 51 51 51 51 53 53 54 54 56 57 59 60 61 62 63 63 62 60 60 60 60 60 59 57 56 55 56 56 55 55 55 55 56 56 56 56 57 62 68 76 81 88 95 102 104 104 102 101 100 99 98 97 93 89 86 81 77 75 75 74 74 73 72 70 69 68 65 64 63 61 60 59 59 58
78 76 72 71 71 71 68 61 56 56 56 56 57 56 55 53 52 52 51 50 50 50 51 51 51 51 52 53 53 54 55 56 58 59 61 62 63 63 62 61 60 60 60 59 58 56 55 55 55 55 55 55 55 55 56 56 56 57 57 61 68 75 80 85 91 99 103 104 102 101 100 99 98 96 93 89 86 81 77 76 76 75 75 75 73 71 69 68 65 63 62 61 59 58 58 57
76 76 71 68 67 66 63 58 55 56 56 56 57 56 55 53 52 51 50 50 50 50 51 51 51 51 51 52 53 54 54 55 57 58 60 61 62 62 62 61 60 60 59 57 55 55 55 55 55 55 55 55 55 56 56 56 56 57 57 60 66 73 78 83 88 95 100 102 101 100 100 98 97 95 92 89 85 80 77 75 76 76 75 75 74 71 70 68 65 63 61 60 58 58 57 56
75 75 71 67 65 63 60 56 55 55 56 56 56 56 54 53 51 50 50 50 50 50 50 50 50 51 51 52 52 53 54 54 55 57 59 60 61 62 61 61 59 59 58 56 55 55 55 55 56 57 56 56 57 57 57 57 57 57 57 58 62 67 74 79 84 90 95 98 98 98 99 98 96 92 89 86 83 79 76 74 75 76 76 76 75 71 70 68 65 63 61 60 58 58 57 56
73 73 70 66 64 61 57 54 54 55 55 55 56 55 54 52 50 50 50 50 50 50 50 50 50 50 51 52 52 52 54 54 55 56 58 60 60 60 60 61 59 58 58 56 55 55 55 57 59 60 59 59 60 60 60 59 59 58 58 58 59 63 69 75 80 85 89 93 94 95 96 95 93 89 86 83 80 77 74 74 76 77 76 76 75 71 70 68 66 64 62 60 58 57 57 56
71 70 67 64 61 58 55 53 53 54 54 55 56 56 54 52 50 50 50 50 50 50 50 50 50 50 51 52 52 52 53 53 54 55 57 59 60 59 60 60 59 58 58 56 55 55 55 57 61 62 62 62 63 63 63 62 61 60 59 59 61 64 67 72 76 80 83 87 89 91 92 91 89 86 83 80 77 74 74 75 77 77 77 76 75 72 70 69 66 64 62 60 57 56 56 56
68 67 64 62 59 56 52 51 52 54 54 54 56 56 55 51 50 50 50 50 50 50 50 50 50 50 51 52 52 52 53 53 53 54 56 58 59 59 59 60 59 59 58 56 55 55 55 58 61 63 64 64 65 65 65 65 65 64 63 62 66 69 71 72 74 77 79 81 83 85 87 87 86 84 82 79 77 73 73 76 78 79 78 78 76 74 71 69 66 64 62 60 57 56 55 56
66 64 62 60 57 53 50 50 51 53 54 54 56 56 54 51 50 50 50 50 50 50 50 50 50 50 50 52 52 52 53 53 53 54 55 56 58 58 58 59 60 59 59 56 55 55 55 57 60 63 65 65 66 67 67 67 68 68 67 66 69 73 76 76 76 76 77 78 78 80 81 83 83 81 80 79 76 72 72 76 78 79 79 79 78 76 72 70 67 64 63 61 57 55 54 55
65 61 59 57 54 51 50 50 50 52 53 53 55 55 53 51 50 50 50 50 50 50 50 50 50 50 50 51 51 52 53 53 53 54 54 55 56 57 57 58 60 59 59 56 55 55 55 56 59 62 65 67 68 69 70 70 71 71 71 70 70 75 79 81 81 80 80 80 78 78 77 78 79 78 78 77 74 70 71 75 78 81 80 80 79 76 74 70 67 64 63 61 57 55 53 54
64 60 56 53 51 50 49 49 49 50 51 52 52 52 51 51 50 50 50 50 50 50 50 50 50 50 50 51 51 52 52 52 53 53 53 54 55 56 56 57 59 59 59 57 55 55 55 55 58 62 65 68 70 71 72 72 73 74 74 74 73 75 81 84 84 84 83 83 81 80 77 76 75 75 75 75 71 69 71 75 79 81 81 80 78 76 74 70 66 64 62 61 58 55 53 53
63 58 53 50 50 49 49 49 49 49 49 50 51 51 51 51 50 50 50 50 49 49 49 49 49 50 51 51 51 52 52 52 52 53 53 53 54 55 55 56 58 59 59 59 57 55 55 55 57 61 64 68 71 73 74 75 75 77 77 77 76 77 82 85 86 87 86 86 84 83 80 77 74 73 72 72 69 68 70 75 80 82 82 80 78 76 73 70 66 64 62 61 58 56 53 53
59 55 52 50 50 49 49 49 49 49 49 49 50 50 50 50 50 50 50 49 49 49 49 49 49 50 51 51 51 52 51 51 52 52 52 53 53 54 55 56 57 58 59 59 57 55 55 55 56 60 63 68 72 75 77 78 78 79 79 80 79 79 83 86 88 89 88 87 86 85 83 79 77 73 71 69 67 67 69 74 80 83 82 81 78 75 72 69 66 64 62 60 58 56 53 53
55 52 50 50 50 49 49 49 49 49 49 49 49 50 50 50 51 50 50 49 49 49 49 49 49 49 51 51 51 52 51 51 51 52 52 52 53 53 53 55 56 57 57 57 56 55 55 55 55 58 62 67 72 75 78 79 80 81 81 82 82 82 84 87 90 90 89 88 86 84 82 79 77 74 72 68 67 67 68 73 79 83 82 81 78 74 71 68 66 64 62 60 58 56 53 53
