geo_cache/5-4/elevation.txt
ncols         934
nrows         918
xllcorner     -71.37777777777778
yllcorner     42.752
cellsize      1.0E-5
NODATA_value  -9999
[rows 450 to 499 of 918, columns 480 to 575 of 934]
62 62 62 62 62 62 63 66 68 70 74 77 80 83 85 89 91 93 94 96 97 98 99 98 99 98 94 92 91 92 93 94 94 96 97 96 94 93 91 91 91 92 93 94 96 97 98 100 100 100 99 99 99 99 100 101 101 101 103 103 103 103 103 104 105 106 107 109 109 109 107 103 100 99 99 101 103 103 103 102 101 100 99 99 97 94 91 91 90 90 91 92 91 90 90 90
62 62 62 62 62 62 64 67 68 73 77 81 85 89 90 90 92 94 96 98 99 99 99 98 97 95 93 91 91 94 94 94 94 95 97 95 94 93 91 91 91 91 92 94 95 96 98 99 101 101 100 100 100 100 100 101 101 101 102 102 103 104 104 104 106 106 107 109 111 109 107 103 100 99 99 100 102 103 103 102 101 100 99 99 96 93 91 91 90 90 91 90 90 90 90 90
62 62 62 62 62 62 66 67 71 75 79 83 87 92 92 92 93 94 96 99 100 100 99 97 96 93 92 90 90 95 95 93 93 94 94 93 93 92 91 90 89 90 91 93 95 96 97 99 100 100 101 101 101 100 100 100 100 101 102 102 103 104 104 104 105 106 107 109 110 108 106 103 100 99 99 99 100 102 102 102 101 101 99 98 95 93 91 91 90 90 90 90 90 90 90 90
62 62 62 62 62 62 67 70 75 79 81 84 87 91 92 93 95 97 97 99 100 100 98 97 95 93 91 90 91 96 95 93 92 92 93 93 93 92 91 90 88 88 89 92 94 95 96 98 99 100 102 102 102 101 100 100 100 101 102 102 103 103 104 104 105 105 106 106 106 106 105 103 100 99 99 99 100 101 102 102 102 100 99 97 93 91 91 91 91 91 91 90 90 90 91 90
62 62 62 62 62 63 67 72 77 81 83 85 87 90 92 94 97 99 99 99 99 99 97 96 94 93 91 90 91 96 95 93 92 91 92 92 92 91 91 90 88 88 88 91 93 94 95 97 98 100 102 103 103 103 102 102 102 102 102 102 103 103 103 103 104 104 104 103 103 103 103 103 100 99 99 99 100 100 101 102 101 100 98 95 91 90 91 91 91 92 92 91 91 92 93 92
62 62 62 62 62 65 68 73 77 81 83 86 88 91 94 94 97 99 99 100 98 96 95 94 93 93 92 90 90 94 95 93 91 91 92 92 92 91 90 90 87 87 87 89 92 93 95 97 97 99 102 104 104 104 103 103 103 103 103 103 103 103 103 103 103 103 103 103 102 102 102 102 100 100 99 98 99 100 100 99 98 98 96 93 90 90 90 90 91 93 93 92 91 93 93 93
61 61 62 62 65 67 69 72 76 79 83 87 90 93 95 96 97 98 99 99 97 95 93 93 93 93 92 90 90 92 94 92 91 91 92 92 92 91 90 90 88 86 86 88 91 92 94 94 95 98 101 103 103 104 103 103 103 103 103 103 102 102 102 102 102 102 102 102 101 100 101 101 100 99 98 97 97 98 98 97 96 96 94 91 89 89 90 90 91 93 93 93 92 93 92 92
61 61 62 64 66 69 72 74 77 80 84 88 90 94 96 96 97 98 98 98 96 94 93 93 93 93 94 92 90 91 92 91 90 90 91 91 91 91 90 90 88 85 85 86 89 90 91 92 94 97 100 102 103 103 104 103 103 103 102 102 102 102 102 102 102 101 101 101 100 100 100 100 99 99 98 96 95 95 96 96 96 94 92 89 88 89 90 90 91 91 91 92 92 92 91 90
61 61 62 65 67 69 73 76 77 81 85 88 90 94 96 96 97 98 98 97 95 94 93 93 93 94 95 93 90 91 91 90 90 89 91 91 91 91 90 90 88 85 85 85 88 89 90 91 94 97 100 102 102 103 104 104 104 103 102 102 102 102 102 102 102 101 101 101 100 100 100 100 99 99 98 95 95 95 96 97 97 94 91 89 88 89 91 91 91 91 91 91 92 91 91 89
61 61 62 66 67 71 76 78 81 84 88 91 94 95 95 95 95 96 95 94 93 93 93 93 95 96 95 92 90 88 89 90 90 88 88 89 89 89 89 89 87 84 83 84 85 86 87 91 94 96 99 101 101 102 103 104 104 104 103 103 101 100 99 99 100 99 99 99 100 99 99 98 97 96 95 94 95 95 96 96 95 91 88 88 89 90 91 90 89 89 90 90 89 89 89 87
61 61 62 66 67 71 76 80 84 86 89 93 95 95 94 94 94 93 93 93 93 93 93 95 95 94 93 91 89 88 88 91 91 89 87 87 87 88 89 88 87 84 83 83 83 85 87 90 92 95 99 100 101 102 103 104 104 105 105 103 101 99 99 99 99 99 98 98 99 99 99 98 97 96 94 94 94 95 96 96 93 89 88 90 91 90 90 88 87 88 89 89 88 87 87 85
61 61 62 65 67 71 76 81 85 88 91 93 94 95 94 94 94 93 93 93 93 93 93 94 94 93 91 90 89 87 87 91 93 90 87 87 86 86 87 87 86 84 82 81 82 84 86 89 91 93 97 99 100 101 102 103 104 105 105 103 100 99 98 98 98 98 98 98 98 98 98 97 97 97 95 93 94 94 95 95 91 88 88 91 92 90 88 86 86 87 88 88 86 84 84 82
62 62 62 64 66 71 76 82 85 89 91 93 94 95 93 93 94 94 94 94 93 93 93 94 94 92 90 89 88 86 87 91 93 91 87 86 85 84 86 87 86 84 81 80 80 82 85 88 90 92 95 98 99 100 101 102 103 104 104 102 100 98 98 97 97 97 97 97 97 97 97 97 96 96 95 93 93 93 94 93 90 88 90 92 91 89 86 84 84 85 87 87 85 83 82 80
62 62 62 63 65 69 75 81 85 88 91 93 94 94 93 93 94 94 94 94 94 94 94 95 94 92 90 88 88 86 86 90 92 91 88 86 83 83 85 87 86 82 80 78 80 81 84 87 89 91 93 96 99 100 100 101 102 102 102 101 99 97 96 96 96 95 95 96 96 96 96 95 95 95 94 92 91 91 91 91 89 88 91 92 90 87 84 82 82 82 84 85 83 80 79 79
62 62 62 62 65 69 75 80 84 88 91 93 94 94 93 93 94 94 94 94 94 94 94 95 94 93 91 88 87 85 85 89 91 90 88 85 83 83 84 86 84 81 77 77 80 81 84 87 88 90 92 94 97 98 99 100 100 100 100 99 98 96 95 95 96 95 95 95 96 95 95 94 94 94 93 91 89 89 89 90 88 87 88 89 87 85 82 80 79 80 80 80 78 77 76 79
62 62 62 62 64 68 74 78 83 88 91 92 94 94 94 94 94 94 94 94 94 94 94 95 94 93 92 89 87 85 84 88 90 89 87 84 83 83 84 84 83 78 77 77 80 81 84 87 88 89 91 93 95 96 97 98 98 97 97 97 96 95 93 93 94 94 94 95 94 94 94 93 92 92 92 91 88 88 88 88 87 86 86 86 85 84 81 78 76 76 76 75 74 74 75 78
62 62 62 62 64 67 72 77 82 88 91 92 94 95 95 95 94 94 94 94 94 94 94 94 94 92 92 90 88 85 82 86 89 89 87 83 82 82 83 82 79 76 76 78 81 82 84 87 89 89 90 92 94 95 96 96 95 95 94 94 93 93 92 92 93 93 94 94 93 93 93 92 91 91 90 88 87 87 87 87 86 84 84 84 83 81 78 75 73 72 73 73 74 74 74 76
62 62 62 62 63 66 71 76 82 88 91 93 95 96 95 95 95 95 95 95 94 94 94 94 93 93 93 90 88 85 80 84 88 88 86 82 80 81 81 79 76 76 77 79 82 83 84 87 89 90 90 92 93 94 94 93 93 93 91 91 91 90 90 89 90 91 92 92 92 92 91 90 90 90 89 88 86 86 86 85 85 83 81 81 80 78 75 72 71 72 72 72 73 73 73 74
62 62 63 64 64 65 69 75 81 88 92 94 95 96 95 95 95 95 95 95 94 94 94 93 93 93 93 90 89 84 80 81 84 85 84 81 79 80 77 75 76 77 79 81 82 83 84 87 89 90 91 92 92 93 93 92 91 91 89 89 88 88 87 87 87 89 90 91 90 90 90 89 89 89 88 87 85 85 86 84 83 81 80 78 77 74 72 71 71 72 72 72 73 73 73 73
62 62 65 67 66 66 69 74 79 88 92 94 95 96 96 96 95 95 95 95 95 95 94 94 94 94 93 90 89 84 80 79 81 81 80 78 76 75 74 77 78 80 81 82 81 82 83 87 89 90 91 91 92 92 91 91 90 89 88 86 86 86 86 86 85 85 87 88 87 87 88 88 88 88 87 86 84 84 84 84 81 80 78 75 74 71 71 71 71 73 73 73 73 73 73 73
62 62 66 69 68 67 69 74 80 88 92 94 95 96 96 96 95 95 95 95 95 95 94 94 94 93 92 90 88 84 80 79 80 80 77 74 72 73 76 80 81 81 81 81 79 80 82 87 90 90 91 91 92 92 91 90 90 88 86 86 86 86 86 86 85 85 85 85 85 85 85 86 86 86 86 84 83 82 82 81 80 78 76 74 71 70 70 70 72 74 74 74 75 73 73 73
62 62 65 69 68 67 70 76 82 88 92 95 96 96 96 96 96 95 95 95 95 95 95 95 94 93 91 89 87 83 80 79 80 80 75 71 71 75 80 80 81 81 81 79 77 77 82 86 90 91 91 91 91 91 90 90 89 88 86 86 86 85 85 85 85 85 85 84 83 82 83 84 85 85 84 83 82 82 80 79 79 77 75 72 70 70 70 71 73 74 75 75 75 75 74 74
62 62 64 68 68 69 73 79 86 90 93 95 96 97 97 97 97 96 96 96 96 97 97 96 94 92 91 89 86 82 80 80 79 77 72 71 73 79 80 80 81 81 79 77 76 77 81 86 90 92 92 90 90 89 88 88 87 87 86 86 86 85 85 85 85 85 85 84 83 80 80 81 81 82 81 81 82 82 79 78 77 76 73 70 70 70 70 72 74 75 75 76 76 76 76 76
62 62 64 67 68 70 74 81 87 91 93 94 95 97 98 98 98 97 97 96 97 98 98 95 93 91 90 88 85 81 80 79 77 74 70 70 74 78 80 80 81 81 79 77 76 77 82 87 91 92 91 89 89 89 88 87 87 86 86 86 86 85 85 85 85 85 85 84 83 81 79 78 78 79 79 80 81 81 79 77 75 73 71 69 69 70 72 74 75 76 76 77 77 78 78 78
62 62 65 67 69 70 73 80 87 90 92 93 95 97 98 98 99 99 98 98 99 99 97 95 93 91 89 87 84 81 78 79 76 70 69 71 74 76 77 79 81 81 78 77 77 78 82 87 91 91 90 88 88 88 87 87 87 86 86 86 86 86 86 86 87 86 86 85 83 83 80 77 77 77 77 79 80 80 78 74 73 71 69 69 69 70 72 74 76 77 77 78 79 80 81 81
62 62 65 68 69 70 72 77 83 87 90 92 94 96 98 98 100 99 99 99 99 98 96 93 91 90 89 86 83 80 77 74 71 68 69 72 75 76 77 78 80 80 77 77 78 79 82 87 90 90 88 88 88 87 87 86 86 86 86 86 86 86 87 87 87 87 87 85 84 83 82 78 76 76 77 78 79 78 76 73 70 69 69 69 69 71 73 75 77 78 79 79 80 81 82 83
62 62 65 67 68 69 71 74 78 84 89 92 94 95 97 98 99 100 100 98 96 96 95 93 91 89 88 85 82 79 76 71 67 68 71 75 76 76 77 78 79 78 76 76 78 80 83 87 89 89 88 87 87 87 85 85 85 86 86 86 87 87 88 88 88 87 86 86 84 83 81 78 76 76 76 77 77 75 73 70 68 68 69 69 70 71 74 76 77 78 79 79 80 81 82 84
62 62 64 65 67 69 71 74 78 84 89 91 93 94 96 97 98 99 99 97 94 93 92 91 89 88 86 83 79 76 73 68 67 69 74 77 77 77 78 78 78 77 75 75 79 80 85 87 88 88 87 86 86 86 84 84 84 86 87 88 88 89 90 90 90 87 86 85 84 82 80 77 76 76 76 76 75 73 70 68 68 68 69 70 71 73 75 76 77 77 78 78 79 80 82 83
62 62 63 64 66 68 71 75 79 84 89 91 92 93 95 96 97 98 98 96 94 92 90 88 88 86 83 80 76 73 68 66 67 72 77 78 77 77 78 78 77 76 74 76 81 83 85 87 87 87 85 84 84 84 83 84 85 87 89 90 91 93 93 93 90 87 86 85 83 82 80 78 76 76 75 74 73 71 68 68 68 69 70 71 72 74 75 75 76 77 77 77 77 79 80 81
62 62 62 63 65 68 72 76 80 85 88 90 90 90 92 94 97 97 96 95 93 90 87 85 85 83 80 77 73 69 65 66 70 75 77 77 77 77 77 77 75 74 74 77 82 84 85 86 87 86 84 83 82 82 82 84 86 89 91 92 94 96 96 94 90 86 85 85 83 81 79 78 77 76 74 73 71 68 68 68 68 70 71 72 74 75 76 76 76 76 76 76 76 77 79 80
62 62 62 62 64 70 74 78 81 84 87 88 88 88 90 93 96 97 94 93 91 89 85 83 81 79 76 73 69 65 65 68 71 75 75 75 76 76 76 75 74 72 73 78 83 84 85 85 86 86 84 81 80 80 82 85 87 89 91 94 96 97 96 94 90 86 84 83 81 80 79 78 78 76 74 72 69 68 69 69 69 71 72 74 75 76 78 78 78 77 76 76 76 76 77 78
62 62 62 62 64 70 77 80 81 83 85 85 84 86 89 93 95 95 92 90 88 86 84 81 78 76 73 70 66 65 66 69 71 73 74 75 76 75 74 73 71 70 73 79 82 83 84 84 85 85 84 80 79 79 82 86 87 89 93 95 97 98 96 93 90 86 83 81 79 78 78 79 79 78 75 71 68 68 68 68 69 72 74 75 76 77 78 78 78 79 78 76 76 75 75 76
62 62 62 62 63 70 76 79 80 81 81 82 82 84 88 92 93 93 90 87 85 83 81 79 77 74 70 65 65 66 68 70 70 72 74 75 75 73 72 71 69 70 74 80 81 81 81 82 84 85 83 79 77 78 83 86 87 89 93 95 97 98 95 92 90 85 82 80 78 77 78 80 80 80 76 72 68 68 68 68 69 72 75 77 77 77 77 77 78 80 80 78 77 74 73 74
63 63 64 62 63 68 74 77 78 79 79 79 80 82 86 88 90 89 87 85 82 80 78 77 75 72 68 65 65 67 69 70 70 73 75 75 75 72 69 68 69 72 77 80 81 80 79 80 83 83 81 78 76 78 83 86 87 89 93 94 95 96 94 91 88 84 81 78 77 77 77 79 80 79 76 72 69 68 68 68 69 72 77 79 80 78 77 77 77 79 80 80 78 74 72 72
65 66 66 64 64 65 70 75 77 78 78 78 78 80 83 85 86 86 84 82 80 78 76 74 72 70 66 65 65 67 69 70 71 73 75 76 75 73 69 66 69 74 78 80 80 79 78 78 80 81 80 76 75 78 82 86 87 89 92 93 94 95 92 89 87 83 80 77 77 77 77 78 79 78 75 72 69 68 68 68 69 72 78 81 82 81 78 77 77 78 80 80 78 75 72 70
65 65 65 64 65 65 67 71 75 76 76 75 76 78 80 81 82 82 80 79 77 75 73 72 70 67 65 65 65 66 69 71 73 74 75 76 76 74 68 66 69 75 80 80 78 77 76 76 77 78 77 74 74 78 82 85 86 89 91 92 92 92 90 87 84 80 78 77 77 76 76 76 77 76 74 72 69 68 68 68 69 72 79 83 84 83 81 78 77 76 78 79 78 75 73 68
63 63 62 62 65 65 67 69 73 75 73 72 73 75 77 78 80 79 78 77 75 73 71 69 68 66 65 65 65 66 69 72 73 73 74 76 76 74 68 65 69 76 80 79 77 76 76 75 75 75 74 74 74 78 81 83 86 87 89 91 90 89 87 85 81 79 78 77 76 76 76 76 75 74 73 72 69 68 68 68 69 72 79 83 85 84 82 80 77 75 75 77 77 75 72 68
62 62 62 62 63 65 67 69 70 71 70 69 70 72 74 75 76 76 75 74 73 72 70 68 67 65 65 65 65 65 69 71 71 72 73 75 76 74 68 65 70 76 78 79 78 77 76 74 73 73 73 74 74 76 80 82 84 86 87 87 87 85 84 82 81 78 78 77 76 76 76 76 76 74 73 71 68 68 68 68 68 72 78 82 84 84 82 80 78 74 73 74 74 72 70 67
62 62 62 62 62 64 67 68 68 67 67 67 69 70 71 73 73 73 71 70 70 70 68 66 65 65 65 65 65 65 68 71 71 72 73 75 75 73 68 65 71 77 78 79 79 79 77 75 72 72 73 74 75 77 80 81 82 83 84 85 85 83 81 80 79 78 78 77 77 77 78 78 77 75 73 70 68 68 68 68 68 72 77 80 81 82 81 79 77 74 72 71 71 70 68 67
62 62 62 62 62 62 66 66 65 63 63 65 67 66 67 69 70 69 68 69 70 70 68 66 65 65 65 65 65 65 67 71 72 72 73 75 74 72 67 66 72 78 78 79 79 79 77 75 72 72 73 75 75 77 79 80 81 81 82 84 84 82 80 79 79 78 78 78 78 78 78 79 78 76 73 69 68 68 68 68 68 71 75 78 79 79 79 78 76 73 71 69 68 68 67 67
62 62 62 62 62 62 64 65 63 62 62 63 65 64 62 64 66 67 68 70 72 71 70 67 65 65 65 65 65 65 66 71 73 74 74 73 71 69 65 65 73 77 78 78 77 77 75 74 71 71 73 75 75 75 77 79 80 80 81 84 84 81 79 78 78 79 79 78 79 79 79 80 78 76 73 70 68 68 68 68 68 69 72 75 77 77 76 75 73 72 70 69 67 67 67 67
62 62 62 62 62 62 62 63 62 62 62 62 63 62 62 63 65 67 70 72 74 74 73 71 66 65 65 65 65 65 65 70 73 74 74 72 69 66 65 65 72 76 77 77 76 75 74 73 70 70 72 75 76 74 75 78 78 78 81 83 83 81 79 77 78 79 80 81 81 82 82 80 78 77 74 71 69 68 68 68 68 68 69 71 73 73 73 72 71 70 70 68 67 67 67 67
62 62 62 62 62 62 62 62 62 62 62 62 62 62 62 64 67 71 73 75 75 74 73 73 69 65 65 65 65 65 65 68 71 73 73 71 66 65 65 65 71 75 75 75 74 73 72 70 68 68 72 76 77 74 74 75 75 78 81 83 83 80 76 76 78 79 80 81 81 81 81 80 78 76 75 73 70 68 68 68 68 68 68 68 69 70 70 70 69 69 69 68 67 67 67 67
62 62 62 62 62 62 62 62 62 62 62 62 62 63 63 67 71 73 75 75 75 73 72 71 67 65 65 67 65 65 65 66 68 69 71 69 65 65 65 65 70 73 74 73 72 72 70 68 68 68 71 76 77 75 73 74 76 79 83 83 82 78 77 77 79 80 80 80 80 80 80 78 77 75 74 72 70 69 68 68 68 68 68 68 68 68 68 68 68 68 68 68 68 68 68 67
62 62 62 62 62 62 62 62 62 62 62 62 62 64 67 71 74 76 76 75 74 72 71 68 65 65 67 70 68 65 65 65 65 66 67 66 65 65 65 65 67 71 72 71 69 68 67 67 68 68 71 75 75 74 72 73 76 81 83 82 79 77 77 77 79 81 81 80 79 79 78 76 75 74 73 71 69 68 67 67 67 67 68 68 68 68 68 68 68 68 68 68 68 69 69 68
62 62 62 62 62 62 62 62 62 62 62 62 63 66 71 74 76 77 75 73 72 71 69 67 66 66 67 71 71 67 65 65 65 65 65 65 65 65 65 65 65 67 67 66 66 67 67 67 68 68 70 73 71 71 71 73 76 80 82 79 77 76 77 78 80 80 80 79 77 76 75 74 73 72 72 70 68 68 67 67 67 67 67 67 67 67 67 67 67 68 68 68 69 70 70 69
62 62 62 62 62 62 62 62 62 62 62 63 65 70 74 77 78 77 74 72 70 68 67 66 66 66 67 71 71 71 66 65 65 65 65 65 65 65 65 65 65 65 65 65 66 67 67 67 67 67 69 71 71 71 71 72 76 79 79 77 76 76 78 78 79 79 78 76 75 74 72 71 71 70 71 69 69 68 67 67 67 67 67 67 67 67 67 67 67 68 68 68 69 70 71 69
63 62 62 62 62 62 62 62 63 63 63 65 69 73 77 80 80 77 74 71 68 68 67 67 66 66 67 70 71 70 67 65 65 65 65 65 65 65 65 65 65 65 65 67 67 67 67 67 67 67 68 69 70 70 71 71 75 78 77 76 75 75 77 78 78 77 75 74 72 70 69 69 69 68 68 68 69 68 67 67 67 67 67 67 67 67 67 67 67 68 68 69 69 71 71 69
65 65 64 64 64 63 63 63 64 65 66 70 74 78 82 83 80 77 74 71 68 68 68 68 67 67 67 69 69 69 68 65 65 65 65 65 65 65 65 65 65 65 65 67 68 67 66 67 67 67 68 69 69 70 70 70 73 75 75 74 73 74 75 75 74 73 72 70 69 67 66 66 67 66 65 66 66 67 67 67 67 67 67 67 67 67 67 67 68 69 69 69 70 71 71 69
66 68 69 68 67 66 66 66 67 69 71 74 79 82 84 84 80 77 73 71 69 68 70 70 69 68 68 68 69 69 69 66 65 65 65 65 65 65 65 65 65 65 65 65 67 66 66 67 68 68 67 69 69 70 70 70 72 74 73 73 72 72 72 72 71 69 68 66 65 66 66 65 65 65 65 66 66 67 67 67 67 67 67 67 67 67 67 68 68 69 69 70 70 71 71 70
