geo_cache/5-4/elevation.txt
ncols         934
nrows         918
xllcorner     -71.37777777777778
yllcorner     42.752
cellsize      1.0E-5
NODATA_value  -9999
[rows 50 to 99 of 918, columns 480 to 575 of 934]
58 58 59 59 59 59 60 60 60 61 60 60 58 54 49 48 48 49 51 51 51 52 56 57 56 54 52 52 54 55 56 57 57 58 58 58 57 56 54 54 53 53 54 55 55 56 59 62 65 67 67 68 68 69 70 72 73 75 75 75 75 75 75 75 74 73 72 69 65 63 63 64 65 67 69 70 70 70 70 72 72 73 75 77 79 80 80 80 81 80 79 78 76 76 76 77
58 58 59 59 59 59 59 59 59 60 60 59 56 52 49 48 49 51 51 52 53 56 57 58 57 55 53 54 56 57 58 58 58 59 58 58 57 55 54 54 54 54 55 56 58 59 61 63 66 68 68 69 69 69 70 72 73 75 75 75 75 76 75 75 74 72 72 69 66 63 63 66 68 70 72 72 72 72 72 72 72 74 77 80 81 81 81 81 81 81 80 78 76 76 76 77
57 57 58 58 58 58 58 58 59 59 59 57 54 51 48 48 49 51 51 51 55 57 58 59 58 56 54 54 56 57 57 58 59 59 59 58 57 55 54 55 55 55 56 59 60 61 63 66 69 69 69 69 69 70 71 72 74 75 75 75 75 76 75 75 74 73 72 70 67 63 63 67 69 70 72 72 73 73 73 73 73 75 78 80 81 81 81 81 81 81 80 79 77 77 77 77
55 56 57 57 57 57 57 57 57 57 55 53 50 49 48 48 50 51 51 52 56 57 58 60 60 58 56 54 54 55 57 58 59 60 61 60 59 58 58 58 58 58 58 61 63 64 66 68 69 69 70 71 71 71 72 74 75 75 76 76 76 76 76 76 74 73 73 71 69 66 64 67 68 69 71 71 72 73 75 75 75 76 78 79 80 81 81 81 81 81 80 79 78 78 78 78
53 55 56 56 57 56 55 54 54 52 51 50 49 48 48 49 50 51 52 54 56 57 58 59 60 59 57 54 54 54 57 59 60 60 62 63 62 61 61 61 62 61 60 62 66 67 68 69 69 70 71 73 73 73 73 76 76 76 76 76 76 76 75 75 74 73 72 70 69 67 66 67 67 68 69 70 71 73 76 78 78 78 78 80 80 81 81 81 81 81 80 79 78 78 78 78
51 52 53 53 54 53 52 51 51 50 49 49 49 49 49 50 51 52 54 54 56 56 57 58 58 58 57 55 54 55 59 60 61 61 62 63 64 64 64 64 65 65 64 63 66 67 68 69 69 71 73 75 76 76 75 77 78 77 77 77 76 76 75 75 73 72 71 69 68 67 66 67 67 68 68 68 68 71 75 77 79 81 81 81 81 81 81 81 81 81 80 79 79 78 78 78
51 51 52 52 52 52 51 50 50 50 49 49 49 49 49 50 52 53 54 55 55 56 57 57 58 58 57 58 57 56 58 61 62 64 64 64 66 66 65 66 67 67 67 66 66 67 69 69 71 73 76 77 77 77 78 78 78 78 77 77 76 76 76 75 74 73 71 67 65 65 65 66 66 67 66 66 66 68 71 75 78 81 82 82 82 82 82 82 82 82 82 80 81 80 78 78
51 51 51 51 51 51 51 50 50 50 50 50 50 50 50 51 52 54 55 56 57 57 57 58 60 60 60 61 61 59 58 61 62 65 66 66 66 67 67 67 68 69 70 70 68 68 70 71 73 76 78 78 77 77 77 78 78 79 79 79 78 77 77 76 75 73 72 69 64 63 63 64 65 67 66 65 66 66 69 73 76 80 81 82 83 84 84 85 85 85 83 83 83 83 81 80
51 51 50 50 50 51 51 50 50 50 50 50 50 51 51 52 54 57 59 60 61 60 60 62 63 63 62 64 64 61 61 61 63 64 66 66 67 68 68 69 70 72 73 74 72 71 71 73 75 77 78 77 76 76 76 78 79 80 80 80 79 79 78 77 75 74 73 70 66 63 63 63 64 66 66 65 65 65 67 71 74 77 79 80 82 84 85 86 86 86 84 84 86 86 84 83
50 50 50 50 50 50 50 50 50 50 51 51 51 52 52 53 57 59 59 62 64 64 64 64 64 64 63 64 64 63 63 65 64 64 66 67 68 70 70 70 71 73 73 74 73 72 72 73 75 77 76 75 75 76 76 78 80 82 82 82 81 79 78 78 76 74 73 71 67 63 63 63 63 65 65 64 64 64 66 69 72 75 77 78 80 81 81 82 83 84 84 84 85 86 87 87
50 50 50 50 50 50 50 50 50 50 51 51 51 52 53 53 56 59 59 62 66 65 65 64 63 63 63 63 63 63 63 66 65 65 66 67 68 70 71 71 72 73 73 74 73 73 73 73 75 75 75 75 75 76 78 79 81 82 82 82 81 79 79 78 76 74 74 72 67 63 63 62 63 63 63 64 64 64 65 67 70 74 76 77 78 79 79 80 80 82 83 84 85 85 87 87
50 50 50 50 50 50 50 50 50 50 51 51 51 52 53 53 54 56 58 62 66 66 65 63 63 63 63 63 63 63 63 64 64 65 66 67 68 70 71 71 73 73 73 74 74 74 74 74 75 75 75 75 76 77 79 80 81 82 81 81 80 79 79 78 76 74 73 71 67 63 62 62 62 62 63 64 64 64 64 66 68 71 74 76 77 77 78 79 80 82 83 83 84 84 84 85
50 50 50 50 50 50 50 50 50 50 51 51 51 52 53 53 54 54 57 61 65 66 64 63 63 63 63 63 64 64 66 66 66 67 68 68 69 70 71 72 73 73 73 74 74 74 74 75 75 76 77 77 77 78 80 81 81 82 81 81 79 78 78 77 76 74 73 71 67 63 62 62 62 62 63 64 64 64 64 64 66 68 71 74 75 75 77 78 79 80 81 81 81 82 83 84
50 50 50 50 50 51 50 50 50 51 51 51 51 53 53 54 54 56 58 61 63 63 64 63 63 63 63 64 65 67 68 70 70 70 70 71 71 71 72 72 73 74 74 74 75 75 75 76 76 79 79 79 79 79 81 82 82 82 81 80 78 77 76 76 75 74 72 71 67 64 62 62 62 62 62 63 63 63 63 63 63 64 66 69 71 74 76 77 78 78 78 78 80 82 82 83
50 50 50 51 51 51 51 51 51 51 51 51 51 53 54 55 57 58 58 59 62 63 64 64 64 64 64 65 67 69 71 71 72 72 72 72 72 73 73 73 73 74 74 74 75 75 75 76 78 79 79 79 79 79 81 82 82 82 80 80 77 76 75 75 74 73 72 71 68 64 63 62 62 62 62 63 63 63 63 63 63 63 65 67 71 75 76 76 76 76 76 78 80 82 82 83
50 50 50 51 51 51 51 51 51 51 51 51 52 53 54 55 57 57 58 60 62 64 64 64 64 64 64 66 68 70 72 73 73 74 74 73 73 73 73 73 74 74 74 74 75 75 75 76 77 78 78 78 78 79 81 82 82 82 81 79 76 75 74 74 73 72 72 71 69 65 63 62 62 62 62 62 62 62 63 63 63 63 64 67 71 74 75 75 76 75 76 78 79 81 81 82
51 52 52 51 51 51 52 51 51 51 51 51 53 54 54 54 56 57 58 61 64 65 65 63 63 63 64 67 69 70 72 74 75 76 76 75 74 74 74 74 74 74 74 74 75 75 75 76 76 76 76 76 77 78 80 81 81 81 81 78 75 74 73 73 72 72 72 71 69 67 64 62 62 62 62 62 62 62 62 63 63 63 62 65 69 71 72 73 73 73 75 77 78 79 80 81
52 53 53 53 51 51 52 51 51 51 51 51 53 57 56 55 56 57 59 61 64 66 66 63 62 62 64 67 69 71 73 75 76 78 78 76 75 75 75 75 75 75 75 75 75 75 75 75 75 75 75 75 75 77 79 79 79 80 79 77 74 72 72 72 71 71 71 72 69 67 65 63 62 62 63 63 63 63 62 63 63 62 62 62 66 69 70 71 71 72 73 75 76 78 79 79
53 53 53 53 52 52 52 51 51 51 51 51 53 57 56 55 55 57 59 61 65 68 68 64 62 62 63 67 69 71 73 75 78 79 78 77 76 75 75 75 75 75 75 75 75 75 75 75 75 75 75 75 75 76 77 77 77 77 76 75 73 71 70 70 70 70 71 71 68 67 66 63 62 62 64 66 65 63 63 63 63 62 62 62 62 65 67 68 69 72 73 75 75 75 75 75
54 54 52 51 51 51 51 51 51 51 51 51 53 54 55 55 55 57 59 60 64 68 68 64 62 62 62 66 69 71 74 76 78 79 79 78 76 76 75 75 75 75 75 75 76 76 76 75 75 75 75 75 75 75 76 75 75 75 74 73 71 69 69 69 69 69 69 68 67 66 65 63 61 61 64 69 69 67 65 64 63 62 62 62 62 62 63 66 69 71 72 73 73 72 71 71
55 54 52 50 50 50 51 51 51 51 51 51 53 54 55 55 55 57 58 58 61 64 66 64 62 62 62 64 68 70 73 76 78 79 79 79 77 76 76 76 75 75 75 75 76 76 76 75 75 75 75 75 75 75 75 74 73 72 72 71 70 69 69 69 69 69 69 68 67 64 63 62 60 62 65 68 69 69 68 67 66 64 62 62 62 62 62 65 67 68 69 70 68 67 66 67
56 54 52 50 50 50 51 51 51 51 51 51 53 55 54 54 54 56 57 58 59 60 62 62 62 62 63 64 66 69 72 75 77 78 78 78 78 76 75 75 74 74 74 75 76 75 75 74 74 74 74 75 75 74 73 72 71 71 71 70 69 69 69 69 69 69 69 68 68 65 62 60 60 63 66 67 68 68 69 70 69 67 65 64 63 61 61 62 63 64 66 66 64 62 62 63
56 52 50 50 50 51 52 52 51 51 51 51 52 55 54 54 54 55 56 57 59 59 60 61 62 62 63 64 64 67 70 73 75 77 77 77 77 76 75 75 74 74 74 75 75 75 75 74 74 74 74 75 75 74 72 71 71 70 69 69 68 69 70 70 69 69 69 70 68 65 62 60 61 64 66 67 67 67 69 71 71 71 69 67 65 62 61 60 60 61 62 62 61 59 59 61
54 50 49 50 51 55 57 56 53 51 51 51 52 54 54 53 54 55 56 57 58 59 61 61 62 62 63 64 64 64 67 70 72 74 76 77 76 76 75 74 74 73 74 74 74 74 74 73 73 73 73 74 74 73 72 72 71 70 67 67 67 68 69 69 69 69 69 69 68 66 62 60 60 63 65 66 66 67 68 69 70 71 70 68 65 62 62 61 60 60 60 59 58 58 58 60
50 49 49 50 51 56 59 59 56 52 51 51 52 53 53 53 53 54 56 56 57 59 62 63 63 63 63 64 64 64 64 67 69 72 74 75 76 75 74 73 73 73 73 74 74 73 73 73 73 73 73 72 72 72 72 72 72 69 66 65 66 67 68 68 68 68 68 69 68 66 63 59 59 61 63 64 65 66 67 68 68 68 68 67 64 63 63 64 63 62 60 58 57 57 57 59
49 49 49 50 50 55 60 59 58 54 51 51 51 51 52 52 52 53 54 55 57 59 62 63 62 62 63 63 63 63 64 65 68 71 73 75 75 74 73 72 72 72 73 73 73 73 73 72 72 72 72 71 71 71 72 72 71 68 65 64 65 65 66 66 67 67 68 69 68 66 63 60 58 58 60 62 64 65 66 66 65 65 65 65 63 63 64 65 65 63 62 58 57 57 57 59
49 49 50 50 51 55 60 59 57 54 52 51 51 51 51 51 52 53 53 54 56 58 62 62 61 61 62 62 62 62 64 67 68 70 72 72 73 72 72 71 70 71 72 72 72 72 72 71 71 71 71 70 69 70 71 71 69 66 63 61 63 64 64 65 65 66 67 68 68 66 65 61 57 57 57 58 60 62 63 63 61 61 61 62 62 64 66 65 65 63 62 59 57 57 57 58
50 50 50 50 51 56 59 58 55 53 52 52 51 51 51 51 52 53 53 54 56 58 61 62 61 60 60 61 61 62 65 66 67 68 70 70 71 71 70 69 69 70 71 71 71 71 71 71 71 71 71 69 69 69 70 69 67 65 62 60 61 62 64 64 65 65 65 66 67 65 64 61 58 57 57 57 57 58 58 58 59 59 59 59 60 62 64 64 64 63 61 59 57 57 57 58
50 50 50 50 51 56 58 57 55 53 52 52 51 51 51 51 51 53 53 54 56 57 59 60 60 59 59 60 61 62 64 65 66 67 67 68 69 69 68 68 67 68 69 70 69 69 69 70 70 70 70 69 68 68 68 68 66 64 62 60 60 61 63 63 64 64 65 65 65 64 63 61 58 56 56 57 57 57 57 57 58 58 58 58 58 60 61 63 63 63 60 59 57 57 57 57
50 50 50 50 50 56 57 56 54 53 52 52 51 51 51 51 51 53 54 55 56 56 57 58 58 58 58 59 60 61 62 63 64 64 64 64 64 65 66 65 65 65 66 67 67 68 68 68 69 69 69 68 68 67 66 66 65 64 62 60 60 60 60 61 62 63 63 63 62 62 61 59 56 56 56 57 57 57 57 57 57 57 57 57 57 57 59 59 60 60 59 59 57 57 57 57
50 50 50 50 51 55 56 55 54 53 53 52 51 50 50 50 51 52 54 57 57 57 57 57 57 57 57 58 59 60 61 61 62 62 62 61 61 62 63 63 63 64 64 65 66 67 67 67 68 68 68 67 67 66 65 65 64 63 61 60 59 59 59 60 60 61 61 61 60 59 58 57 56 56 56 57 57 57 57 57 57 57 57 57 57 57 57 57 57 58 58 58 58 57 57 56
50 50 50 50 53 56 56 55 54 54 54 53 51 50 50 50 51 52 53 57 57 57 57 57 57 57 57 58 58 58 59 60 61 61 60 60 60 60 60 61 61 62 63 64 65 65 66 66 66 66 66 66 66 65 64 63 63 63 60 59 58 58 58 58 58 58 59 58 58 57 57 56 56 56 56 57 57 58 58 58 57 57 57 57 57 57 57 57 57 57 57 57 57 58 58 57
50 50 50 51 55 59 57 57 58 58 56 53 51 50 50 50 51 53 54 57 57 56 56 56 57 57 57 57 57 57 57 59 60 60 60 60 60 59 59 59 60 60 61 62 63 64 64 64 64 64 64 64 65 64 62 62 63 62 60 59 58 57 57 57 57 57 57 57 57 56 56 56 56 56 57 58 59 59 59 58 57 57 57 57 57 57 57 57 57 56 56 56 56 57 57 57
50 50 50 50 55 59 60 60 61 60 58 54 51 51 51 51 52 53 55 56 56 56 56 56 57 57 57 57 57 57 57 57 59 59 60 60 60 59 59 59 59 59 60 60 61 62 62 62 61 61 61 62 62 62 60 60 61 60 59 58 57 57 56 56 56 56 56 56 55 55 55 55 56 57 57 59 60 60 59 58 57 57 57 58 59 59 58 57 57 56 55 55 55 56 57 57
50 50 50 50 53 59 60 60 61 60 58 53 51 51 51 51 54 56 56 55 56 56 56 57 57 57 57 57 57 57 57 57 57 59 61 61 61 59 59 59 58 58 58 59 59 59 60 59 59 59 59 59 59 59 57 57 58 58 57 57 56 56 56 56 56 56 56 55 55 55 55 55 56 57 58 59 59 59 58 57 57 57 58 60 60 61 60 59 58 57 55 55 54 55 55 55
50 50 50 50 54 59 59 58 59 59 55 52 50 50 51 51 53 56 56 55 56 57 58 58 57 57 57 57 57 56 56 57 57 60 62 62 62 60 59 59 58 58 58 57 57 57 57 57 57 56 56 56 56 55 54 53 54 55 55 55 55 55 55 55 55 55 55 55 55 55 55 55 57 57 58 59 58 58 57 57 57 57 59 61 62 61 61 61 60 58 56 55 54 54 54 54
50 50 50 51 54 57 56 56 56 56 55 52 50 50 50 50 51 53 54 56 58 59 59 59 58 57 57 57 57 56 56 57 57 59 61 61 61 60 59 59 58 58 58 57 56 56 56 56 56 55 54 53 53 53 53 53 53 53 53 53 54 54 55 55 55 55 55 55 55 55 55 55 57 57 58 58 58 58 57 57 57 57 59 62 62 62 62 62 61 59 57 55 54 54 54 54
51 51 51 54 54 55 56 56 56 56 56 53 50 50 50 50 51 52 56 58 60 61 62 60 58 58 57 57 57 56 56 57 57 58 59 60 59 60 60 60 58 58 58 57 55 54 54 54 54 54 54 53 53 53 53 53 53 53 53 53 54 54 54 54 55 55 55 55 55 55 55 56 57 57 58 58 57 57 57 57 57 57 60 62 62 62 63 62 61 59 58 56 54 54 54 55
51 52 53 54 55 56 57 58 57 57 57 55 51 49 49 49 50 53 58 61 61 62 62 60 59 58 58 57 57 57 56 57 57 57 58 58 59 60 60 60 59 58 58 57 55 55 54 54 54 54 54 53 53 53 53 53 53 53 53 53 54 54 54 54 55 55 55 55 55 55 55 56 57 57 57 57 57 57 57 57 57 57 59 60 61 61 63 61 60 59 58 56 54 54 54 55
54 54 55 56 57 58 60 61 61 59 58 57 52 50 49 49 50 54 61 62 61 60 60 60 59 59 58 57 57 57 56 57 57 57 57 57 59 61 60 60 59 58 58 58 56 55 55 54 54 54 54 53 53 53 53 53 53 53 53 53 54 54 54 54 55 55 55 55 55 55 55 56 57 57 57 57 57 57 57 57 57 57 58 58 59 61 61 61 59 58 58 56 54 54 54 55
58 59 59 60 61 62 63 62 61 59 58 57 54 50 49 49 50 54 61 62 60 60 60 60 59 59 58 57 57 57 57 57 57 57 57 57 59 61 60 60 59 58 58 58 56 56 55 54 54 54 54 53 53 53 53 53 53 53 53 53 54 54 54 54 55 55 55 55 55 55 55 56 57 57 57 57 57 57 57 57 57 57 58 58 59 61 61 61 59 58 58 56 54 54 54 55
60 61 61 61 62 63 63 62 62 59 58 58 55 51 49 49 49 53 60 60 59 59 59 60 59 59 58 57 57 57 57 57 57 57 57 57 60 61 60 60 59 59 59 58 57 56 56 55 54 54 54 54 54 54 53 53 53 53 53 53 54 54 54 54 55 55 55 55 55 56 56 56 56 56 56 56 56 56 57 57 57 58 58 58 59 61 60 60 59 58 57 56 54 54 54 55
61 61 62 62 63 65 64 63 62 59 58 58 57 52 49 49 49 49 52 54 55 58 59 60 59 59 58 57 57 57 57 57 57 57 57 58 60 61 60 60 60 59 59 58 57 56 56 55 55 55 54 54 54 54 54 54 54 54 53 53 54 54 55 55 55 55 55 55 56 56 56 56 56 56 56 55 55 55 56 57 57 58 58 59 60 61 60 59 58 57 57 56 54 54 54 55
62 62 63 64 65 66 65 63 62 59 59 59 57 53 50 50 49 49 49 49 51 58 59 60 60 59 58 57 56 56 58 57 57 57 57 60 61 61 61 61 60 60 59 58 57 57 57 56 55 55 54 54 54 54 54 54 54 54 54 54 54 54 55 55 55 55 55 55 55 56 56 55 55 55 55 55 55 55 55 56 57 58 59 61 61 61 60 58 57 56 56 55 54 54 54 55
63 63 65 66 66 66 65 63 61 59 59 59 58 57 55 53 51 49 49 49 50 54 57 60 60 60 60 57 55 56 58 58 58 57 59 60 61 62 62 62 62 60 60 59 58 58 57 57 56 56 55 55 55 54 54 54 54 54 54 54 54 54 55 55 55 55 55 55 55 56 56 55 55 55 55 54 54 54 55 55 56 57 59 61 61 59 59 58 57 56 56 55 54 54 54 55
63 63 65 65 65 64 63 62 61 60 59 59 58 60 60 58 54 50 49 49 50 51 56 59 60 59 59 57 54 55 57 58 58 58 60 61 62 62 62 62 62 60 60 59 59 59 58 58 57 56 56 55 55 55 54 54 54 54 54 54 54 54 54 54 54 55 55 55 55 55 55 55 54 54 54 54 54 54 54 54 55 56 57 58 59 59 58 58 57 56 56 55 54 54 54 55
63 63 64 64 64 63 62 61 61 60 59 59 59 60 61 61 57 50 49 49 50 50 54 57 58 58 57 55 54 53 56 57 58 59 60 61 63 62 61 61 61 60 60 60 60 60 59 58 57 57 56 55 55 55 55 54 54 54 54 54 54 54 54 54 54 55 55 55 55 55 55 55 54 54 54 54 54 54 54 54 54 54 55 56 57 57 57 57 56 56 56 55 54 54 54 56
63 63 63 63 63 63 62 61 61 60 60 60 60 59 60 59 54 49 49 49 50 50 51 55 57 57 57 55 54 53 54 56 57 59 59 61 63 61 60 60 60 60 60 62 62 62 60 58 57 57 57 56 56 55 55 55 55 55 54 54 54 54 54 54 54 55 55 55 55 55 55 54 54 54 54 54 54 54 54 54 54 54 54 54 56 56 57 56 55 56 56 56 54 54 54 57
63 63 63 63 63 63 62 61 61 60 60 60 60 58 58 54 50 49 49 49 50 50 50 52 55 56 57 56 54 54 54 55 57 58 59 59 60 60 59 59 60 60 60 62 62 62 60 58 57 57 57 56 56 56 55 55 55 55 55 55 55 54 54 54 54 55 55 55 54 54 54 54 54 54 54 53 53 53 54 54 54 54 54 54 54 54 54 54 54 55 56 56 53 53 54 58
63 63 63 63 63 62 62 61 61 61 61 61 60 57 54 50 49 50 50 50 50 50 50 51 53 55 57 57 56 54 54 54 56 58 58 58 58 58 59 59 60 60 60 60 59 59 59 58 57 57 57 56 56 56 56 56 56 56 55 55 55 55 54 54 54 54 54 54 54 54 54 54 53 53 53 53 53 53 53 53 53 53 53 53 53 54 53 53 53 53 53 53 53 53 54 57
