geo_cache/5-4/elevation.txt
ncols         934
nrows         918
xllcorner     -71.37777777777778
yllcorner     42.752
cellsize      1.0E-5
NODATA_value  -9999
[rows 850 to 899 of 918, columns 480 to 575 of 934]
36 36 36 37 37 37 37 38 38 38 38 38 38 39 39 39 40 41 43 44 46 47 48 50 52 52 53 55 55 56 58 57 57 56 55 54 53 53 53 53 52 50 49 46 43 41 41 41 41 41 41 41 41 41 41 41 41 41 41 41 41 41 42 42 43 43 43 44 41 41 41 41 41 41 41 41 42 44 47 51 56 56 54 52 47 42 38 38 38 38 38 41 47 53 53 51
36 36 36 37 37 37 37 38 38 38 38 38 38 39 39 39 40 41 42 44 46 47 49 51 52 53 54 55 55 56 58 57 57 56 55 55 54 53 53 53 52 50 49 47 44 42 41 41 41 41 41 41 41 41 41 41 41 41 41 41 41 42 43 43 44 44 44 43 41 41 41 41 41 41 41 41 42 44 48 54 56 55 53 51 47 41 38 38 38 38 38 41 47 50 49 49
36 36 36 37 37 37 37 38 38 38 38 38 38 39 39 39 40 41 41 43 46 46 49 51 52 53 54 55 55 56 57 58 58 57 55 55 54 53 53 53 51 50 49 48 45 43 41 41 41 41 41 41 41 41 41 41 41 41 41 41 41 42 43 43 44 44 44 43 41 41 41 41 41 41 41 41 42 44 49 55 56 54 52 49 45 41 38 38 38 38 38 42 46 46 46 47
36 36 37 37 37 37 37 38 38 38 38 38 39 39 40 40 39 40 41 43 45 46 48 51 53 53 54 55 55 56 57 58 59 58 56 55 55 53 53 53 51 50 49 48 45 44 41 41 41 41 41 41 41 41 41 41 41 41 41 41 41 42 43 43 45 45 44 43 41 41 41 41 41 41 41 41 43 44 49 55 55 53 51 48 45 40 38 38 38 38 38 42 45 44 44 46
36 36 37 37 37 37 37 38 38 38 38 38 38 39 39 39 39 39 40 42 44 46 48 50 53 53 54 55 55 55 56 58 59 59 57 56 55 53 53 53 51 50 49 48 45 45 43 41 41 41 41 41 41 41 41 41 41 41 41 41 41 42 43 43 45 45 44 43 42 41 41 41 41 41 41 42 44 44 49 53 54 53 50 48 45 41 39 38 38 38 38 42 44 42 42 43
36 36 37 37 37 37 37 38 38 38 38 38 38 39 39 39 39 39 39 41 44 45 47 50 53 53 54 55 55 55 56 56 57 59 58 56 55 53 52 52 51 50 49 48 46 46 45 42 41 41 41 41 41 41 41 41 41 41 41 41 41 42 43 44 46 44 44 43 41 41 41 41 41 41 41 42 43 44 48 52 53 52 50 48 45 42 40 39 38 38 38 41 43 41 41 42
36 36 37 37 37 37 37 38 38 38 38 38 38 38 39 39 39 39 39 41 43 45 47 50 53 53 54 55 55 55 55 56 56 57 58 57 55 53 52 52 51 50 50 48 47 47 46 44 43 42 41 41 41 41 41 41 41 41 42 42 42 43 45 46 46 44 44 43 41 41 41 41 40 40 40 42 43 44 47 49 51 50 49 48 45 42 40 39 38 38 38 39 41 41 41 41
36 36 37 37 37 37 37 38 38 38 38 38 38 38 39 39 39 39 39 40 43 44 47 50 52 53 53 55 55 55 55 55 55 56 57 57 55 53 52 52 50 50 50 49 48 48 47 46 45 44 42 41 41 41 41 41 41 42 43 43 43 44 46 48 46 44 44 43 41 41 41 40 40 40 40 41 42 43 44 47 48 48 48 48 45 43 40 40 39 38 38 38 39 40 40 40
36 36 37 37 37 37 37 38 38 38 38 38 38 38 39 39 39 39 40 40 42 44 46 49 51 52 53 53 54 54 54 54 54 54 56 56 55 53 52 52 51 51 50 50 49 49 48 46 45 45 43 41 41 41 41 41 41 42 43 43 43 44 45 48 47 44 44 43 41 41 41 40 40 40 40 40 40 41 43 44 45 46 46 46 46 43 40 40 39 38 38 38 39 39 39 39
36 36 37 37 37 37 37 38 38 38 38 38 38 38 39 39 39 40 40 41 42 44 46 48 50 51 52 53 53 53 53 53 53 53 53 54 54 53 52 52 52 51 51 51 50 49 48 46 45 45 43 41 41 41 41 41 41 42 43 43 43 44 45 48 47 44 44 43 41 41 41 40 40 40 40 40 40 40 41 43 43 44 44 44 45 43 41 41 40 38 38 38 38 38 38 38
36 36 36 37 37 37 37 38 38 38 38 38 38 38 39 39 39 40 40 40 41 43 45 47 49 50 51 52 52 53 52 52 52 52 52 53 53 52 52 51 51 50 50 50 49 49 49 46 45 44 43 42 42 41 41 41 41 41 42 42 43 44 45 48 47 45 44 43 41 41 41 41 40 40 40 39 39 39 40 41 41 42 42 43 43 43 41 41 39 38 38 38 38 38 38 38
36 36 36 37 37 37 38 38 38 38 38 38 38 39 39 39 40 40 40 40 41 42 43 46 48 50 51 52 52 52 52 51 51 51 51 52 52 52 51 51 50 50 50 49 49 49 49 47 45 44 44 43 42 42 41 41 41 41 42 42 43 44 44 45 46 45 44 43 41 41 41 40 40 40 40 39 39 39 39 39 40 40 41 41 42 42 41 40 38 38 38 38 38 38 38 38
35 35 36 37 37 37 38 38 38 38 38 38 38 39 39 39 40 40 40 40 41 41 42 45 48 50 51 52 52 52 51 50 49 50 49 49 50 51 50 50 49 49 49 49 48 48 47 47 45 44 44 43 43 42 41 41 41 41 42 42 42 43 43 43 43 44 44 43 41 41 41 40 40 40 40 39 39 39 38 38 38 38 38 38 38 38 38 38 38 38 38 38 38 38 38 38
35 35 36 37 37 37 37 38 38 38 38 38 38 39 39 39 40 40 40 40 41 41 42 45 47 49 50 51 51 52 51 49 49 48 48 48 49 50 50 50 49 49 49 49 48 47 47 46 45 45 45 44 44 43 41 41 41 41 41 41 42 42 42 42 42 43 43 42 41 41 41 41 40 40 40 39 39 39 38 38 38 38 38 38 38 38 38 38 38 38 38 38 38 38 38 38
35 35 36 37 37 37 37 38 38 38 38 38 38 39 39 39 40 40 40 40 41 41 41 44 47 48 49 51 51 52 51 49 49 48 48 48 48 49 49 49 49 49 49 49 48 47 47 46 46 46 45 44 44 43 42 41 41 41 41 41 41 41 41 41 41 42 42 42 42 41 41 41 40 40 40 39 39 39 39 38 38 38 38 38 38 38 38 38 38 38 38 38 38 38 38 38
35 35 36 37 37 37 37 38 38 38 38 38 39 39 39 39 40 40 40 40 41 41 41 43 46 48 49 50 51 52 51 50 49 47 47 47 47 47 47 48 48 48 48 48 48 47 47 47 46 46 46 44 44 43 42 42 42 41 41 41 41 41 41 41 41 41 41 41 42 41 41 41 41 41 40 40 40 40 39 39 39 39 39 39 39 38 38 38 38 38 38 39 39 39 40 40
35 35 36 37 37 37 37 38 38 38 39 39 39 40 40 40 40 40 40 40 40 40 41 42 46 47 48 50 51 51 51 50 49 47 47 47 46 45 47 47 48 48 48 48 48 48 48 47 46 46 45 44 44 44 43 42 42 42 41 41 41 41 41 41 41 41 41 41 42 41 41 41 41 41 41 40 40 40 40 40 40 41 41 41 41 39 38 38 38 38 38 39 40 40 40 41
35 35 36 36 36 37 37 37 37 38 38 38 38 38 39 39 39 39 39 40 40 40 41 42 45 47 48 50 50 51 50 49 48 47 46 46 45 45 45 46 46 46 46 46 47 47 47 46 46 46 45 44 44 44 43 43 43 42 42 41 41 41 41 41 41 41 41 41 42 42 42 42 41 41 41 40 40 40 41 42 43 43 44 44 43 41 39 38 38 38 39 40 41 42 42 43
35 35 36 36 36 37 37 37 37 38 38 38 38 38 38 38 39 39 39 39 40 40 40 42 44 46 48 50 50 51 49 48 47 46 46 46 45 44 44 45 45 45 45 45 46 46 46 46 46 46 45 44 44 44 43 43 43 43 42 42 42 42 42 42 41 41 41 41 41 42 42 42 41 41 41 40 41 42 43 45 46 47 47 46 45 44 42 40 38 39 40 41 42 43 43 44
37 36 36 36 36 36 37 37 37 37 38 38 38 38 38 38 38 38 38 38 40 40 40 41 43 45 47 49 50 49 49 47 47 45 45 45 45 43 42 42 43 43 43 44 45 45 45 45 46 46 46 45 45 44 43 43 43 43 43 43 43 42 42 42 41 41 41 41 41 42 42 42 41 41 41 41 42 43 45 46 48 49 48 48 47 46 44 42 41 41 42 43 43 45 46 46
39 38 36 36 36 37 37 37 37 37 38 38 38 38 38 38 38 38 38 38 39 39 40 41 42 45 47 49 49 49 48 47 46 45 44 44 44 42 41 41 42 43 43 43 44 44 44 45 45 45 46 45 45 44 44 43 43 43 43 43 43 43 43 43 41 41 41 41 41 42 42 42 41 41 41 41 43 45 46 47 48 49 50 49 49 48 46 44 42 43 43 44 45 47 48 48
41 40 38 37 37 37 38 38 38 38 38 38 38 38 38 38 37 37 37 37 39 39 40 41 42 45 47 48 48 47 47 46 45 44 43 43 44 41 39 39 40 42 42 42 43 43 43 44 45 45 45 45 45 45 44 44 44 43 43 43 43 43 43 43 42 41 41 41 41 42 42 42 42 41 41 42 44 46 47 48 49 51 51 51 50 49 46 45 44 45 46 46 47 48 49 50
42 41 40 39 38 38 39 38 38 38 38 38 38 38 38 38 37 37 37 37 38 38 39 40 42 44 47 48 48 47 46 45 45 43 42 43 43 40 39 39 39 40 41 41 42 42 42 43 44 44 45 46 46 46 44 44 44 44 44 44 43 43 43 43 42 41 41 41 41 42 42 43 43 43 43 43 45 47 49 50 51 52 52 52 52 50 48 47 46 46 47 47 48 49 50 51
42 42 42 41 40 39 39 38 38 38 38 38 38 38 37 37 36 36 36 37 37 37 38 40 42 45 47 47 47 45 44 44 43 42 41 41 41 39 38 38 38 39 39 40 40 40 41 43 43 44 44 46 46 46 45 44 44 44 44 44 43 43 43 43 42 42 42 42 42 43 43 44 44 44 45 45 46 48 50 51 52 53 54 53 53 52 50 49 49 49 49 49 50 50 51 52
42 42 42 42 41 40 39 38 38 38 38 38 38 37 37 37 36 36 36 36 37 37 38 41 43 45 46 46 46 44 43 42 41 40 39 40 39 38 38 38 38 39 39 39 40 40 41 42 43 43 44 46 46 46 45 45 45 44 44 44 44 44 43 43 43 43 43 43 43 43 44 45 45 45 46 47 47 49 51 52 53 54 54 54 54 53 52 50 50 50 50 50 51 51 51 52
40 41 41 41 41 41 39 39 39 38 38 38 38 37 37 37 36 35 35 35 36 37 39 42 44 45 46 45 44 43 41 40 39 38 38 38 38 37 37 37 38 38 38 38 38 39 40 42 43 43 44 45 45 46 45 45 45 44 44 44 44 44 44 44 44 44 44 45 45 45 45 46 46 47 47 48 48 50 52 53 54 55 55 55 54 54 53 52 52 52 52 52 52 52 52 52
39 40 40 39 39 39 39 38 38 38 37 37 37 37 37 37 36 35 35 35 36 37 40 42 44 44 45 44 43 41 40 38 38 38 38 38 37 37 37 37 38 37 37 37 38 38 39 41 42 42 43 44 45 45 46 45 45 45 44 44 44 44 44 44 45 45 45 45 46 46 46 46 47 48 49 49 50 50 52 53 54 55 56 56 55 54 54 53 53 53 53 53 53 52 52 52
39 39 39 38 38 38 39 38 38 38 37 37 37 37 37 37 36 35 35 35 37 38 40 42 44 44 44 44 43 41 39 38 38 38 37 37 37 37 37 37 37 37 37 37 38 38 38 40 41 42 43 44 44 45 46 45 45 45 45 45 45 45 45 45 45 46 46 46 46 47 47 47 48 49 50 51 51 51 53 54 55 55 56 56 56 55 55 54 54 54 54 54 53 53 53 53
37 38 38 38 38 37 37 38 38 37 37 37 37 37 37 37 35 35 35 35 37 38 40 43 44 44 44 43 42 41 39 38 38 37 37 37 37 37 36 36 37 37 37 36 36 36 37 39 40 41 42 43 43 44 46 46 45 45 45 45 45 45 45 45 46 46 46 46 47 47 47 48 49 49 51 53 54 54 53 54 55 56 57 57 57 56 55 55 55 55 55 54 53 53 53 53
36 37 37 37 37 37 37 37 37 37 37 37 37 37 36 36 35 35 35 35 37 37 40 43 43 43 44 43 42 40 38 37 37 37 37 37 38 37 36 36 37 36 36 36 36 36 36 37 39 41 42 43 43 44 45 46 46 45 45 45 45 46 46 46 46 47 47 47 47 48 48 49 50 50 52 55 56 55 55 55 55 56 57 57 57 56 56 56 56 56 56 55 53 53 53 53
35 35 36 36 36 36 36 36 37 37 37 37 37 37 36 36 36 35 35 35 37 37 40 42 43 43 44 43 41 39 38 37 36 36 36 37 36 36 36 36 36 36 36 35 35 35 35 36 38 40 41 42 43 43 45 46 46 46 45 45 45 46 46 46 47 47 47 48 48 48 49 50 51 52 53 56 56 56 56 56 56 57 58 58 57 56 56 56 56 56 56 56 54 53 53 53
35 35 35 36 36 36 36 36 36 37 37 37 37 36 36 36 36 36 36 36 37 37 38 41 44 45 45 43 40 38 37 36 36 36 36 36 36 36 36 36 36 36 36 35 35 35 35 35 36 38 40 42 42 43 45 45 45 45 45 45 46 46 47 47 47 47 47 48 49 49 49 50 51 52 53 56 57 57 57 57 57 58 58 58 58 57 56 56 56 55 55 55 54 54 53 53
35 35 35 35 35 35 36 36 36 37 37 37 37 36 36 36 36 36 36 36 37 37 37 40 43 44 44 41 39 37 36 36 36 36 36 36 36 36 36 36 36 36 36 35 35 35 35 35 35 37 39 41 42 44 46 45 44 44 44 44 44 45 46 46 47 48 48 48 49 49 50 51 52 52 53 56 58 58 58 58 58 58 58 58 58 57 57 57 56 55 55 55 57 55 54 53
35 35 35 35 35 35 36 36 37 37 37 37 36 36 36 36 36 36 36 36 37 37 37 39 41 42 41 39 38 37 36 36 36 36 36 36 36 36 36 36 36 36 36 35 35 35 35 35 35 35 37 39 41 44 46 45 44 43 43 43 44 44 45 46 47 49 49 49 50 50 50 51 52 52 53 56 58 59 59 59 59 59 58 58 58 57 57 57 56 56 56 56 57 56 55 53
35 35 35 35 35 35 36 36 37 37 37 37 36 36 36 36 36 36 36 36 37 37 37 39 39 39 39 38 37 36 36 36 36 36 36 36 36 36 36 36 36 36 36 35 35 35 35 35 35 35 36 38 40 43 44 43 43 43 43 43 44 44 45 46 48 49 49 49 50 50 51 51 52 52 53 55 57 59 60 59 59 59 58 58 58 58 57 57 57 57 57 57 57 56 56 54
35 35 35 35 35 35 36 37 37 38 37 37 36 36 36 36 36 36 36 36 36 36 37 38 38 38 38 37 37 36 36 36 36 36 36 36 36 36 36 36 36 36 36 36 35 35 35 35 35 35 35 35 39 41 42 42 42 43 43 43 44 44 45 46 49 50 50 50 51 51 51 52 53 53 53 55 57 59 60 60 59 59 59 59 59 58 58 58 57 57 57 56 56 55 54 54
35 35 35 35 35 36 37 37 37 37 37 36 36 36 36 36 36 36 36 36 36 36 37 38 37 37 37 36 36 36 36 36 36 36 36 36 36 36 36 36 36 36 36 36 35 35 35 35 35 35 35 35 36 39 40 41 42 44 45 44 44 44 45 46 48 50 50 51 51 52 52 52 53 53 53 55 57 58 60 60 60 59 59 59 59 58 58 58 57 56 56 56 55 54 54 53
35 35 35 35 37 38 38 38 38 37 36 36 36 36 36 36 35 35 35 35 36 36 37 37 37 37 36 36 36 36 36 35 35 35 36 36 36 36 36 36 36 36 36 36 36 36 35 35 35 35 35 35 35 36 38 40 41 44 47 47 45 44 44 45 47 50 50 51 52 52 52 53 53 53 53 55 56 57 59 60 60 60 59 59 59 58 58 58 57 56 56 56 55 55 55 55
35 35 36 38 39 39 38 37 37 37 36 36 36 36 36 36 35 35 35 35 36 36 36 37 37 37 36 36 36 36 35 35 35 35 35 35 35 36 36 36 36 36 36 36 38 37 35 35 35 35 35 35 35 35 37 40 41 44 47 48 46 44 44 44 47 50 50 51 52 52 52 53 53 53 53 55 56 57 58 59 59 59 58 58 58 58 58 58 57 56 56 56 56 57 57 57
36 37 38 39 39 40 38 37 37 36 36 36 36 36 36 36 35 35 35 35 36 36 36 37 37 37 36 36 36 36 35 35 35 35 35 35 35 35 36 36 36 36 36 36 38 38 37 35 35 35 35 35 35 35 36 39 41 43 46 48 46 43 43 44 47 49 50 51 51 52 52 53 53 53 54 55 56 56 57 58 58 58 58 58 58 58 58 58 57 57 57 57 57 58 59 60
37 38 39 39 39 39 38 37 37 36 36 36 36 36 36 36 35 35 35 35 36 36 36 37 37 37 36 36 36 36 35 35 35 35 35 35 35 35 35 35 36 36 36 36 38 38 38 38 35 35 35 35 35 35 36 39 40 42 45 47 46 43 43 44 46 49 50 51 51 52 52 53 53 53 54 55 56 56 57 57 58 58 58 58 58 58 58 58 57 57 57 58 58 58 60 61
37 38 38 38 38 38 37 36 36 36 36 36 36 36 36 36 35 35 35 35 35 35 36 37 37 37 36 36 36 35 35 35 35 35 35 35 35 35 35 35 36 36 36 36 38 39 40 40 36 35 35 35 35 35 36 37 39 42 44 46 45 43 43 43 45 48 50 50 50 52 53 53 54 54 54 55 56 56 57 57 57 58 58 58 58 59 59 59 59 59 59 58 58 59 60 63
36 37 37 38 38 38 36 36 36 36 36 36 36 36 36 36 35 35 35 35 35 35 36 37 37 37 36 35 35 35 35 35 35 35 35 35 35 35 35 35 36 36 36 36 38 40 41 41 38 35 35 35 35 35 36 36 38 41 43 45 44 42 42 42 45 47 48 49 50 52 53 54 54 54 55 56 56 56 57 57 58 58 59 59 59 60 60 61 62 62 61 59 59 60 60 64
36 36 37 37 37 37 36 36 36 36 36 36 36 35 35 35 35 35 35 35 35 35 36 36 36 36 36 35 35 35 35 35 35 35 35 35 35 35 35 35 35 36 36 36 37 38 41 42 40 36 35 35 35 35 36 36 36 39 42 43 42 41 41 42 45 46 47 48 50 53 54 55 55 55 55 56 56 57 57 58 59 59 60 61 61 62 62 63 65 65 63 61 60 60 61 63
35 35 36 37 37 37 36 36 36 36 36 36 36 35 35 35 35 35 35 35 35 35 36 36 36 36 36 35 35 35 35 35 35 35 35 35 35 35 35 35 35 36 36 36 36 37 40 42 40 37 35 35 35 36 36 35 35 37 39 41 41 41 41 42 45 46 46 47 51 53 54 55 55 56 56 56 57 58 58 59 59 60 61 61 62 63 64 66 69 70 68 64 61 61 61 63
35 35 35 36 36 37 36 36 36 36 35 35 35 35 35 35 35 35 35 35 35 35 35 35 36 36 36 35 35 35 35 35 35 35 35 35 35 35 35 35 35 35 35 36 36 36 37 39 38 37 35 35 35 36 35 35 35 35 37 39 40 41 41 42 44 46 47 48 51 53 55 56 57 57 57 58 59 59 60 60 60 61 62 62 63 65 66 68 72 73 72 68 63 61 61 63
35 35 35 36 36 37 36 36 36 36 35 35 35 35 35 35 35 35 35 35 35 35 35 35 35 35 35 35 35 35 35 35 35 35 35 35 35 35 35 35 35 35 35 35 36 36 36 36 35 35 35 36 36 36 35 35 35 35 35 37 39 41 41 42 44 46 47 48 50 53 55 57 58 58 59 59 60 60 61 61 61 62 63 63 65 66 68 71 75 77 77 73 67 63 62 64
35 35 35 36 36 37 36 36 36 36 35 35 35 35 35 35 35 35 35 35 35 35 35 35 35 35 35 35 35 35 35 35 35 35 35 35 35 35 35 35 35 35 35 35 36 36 36 35 35 35 35 36 36 36 35 35 35 35 35 36 38 41 41 42 44 46 47 47 48 52 55 58 60 60 60 60 61 61 62 63 63 63 64 64 65 67 70 74 77 80 81 79 72 66 62 64
35 35 35 36 36 37 36 36 36 36 35 35 35 35 35 35 35 35 35 35 35 35 35 35 35 35 35 35 35 35 35 35 35 35 35 35 35 35 35 35 35 35 35 35 35 35 35 35 35 35 35 36 36 36 36 36 36 36 36 36 38 41 42 42 44 44 45 45 47 51 55 59 61 61 62 62 62 62 63 64 64 64 64 64 65 68 72 76 79 82 83 82 78 71 65 64
35 35 35 36 36 36 36 36 36 35 35 35 35 35 35 35 35 35 35 35 35 35 35 35 35 35 35 35 35 35 35 35 35 35 35 35 35 35 35 35 35 35 35 35 35 35 35 35 35 35 35 36 36 36 36 36 36 36 36 36 38 41 42 42 42 43 43 43 45 50 54 59 62 63 63 63 63 63 63 64 64 64 64 64 65 69 73 76 79 83 84 85 83 76 70 65
