geocache-va/1-2/elevation.txt
ncols         868
nrows         925
xllcorner     -77.5
yllcorner     38.5
cellsize      1.0E-5
NODATA_value  -9999
[rows 605 to 659 of 925, columns 96 to 191 of 868]
97 99 101 101 101 101 100 98 97 98 99 101 101 102 102 103 104 105 102 99 98 97 95 93 94 97 99 101 103 105 108 110 110 108 106 106 106 105 104 103 103 103 103 103 103 103 103 98 92 89 91 92 95 96 97 99 103 106 108 106 106 108 109 109 109 109 108 106 106 106 106 104 103 104 105 106 107 107 107 107 107 106 107 108 109 109 109 108 108 107 106 106 105 104 103 102
97 99 100 100 100 100 99 97 96 98 100 100 101 101 102 102 103 104 102 100 98 96 94 92 95 97 100 102 104 105 108 108 107 106 104 104 106 105 103 101 101 102 102 101 102 103 103 99 92 89 91 93 97 99 100 103 105 107 106 105 106 108 108 108 107 108 107 106 105 105 105 103 102 102 104 105 105 106 106 106 106 106 106 106 107 107 108 109 109 108 107 106 105 104 103 103
97 98 98 99 99 99 98 96 96 99 100 100 100 101 101 102 103 103 102 102 99 96 93 91 94 97 99 102 104 105 105 105 105 104 102 102 104 103 101 100 100 100 101 100 101 103 103 99 93 88 90 93 97 101 103 104 104 103 102 104 106 107 107 106 107 107 107 106 104 103 103 102 101 100 102 103 104 106 106 106 106 105 105 105 105 105 106 107 107 107 106 105 103 103 103 102
96 97 97 98 98 98 97 95 96 98 98 99 100 100 101 101 102 103 102 102 99 96 92 91 93 96 98 101 103 104 103 102 102 102 100 101 103 102 100 99 99 99 99 99 100 102 103 100 93 88 88 92 97 100 102 102 102 99 100 103 106 106 106 105 106 106 106 105 103 102 102 101 100 99 100 102 103 105 106 106 105 105 104 104 104 103 104 104 105 105 104 103 101 101 102 101
94 96 96 97 97 97 96 94 96 97 98 98 99 100 100 101 102 102 102 101 99 96 92 91 92 95 97 100 102 103 101 100 100 100 99 100 101 99 98 98 98 98 98 97 99 101 102 100 94 87 87 91 95 98 99 99 97 97 99 103 104 105 104 103 105 105 105 104 101 100 101 100 99 99 100 101 103 105 106 106 105 105 104 104 103 102 102 102 103 103 102 101 98 98 99 98
94 94 95 95 97 97 95 93 95 97 97 98 99 100 100 100 101 101 101 101 99 96 92 90 91 94 96 100 101 101 99 97 98 98 98 99 99 97 96 97 97 98 97 97 97 99 101 100 95 87 87 89 92 95 96 95 95 97 99 102 103 103 103 102 103 103 103 101 100 99 100 99 98 98 100 102 103 105 106 106 105 104 104 104 103 102 101 100 101 101 102 100 97 95 95 94
92 93 93 93 96 96 93 93 95 97 99 99 99 100 100 100 100 100 100 100 99 96 93 90 90 92 96 99 100 98 96 95 95 96 97 98 97 95 94 95 96 96 96 95 96 98 99 100 96 88 85 87 89 91 91 92 95 97 99 101 101 101 100 100 102 102 100 99 98 97 99 98 96 96 99 102 104 105 106 106 105 104 103 104 103 102 101 100 99 99 100 100 98 95 92 91
92 92 91 93 95 94 92 93 96 98 100 100 100 100 100 100 100 100 100 100 99 97 94 90 89 91 95 98 99 97 95 93 94 95 97 97 96 94 94 95 96 96 95 94 94 96 98 99 97 90 85 85 87 88 89 91 94 97 99 100 100 100 99 100 101 101 99 99 97 97 98 97 95 96 99 102 105 106 106 106 105 103 103 104 103 102 102 100 97 97 99 100 98 94 91 89
91 91 91 93 94 93 91 93 96 98 99 100 99 99 99 99 99 99 99 99 99 97 94 91 88 90 94 97 97 96 94 92 94 96 97 97 96 94 93 94 95 95 94 93 93 95 96 98 98 93 86 84 85 87 89 91 93 96 98 98 99 97 98 100 100 100 98 98 96 95 96 96 94 95 99 103 105 106 106 106 105 103 102 103 104 104 103 101 97 96 96 97 96 92 90 89
90 90 91 92 92 91 91 94 96 98 99 100 99 99 99 98 98 98 98 98 98 97 94 91 88 89 92 95 96 95 92 92 94 96 98 97 96 94 92 93 94 94 93 92 91 93 95 97 98 94 88 84 84 86 89 90 93 95 97 97 97 95 97 99 99 98 97 96 95 93 93 93 94 97 100 103 104 104 106 106 105 102 101 102 103 105 103 101 97 96 95 94 93 91 90 91
89 90 91 91 91 90 91 94 96 97 98 99 98 97 97 98 97 97 97 98 97 96 92 90 88 88 91 93 93 92 90 91 93 95 96 96 95 93 91 92 93 93 93 91 90 92 95 97 97 95 89 85 83 85 87 89 91 93 95 95 94 94 96 98 99 98 95 93 92 91 91 93 95 98 100 102 103 103 105 106 105 101 99 101 102 105 105 103 100 98 97 95 94 93 94 95
88 90 91 91 90 90 91 93 95 97 98 98 97 97 97 97 97 97 97 98 97 96 92 89 87 88 90 91 91 90 90 91 92 93 94 94 94 92 91 91 92 93 92 90 88 90 93 95 96 95 91 87 83 83 85 86 89 90 90 91 92 95 96 98 98 97 94 91 90 90 92 95 98 99 101 102 103 103 105 105 103 100 99 100 102 105 105 105 103 101 100 99 99 98 98 98
88 89 90 90 90 90 91 93 95 96 97 97 96 96 97 97 97 97 97 98 97 97 93 88 87 87 89 89 89 89 89 90 91 92 92 93 93 91 90 91 91 92 91 90 88 89 91 93 95 95 93 90 84 81 82 83 85 86 88 90 93 95 96 97 97 95 92 89 89 91 94 97 99 101 102 102 103 104 104 104 103 100 99 99 102 105 106 105 105 104 103 103 103 102 101 99
87 88 89 89 89 90 92 93 94 95 95 95 95 94 95 95 95 95 96 97 98 97 93 89 86 87 87 88 87 87 88 89 89 90 90 91 91 90 89 90 91 91 91 90 87 87 89 91 93 93 92 90 86 82 80 81 83 86 88 91 93 94 94 96 95 93 90 88 89 92 96 98 100 102 102 102 103 103 103 103 102 99 98 99 102 105 106 106 105 105 105 105 103 102 100 98
87 88 88 88 89 90 91 92 93 94 94 93 94 94 94 94 94 94 95 97 97 97 94 90 85 85 86 87 87 87 87 88 88 89 89 90 90 89 88 89 90 90 90 89 86 85 86 88 90 90 89 88 86 84 81 80 83 87 89 91 91 92 93 94 93 90 88 87 88 92 95 98 100 101 102 102 102 102 102 102 101 98 97 99 101 104 105 105 105 105 106 105 104 101 98 97
87 88 88 88 88 89 90 91 91 91 92 92 92 92 92 92 93 93 94 95 96 96 93 90 86 84 85 85 86 86 86 86 87 87 87 87 87 87 86 87 88 88 88 87 86 84 84 86 86 85 84 84 84 84 83 80 82 86 88 89 89 91 91 92 90 89 87 86 88 91 94 97 99 99 100 100 100 100 100 101 100 97 97 98 100 102 103 104 104 104 104 105 104 102 99 97
87 88 88 87 87 89 89 90 90 90 90 91 91 91 91 91 92 92 93 93 93 93 92 89 86 84 84 85 85 85 85 85 86 85 84 85 85 85 85 85 86 86 85 84 83 82 82 82 82 82 81 81 82 84 83 79 81 84 86 87 88 89 90 89 88 87 85 86 89 91 94 95 97 98 98 99 99 99 100 100 98 96 96 98 100 101 102 103 103 103 103 105 104 103 102 100
87 87 87 87 87 88 89 89 89 90 90 90 90 90 90 91 91 91 91 91 91 91 90 88 86 83 83 84 84 84 84 84 84 83 83 83 83 83 84 84 85 85 83 81 81 80 80 81 81 80 80 80 80 82 81 78 80 83 85 85 87 88 88 88 86 85 84 87 90 91 93 93 96 96 97 98 98 99 99 99 97 96 96 98 99 100 101 101 101 101 103 104 104 103 102 101
86 86 86 86 87 88 89 89 89 89 90 90 90 90 90 90 90 90 90 89 88 88 88 86 84 83 83 83 84 84 83 81 81 81 81 81 81 82 83 83 83 82 80 79 79 79 79 79 79 79 78 78 78 79 79 78 79 82 84 85 85 87 87 86 84 83 85 88 91 91 91 93 94 96 96 97 97 99 99 97 96 95 96 98 98 99 99 99 99 101 103 104 104 103 102 102
93 88 86 86 87 88 88 88 88 88 88 89 89 88 88 88 88 87 87 87 86 85 85 85 83 82 82 82 82 82 81 81 80 80 80 80 81 81 81 81 81 80 79 79 78 78 78 78 78 78 78 78 78 78 78 78 78 81 82 83 84 85 85 84 82 83 86 88 89 90 92 93 94 94 95 97 97 98 98 96 95 94 96 97 97 97 97 97 99 101 102 103 103 103 102 101
100 91 87 86 86 87 88 88 88 88 88 88 88 88 87 87 87 86 86 85 85 84 84 84 83 82 82 82 82 81 81 81 80 80 80 80 80 80 80 80 80 79 79 79 78 78 78 78 78 79 81 80 77 77 77 78 78 78 80 81 83 84 83 82 81 84 86 88 89 90 92 93 93 93 94 96 97 97 96 95 94 94 95 95 95 95 95 97 99 101 102 102 103 102 100 100
101 93 88 86 86 86 87 87 87 87 87 87 87 87 87 86 85 85 85 84 84 83 83 82 82 81 81 81 81 81 81 81 81 81 80 80 80 80 80 80 79 79 79 79 79 80 80 81 83 84 86 85 79 77 77 77 78 78 78 80 81 81 81 81 82 85 87 88 90 90 90 91 92 93 94 96 96 96 95 93 92 92 94 94 94 94 96 97 99 100 100 100 101 101 99 97
101 94 89 87 86 86 86 86 86 86 86 86 86 86 86 85 85 85 84 84 83 83 82 82 82 81 81 81 81 81 81 81 82 81 81 81 80 81 80 80 80 80 80 80 80 81 82 84 88 89 90 87 83 79 78 77 77 78 78 78 80 80 79 82 84 85 87 88 88 88 89 90 92 93 94 95 95 95 94 92 91 91 92 93 93 95 96 98 99 99 98 98 99 100 98 96
100 94 89 87 86 86 86 86 86 86 85 85 85 85 85 85 85 85 84 83 83 82 82 82 82 82 82 82 82 82 82 83 83 83 84 84 84 84 83 83 82 81 81 82 82 84 84 87 91 94 94 91 87 82 80 78 77 78 78 78 78 79 80 83 84 85 86 86 87 88 89 90 92 93 94 94 94 94 93 91 90 91 91 93 94 96 97 98 98 98 97 96 98 99 97 95
101 95 90 88 86 85 85 85 85 85 85 84 84 84 84 84 84 84 83 83 82 82 82 84 86 86 85 86 86 85 84 85 85 86 88 89 90 88 87 88 86 84 84 85 85 85 87 89 95 98 97 94 90 84 81 78 77 77 77 78 78 79 80 81 83 83 84 85 87 88 89 90 92 93 93 93 92 92 91 89 89 90 91 93 94 96 97 98 98 97 96 95 96 98 96 94
99 94 90 88 86 85 85 85 85 85 84 84 84 84 84 84 83 83 83 82 82 82 83 86 90 91 89 91 92 88 86 88 88 90 94 97 96 91 91 92 90 89 87 88 87 87 90 93 97 100 99 95 89 84 81 79 77 77 77 78 78 79 80 80 81 83 84 85 87 88 89 90 91 92 92 91 90 89 88 88 89 90 92 93 95 96 97 98 97 96 94 95 96 96 95 93
99 95 92 90 87 85 85 85 84 84 84 84 84 84 85 83 83 83 83 83 84 85 89 90 92 94 93 94 95 89 87 90 92 94 98 103 101 95 96 98 95 93 91 92 88 89 92 95 99 100 97 93 88 85 82 80 78 77 77 77 78 79 79 80 81 83 84 86 87 88 89 89 90 90 90 89 88 87 87 88 89 90 92 94 95 95 96 97 96 95 93 93 94 95 93 91
100 96 93 90 87 85 85 85 84 84 84 85 85 86 87 86 83 83 84 86 89 88 92 94 94 98 98 99 96 89 88 92 95 97 99 105 104 100 101 103 100 97 95 93 89 90 93 96 99 100 97 93 89 87 85 80 78 77 77 77 78 78 79 79 81 82 84 86 87 87 88 88 89 89 88 88 87 87 87 88 90 91 92 94 94 95 96 96 96 94 92 92 94 93 92 90
98 96 93 90 87 85 85 85 85 85 86 87 87 87 88 88 86 86 88 91 94 91 93 97 99 102 104 102 96 90 90 94 97 100 100 103 105 104 105 106 104 101 97 92 90 92 94 97 99 100 98 95 92 88 84 81 81 77 76 77 77 78 78 79 80 82 84 85 85 85 86 86 86 86 86 85 85 86 88 89 90 91 93 93 94 95 95 96 95 93 91 91 92 92 90 90
95 93 91 88 87 86 86 86 87 89 91 90 89 88 90 93 91 92 96 99 99 96 98 101 104 107 106 102 95 91 93 96 99 102 103 104 105 107 109 109 107 104 98 93 94 96 97 99 101 100 98 95 91 85 83 85 84 78 76 76 77 77 78 78 80 81 82 83 83 83 84 84 84 84 84 84 85 87 89 90 91 92 92 93 94 95 95 95 93 92 90 89 90 89 88 90
91 89 88 87 87 86 86 88 91 94 95 93 89 88 91 95 97 101 103 105 102 100 103 106 109 109 105 99 93 93 97 99 102 105 107 107 107 108 111 112 109 104 98 94 98 101 102 102 100 97 94 90 87 84 86 89 86 78 76 76 76 77 77 78 79 80 81 82 82 83 83 83 83 83 84 85 86 88 89 91 91 91 92 93 94 94 94 93 92 90 87 87 87 87 88 90
89 88 88 89 89 88 87 90 96 99 98 95 90 89 91 96 101 106 107 107 104 105 108 110 111 108 103 96 93 95 99 101 104 106 108 109 109 109 112 114 110 104 98 97 101 104 105 103 99 93 89 87 85 86 89 91 86 78 75 76 76 77 77 78 78 79 80 81 81 81 82 82 82 83 84 86 88 90 90 90 90 90 91 92 93 93 93 92 90 88 86 85 85 87 89 91
93 92 91 92 93 91 90 95 102 104 100 96 92 90 93 96 101 106 108 109 109 110 111 110 107 104 100 97 96 97 100 103 104 108 111 111 111 111 112 113 109 104 99 99 104 106 105 102 96 90 87 88 89 89 92 91 85 77 75 76 76 77 77 77 78 78 79 80 81 81 81 81 82 84 85 87 88 88 88 88 88 89 91 91 92 92 91 91 89 86 84 85 86 88 90 92
100 96 94 95 96 94 95 100 106 105 102 99 95 92 95 99 101 103 106 109 111 112 111 107 103 101 100 101 101 100 101 105 106 107 111 112 112 113 112 111 107 103 101 103 106 106 103 99 93 88 89 92 94 92 92 89 83 77 75 75 76 76 76 77 78 78 79 80 80 80 80 81 83 84 86 87 86 85 86 86 87 89 89 90 91 90 89 89 86 84 84 86 89 91 92 94
105 100 98 101 102 99 98 103 107 107 105 102 99 95 98 103 105 104 103 106 110 112 108 104 102 102 103 105 105 104 103 107 108 108 111 112 113 113 112 109 106 105 104 105 106 105 100 95 90 89 92 97 98 94 90 87 82 78 76 75 75 76 76 77 77 78 79 79 79 79 79 80 83 85 85 84 83 83 85 86 87 88 89 89 89 88 86 85 84 83 85 89 91 93 94 95
109 103 101 105 107 103 100 105 109 110 109 105 102 96 99 105 108 107 105 105 110 112 108 104 104 105 106 108 108 108 105 107 109 109 111 112 114 114 112 109 107 107 107 106 105 102 97 92 91 93 96 99 97 92 87 85 85 86 84 78 75 75 75 76 77 77 78 79 79 78 78 79 81 82 82 81 81 83 85 86 87 87 87 87 87 86 84 83 82 84 87 90 92 94 95 95
111 104 103 107 109 105 101 105 110 112 111 107 103 98 101 106 109 109 107 106 111 112 108 105 106 106 108 110 111 110 108 107 109 110 111 113 114 114 112 108 108 108 107 105 103 100 94 91 94 98 100 99 94 89 86 86 89 91 90 83 76 75 75 76 76 77 78 79 79 78 78 78 79 80 80 81 81 83 85 86 86 87 86 86 85 84 83 82 83 85 88 91 92 93 94 94
111 105 106 108 110 106 104 106 110 112 111 109 105 100 101 105 108 109 109 109 111 113 110 108 109 109 111 112 112 111 109 108 109 111 112 113 114 113 110 107 106 106 105 101 98 96 93 93 96 101 100 97 91 89 89 89 93 96 93 87 79 74 75 75 75 76 76 77 78 78 77 77 78 78 78 80 82 83 84 85 85 86 86 84 83 82 81 82 84 86 89 90 90 90 91 91
111 108 109 110 111 108 108 110 112 111 109 108 104 102 102 103 106 107 110 112 114 114 113 111 111 112 112 112 112 111 109 109 109 111 112 112 112 113 111 107 104 104 103 99 96 95 95 97 99 100 97 95 93 93 93 93 98 99 94 88 81 75 74 74 74 75 75 76 76 76 76 75 76 77 78 79 80 81 82 83 84 84 84 83 81 80 81 83 85 87 87 87 87 87 87 87
112 111 111 111 112 111 111 112 112 111 109 108 106 105 105 105 106 107 109 112 114 114 113 112 112 113 112 112 111 110 109 109 109 110 111 111 111 112 112 109 105 102 100 97 96 98 99 100 103 103 99 98 99 98 96 96 100 99 93 86 81 76 74 74 74 74 75 75 75 75 75 75 75 76 78 78 79 79 80 81 82 83 83 81 79 80 82 84 85 84 83 83 83 84 84 85
114 113 112 112 112 111 110 110 109 109 109 108 107 106 106 106 107 107 109 112 113 113 113 113 113 113 112 111 109 109 108 108 108 109 109 109 110 111 112 110 105 101 99 99 99 101 102 104 106 105 101 103 104 101 98 98 101 97 92 85 80 77 76 74 74 74 74 73 73 74 75 75 75 76 76 76 77 77 78 79 79 80 80 78 78 80 83 84 82 80 80 81 83 84 85 86
114 113 113 112 111 110 109 108 108 107 107 107 107 107 107 107 107 108 109 111 112 112 112 112 113 112 112 110 108 108 108 107 106 107 108 108 109 110 111 110 106 103 102 102 102 105 105 105 106 105 104 105 106 103 100 98 98 95 91 85 80 80 79 76 75 74 73 73 73 73 73 74 74 75 75 76 76 76 77 78 78 78 78 76 78 80 83 82 79 78 80 83 84 85 86 87
114 113 112 112 110 109 108 107 106 106 106 105 105 105 106 106 106 107 108 109 110 109 110 111 111 111 110 108 107 107 107 106 106 106 106 106 108 109 109 109 107 105 106 105 105 106 106 106 106 106 106 106 106 101 97 95 92 90 88 83 81 83 83 79 77 75 74 73 73 73 73 73 73 73 74 74 76 76 76 76 76 76 76 76 78 81 82 80 77 79 83 85 85 86 87 88
114 113 112 111 110 110 109 108 106 106 105 104 104 103 104 104 105 106 107 108 108 108 108 109 110 109 108 106 106 106 106 105 105 105 105 106 107 108 109 108 108 106 107 107 106 106 106 105 105 106 105 105 104 99 93 91 89 86 84 82 83 86 85 81 81 81 76 74 73 73 73 73 73 73 73 73 75 75 75 75 75 75 74 75 78 81 80 77 76 80 84 85 85 85 85 85
114 113 113 113 112 112 112 110 107 106 105 104 103 102 102 102 103 104 105 106 106 106 107 108 108 108 107 105 106 106 106 105 103 103 104 106 107 108 108 108 108 107 108 107 107 106 106 105 103 103 102 102 101 100 96 94 89 85 83 83 87 89 86 81 85 88 83 77 75 75 77 75 73 73 73 73 73 73 73 73 73 73 73 76 78 80 78 76 75 79 81 82 82 82 82 83
114 114 115 115 115 115 115 112 108 106 105 104 104 103 103 101 101 102 103 104 105 105 106 106 106 106 104 104 106 106 106 104 102 101 103 106 107 107 107 107 106 107 107 107 106 106 105 104 102 102 101 99 97 98 98 96 90 85 84 87 90 88 84 81 85 90 89 83 79 80 82 79 75 73 72 72 73 73 73 73 73 73 73 75 76 77 76 73 73 76 78 79 79 80 81 83
115 115 116 116 116 115 115 112 108 107 106 105 105 104 103 102 101 100 101 103 104 103 104 104 104 104 103 104 106 107 106 103 100 100 102 105 106 106 106 106 106 107 107 107 106 105 104 103 102 101 100 99 96 94 95 95 90 85 85 89 89 86 82 83 87 91 91 86 82 83 84 81 76 73 72 72 72 72 72 72 72 72 72 73 74 74 74 72 72 73 75 76 77 78 81 83
116 117 117 117 117 116 114 112 110 108 108 108 107 105 104 103 102 100 99 101 102 101 101 101 102 102 102 104 106 106 105 102 99 99 101 103 104 106 105 104 104 106 106 107 106 106 105 102 100 100 100 99 96 92 91 91 88 86 86 88 86 84 84 87 90 92 92 87 84 86 85 81 76 75 74 72 72 72 72 72 72 72 72 72 72 72 71 72 72 72 73 75 76 79 81 83
117 118 118 118 117 116 115 112 110 109 111 110 109 107 106 105 104 101 99 98 99 99 100 100 101 100 101 103 106 106 104 101 98 98 99 101 102 105 105 102 102 104 105 107 106 106 104 102 99 99 99 99 97 92 89 89 88 89 90 88 86 85 86 90 93 94 92 88 86 86 84 80 78 78 78 74 74 73 73 72 72 72 72 71 71 71 71 71 72 72 73 75 78 80 82 83
118 118 118 118 117 116 114 113 112 111 112 111 111 110 108 107 106 103 100 97 96 97 98 99 99 98 100 102 104 105 103 99 97 97 99 100 102 104 104 101 100 102 104 106 106 105 103 101 99 99 99 101 99 94 90 88 89 93 93 89 88 87 87 91 94 94 93 90 88 86 83 80 80 82 81 78 77 77 77 75 73 72 73 74 73 71 71 71 71 72 74 77 79 81 83 83
119 119 118 118 116 115 113 113 112 111 111 112 111 110 110 109 107 105 102 99 96 96 96 97 97 97 99 100 103 103 101 97 96 97 99 101 103 105 104 101 100 101 103 105 105 104 102 100 99 99 101 102 100 95 91 89 90 94 94 90 90 89 87 90 95 95 94 91 88 84 81 80 82 84 84 81 80 80 80 77 75 74 76 79 76 72 70 71 71 72 75 78 81 82 82 82
118 118 118 117 116 114 113 111 110 109 109 109 109 109 109 108 107 105 102 99 97 95 95 94 94 95 97 98 100 101 98 95 96 97 99 102 105 106 105 102 99 99 101 103 104 102 100 99 97 98 100 101 100 96 93 92 92 94 93 91 91 91 89 89 93 95 93 90 86 84 83 83 84 86 88 85 81 81 83 81 78 76 79 82 79 73 70 70 70 72 76 79 81 82 81 80
117 117 117 117 115 113 112 110 108 108 108 108 108 108 107 107 105 104 101 99 97 95 94 93 93 93 95 96 98 98 95 94 96 98 100 104 105 106 104 102 99 97 99 101 102 101 99 97 96 96 98 99 99 97 96 94 93 95 95 93 92 93 90 90 91 93 92 89 88 88 87 84 85 87 90 87 83 83 85 83 81 79 80 82 79 74 70 70 70 72 75 77 78 79 77 78
115 115 116 116 115 113 112 110 108 108 107 106 106 106 105 104 102 101 100 99 97 97 96 95 94 92 92 93 95 94 93 95 97 99 101 103 105 105 103 101 98 95 97 99 100 99 98 96 94 94 96 97 98 97 97 96 95 97 97 95 95 94 91 91 91 93 93 93 93 92 88 85 87 89 92 89 86 87 87 86 83 81 81 82 80 75 71 70 69 70 72 73 75 75 74 77
115 115 116 116 115 114 113 112 111 110 107 106 105 105 104 103 103 101 100 100 101 100 99 98 96 94 92 90 91 92 94 96 99 100 101 103 104 104 102 100 97 94 95 97 98 99 97 95 93 94 96 97 98 98 98 96 96 98 99 97 96 95 94 94 93 94 96 97 95 93 89 87 89 91 93 91 89 90 89 87 85 83 82 81 80 76 72 70 69 69 70 71 72 72 73 76
