geocache-va/1-2/elevation.txt
ncols         868
nrows         925
xllcorner     -77.5
yllcorner     38.5
cellsize      1.0E-5
NODATA_value  -9999
[rows 550 to 604 of 925, columns 576 to 671 of 868]
24 24 23 24 25 27 29 31 33 32 30 31 33 34 30 27 25 26 28 29 31 36 41 44 41 38 41 45 47 44 39 33 32 35 38 40 41 38 35 33 36 40 42 41 40 38 34 31 30 29 31 34 38 40 42 39 35 31 27 24 23 21 20 18 19 21 23 25 26 28 28 27 26 27 28 30 31 29 25 23 24 27 27 25 23 21 19 21 26 30 31 28 24 23 23 29
23 23 23 23 25 26 28 30 30 29 27 29 31 31 28 26 24 25 26 27 30 34 40 43 39 38 42 44 45 42 37 32 31 35 40 42 44 42 39 36 37 39 41 42 42 39 35 32 30 30 31 34 39 43 45 41 35 30 26 24 23 22 21 20 22 22 22 24 26 28 29 28 26 28 29 31 30 28 26 24 26 29 30 27 25 23 20 21 25 29 32 29 27 26 25 29
22 22 22 23 24 26 26 27 28 27 26 27 29 29 26 24 24 24 25 27 30 36 42 42 37 38 43 43 43 39 34 30 32 36 41 44 47 46 44 41 41 43 43 44 44 40 36 33 31 30 31 34 39 45 47 41 35 29 26 24 25 24 22 22 25 25 24 25 26 28 30 29 28 29 30 32 30 28 27 26 26 30 32 30 27 24 21 20 23 28 32 32 31 30 27 31
20 21 23 23 24 24 24 25 25 25 24 24 25 26 25 23 23 23 26 29 33 38 43 40 35 37 43 41 41 37 31 29 32 37 41 45 49 50 49 47 47 49 48 46 44 40 36 33 31 29 30 34 38 44 47 41 35 29 27 26 26 25 24 25 28 28 28 28 28 28 31 31 30 30 32 33 31 30 30 29 28 31 35 33 29 25 23 22 22 25 30 32 34 33 32 35
20 21 22 23 24 23 23 24 24 23 22 22 23 24 23 22 22 23 26 30 35 39 41 38 33 37 41 39 39 36 30 28 32 37 40 44 48 51 52 52 52 53 50 46 41 37 34 32 30 29 30 33 37 43 47 43 37 31 28 28 27 27 27 29 31 31 31 31 31 31 31 32 32 33 34 34 34 34 33 32 31 33 37 35 30 27 25 25 23 23 26 30 34 36 36 40
20 21 22 22 22 22 23 23 23 22 20 21 21 21 21 21 21 23 26 30 34 37 39 35 32 36 39 35 35 33 29 28 31 36 39 42 46 48 49 50 52 53 51 46 42 38 34 31 29 28 28 32 35 41 47 44 39 33 31 30 29 29 30 32 34 33 33 33 33 33 33 34 35 35 36 37 37 37 35 34 33 36 39 37 31 29 29 30 27 24 24 29 34 38 40 45
19 21 20 20 20 21 22 22 21 20 19 19 20 20 20 20 22 23 26 29 32 35 37 33 30 35 37 32 31 31 27 27 31 34 37 39 42 44 45 48 52 54 53 49 44 40 35 31 28 26 27 30 33 39 45 44 39 35 34 33 30 31 34 35 36 34 32 32 32 32 33 35 36 36 36 38 39 39 38 37 36 38 41 38 33 32 34 35 31 27 25 27 33 39 43 48
19 20 19 19 20 21 21 21 20 19 18 18 18 18 19 21 22 24 25 28 29 31 33 31 29 33 34 29 27 27 26 26 29 31 33 37 40 43 45 48 52 52 52 51 46 41 35 30 27 25 26 28 32 38 44 44 41 39 38 35 33 33 36 37 36 34 32 31 30 30 32 34 36 36 35 37 39 41 41 42 42 43 44 39 35 37 41 41 36 31 27 27 31 37 43 47
18 18 17 18 19 19 19 19 19 17 16 16 17 18 20 21 23 24 25 25 26 27 28 28 27 30 32 28 25 24 24 26 28 31 34 37 42 44 46 47 48 48 49 50 46 40 34 29 26 24 24 26 30 36 42 44 43 43 42 39 37 36 37 38 36 34 32 30 28 28 31 33 34 34 33 35 37 39 42 46 48 50 48 40 38 42 49 48 41 35 29 27 29 34 40 43
17 17 17 17 18 18 18 17 17 15 15 16 18 20 21 22 23 24 24 23 23 24 25 25 25 27 28 25 23 25 26 28 31 34 37 40 43 44 43 42 43 44 46 48 44 39 33 29 26 24 24 26 29 34 38 41 43 46 46 43 41 39 37 35 34 33 31 29 27 27 30 32 32 32 33 37 40 42 43 46 50 53 50 43 41 45 52 52 45 37 31 29 29 31 35 39
16 15 16 17 17 17 16 16 15 14 14 17 20 22 23 24 24 24 23 22 22 23 23 23 24 24 24 23 23 27 30 33 35 38 40 42 42 40 37 37 39 41 45 45 42 38 33 29 26 23 23 25 27 31 34 39 42 46 49 48 45 40 36 33 31 31 29 27 25 26 29 30 30 32 34 39 44 47 48 48 52 55 53 49 47 49 53 50 43 37 34 33 32 32 34 36
15 14 15 16 16 16 15 15 14 13 14 17 20 22 23 24 24 24 23 22 21 21 21 22 23 22 21 22 24 29 32 35 37 38 40 41 39 35 32 34 38 41 45 44 39 35 33 30 26 23 23 24 26 29 32 37 41 45 50 50 46 41 36 32 29 27 26 25 24 25 27 27 29 32 35 39 44 48 50 51 55 58 57 52 50 51 52 46 41 37 37 36 35 35 36 36
13 13 14 15 14 14 14 13 12 12 13 15 17 19 20 22 23 23 22 21 20 20 20 21 21 20 20 22 24 29 32 34 35 36 37 37 35 31 30 35 40 43 46 44 37 32 31 29 25 22 22 24 26 28 32 37 41 45 48 47 44 39 35 31 28 25 23 22 22 24 25 27 29 32 35 39 43 48 50 53 56 59 56 50 47 48 48 44 41 41 41 39 38 38 41 42
12 12 13 13 13 12 12 11 11 11 11 12 13 15 17 19 20 22 22 21 19 19 20 20 19 19 20 22 25 29 31 32 32 34 35 33 30 28 30 36 42 45 46 44 38 32 29 27 24 21 21 24 26 28 33 38 43 46 45 42 40 37 33 30 27 24 22 20 20 23 25 28 31 34 36 38 42 45 49 52 55 56 52 45 43 44 44 41 43 45 44 42 41 41 44 48
11 11 11 11 11 11 10 10 10 10 9 9 10 11 14 16 18 20 21 20 19 18 19 18 17 18 20 22 24 27 28 28 30 31 31 29 26 26 30 37 42 45 43 43 39 33 28 25 22 20 22 25 26 28 34 39 43 44 40 37 35 33 31 29 26 24 20 18 19 22 25 28 31 33 34 37 40 44 46 49 52 53 49 41 39 40 39 40 44 47 47 46 45 44 45 48
10 10 9 9 10 10 9 9 9 8 8 8 8 9 11 14 16 17 19 20 18 17 17 16 16 18 20 22 24 25 26 27 28 28 28 26 24 26 31 36 40 41 38 38 36 33 30 25 21 20 22 24 24 27 33 37 40 41 36 33 31 29 28 27 24 21 18 16 18 20 22 24 27 30 32 34 38 41 43 46 48 48 46 39 36 36 36 40 44 46 46 46 46 44 43 44
9 9 8 8 9 9 9 9 9 8 8 7 7 8 10 12 13 14 17 18 18 16 15 14 16 18 21 22 24 25 26 27 27 26 25 23 23 26 30 34 36 36 35 33 32 32 30 26 21 20 22 22 23 26 31 35 36 37 33 29 28 26 25 25 23 20 17 15 17 19 21 23 26 28 30 32 35 38 41 43 44 43 42 37 33 33 36 39 42 43 44 45 46 43 40 40
8 7 7 8 8 9 8 7 7 7 6 6 7 7 8 9 9 10 13 15 16 15 13 14 16 19 22 23 24 26 26 27 25 23 22 21 23 26 28 30 32 32 32 30 28 30 29 25 20 18 20 22 25 28 32 32 32 34 31 27 25 24 23 23 21 18 15 15 17 20 22 25 28 29 31 33 34 36 38 40 40 38 36 33 31 32 34 36 38 40 42 45 47 44 39 37
6 5 5 6 8 8 7 6 6 6 6 6 6 6 7 7 8 8 9 11 12 12 12 14 17 20 22 23 24 25 26 25 23 20 19 20 23 23 24 25 27 27 28 26 26 28 27 23 18 17 20 24 27 29 31 30 29 31 29 25 23 22 21 20 18 15 14 16 19 21 24 26 30 33 36 37 37 36 35 35 35 33 31 30 29 30 32 36 39 41 45 47 48 45 39 35
5 5 5 5 6 6 5 5 5 5 5 5 5 6 6 7 7 7 8 8 9 10 12 14 17 19 21 22 24 24 23 22 19 17 17 20 21 20 20 22 23 24 25 24 25 27 25 20 17 18 22 26 27 27 28 27 29 32 30 25 22 20 19 18 16 14 15 17 20 22 24 26 30 34 37 40 41 38 34 32 30 30 28 27 27 29 33 38 43 45 48 49 50 45 38 32
6 5 5 6 5 5 5 5 5 5 5 5 5 5 6 6 7 7 7 8 8 9 11 13 16 18 20 21 23 23 21 19 17 15 16 18 18 17 18 19 21 22 22 22 24 26 23 18 16 19 23 25 24 24 25 26 29 33 31 26 22 19 18 17 15 14 15 17 19 21 23 27 31 34 37 41 43 40 35 31 28 27 26 26 26 29 33 39 43 46 48 51 50 44 36 30
7 7 7 7 6 5 5 5 5 5 5 5 5 5 5 6 6 6 7 7 7 8 10 12 15 17 18 19 21 21 20 19 16 14 15 16 15 14 14 16 18 19 19 21 24 25 23 17 15 20 23 22 20 21 23 25 28 32 30 26 21 18 17 15 12 14 18 19 19 22 25 29 33 37 40 45 46 41 36 31 27 26 25 25 26 29 32 36 40 44 48 50 47 41 34 29
9 8 8 8 7 6 5 5 5 5 5 5 5 5 5 5 6 6 6 6 7 8 9 12 14 16 16 17 18 18 19 19 15 12 13 14 12 11 11 14 16 16 18 20 22 22 21 16 13 18 21 19 18 21 23 25 28 30 27 25 20 16 14 13 12 16 21 22 21 23 26 30 35 40 45 50 49 43 37 32 27 25 23 24 25 28 31 35 39 43 47 48 45 39 32 27
10 9 9 8 8 7 5 5 5 5 5 5 5 5 5 5 5 5 5 5 6 7 8 11 13 14 14 15 15 16 17 18 15 11 10 11 9 8 10 13 14 14 16 18 19 20 19 15 12 15 18 17 18 21 23 27 29 27 24 22 19 14 11 12 15 20 23 23 22 23 26 30 35 41 45 48 47 43 38 34 28 24 22 22 24 27 31 35 39 42 45 46 44 38 32 27
11 10 9 9 9 8 6 5 5 5 5 4 4 4 4 5 5 5 5 5 5 6 7 8 10 11 12 12 13 13 14 15 13 10 7 7 6 7 8 10 10 12 14 16 17 18 18 16 12 13 14 16 17 19 23 28 29 25 20 19 17 12 10 13 18 22 23 22 22 23 26 29 34 39 42 43 43 41 38 35 31 26 22 21 25 29 33 36 39 42 45 44 40 36 31 26
12 11 10 10 9 8 6 5 5 5 5 4 4 4 4 4 5 5 5 5 5 5 6 7 8 9 9 10 10 10 11 11 11 9 6 5 5 5 7 7 8 10 12 14 15 15 17 16 13 11 12 14 16 20 25 28 26 22 17 17 15 10 11 14 19 23 22 21 21 23 26 28 32 36 38 39 40 38 35 34 32 27 22 22 26 30 34 35 38 43 44 41 36 32 30 25
13 12 12 11 9 8 7 5 5 5 5 4 4 4 4 4 4 4 4 4 5 5 5 5 6 7 7 8 8 8 8 8 8 7 5 4 4 5 5 6 7 8 9 10 11 12 13 15 13 10 11 15 18 22 25 25 23 20 15 15 13 10 13 16 20 22 21 20 20 23 25 27 30 32 33 35 36 35 32 32 30 26 20 22 26 31 34 33 38 42 43 37 32 29 29 24
14 14 14 13 11 9 8 6 6 5 5 5 5 4 4 4 4 4 4 4 4 4 4 5 5 5 5 6 6 6 6 5 5 5 4 4 4 4 4 5 5 5 6 6 7 7 7 10 11 9 11 17 22 24 23 21 19 17 14 11 8 9 14 17 17 19 18 19 20 22 24 26 27 28 29 31 31 31 30 29 27 22 18 21 26 31 31 32 37 41 40 34 29 27 26 22
15 16 16 16 14 12 9 7 6 5 5 5 5 4 4 4 4 4 4 4 4 4 4 4 4 4 4 4 5 4 4 4 4 4 3 2 2 3 3 3 3 3 3 4 4 4 4 6 9 8 11 17 22 22 20 17 16 15 12 8 5 8 12 14 15 17 18 18 19 20 23 24 25 26 26 27 29 29 27 25 24 19 16 20 27 30 29 31 36 38 36 31 26 23 21 18
18 18 19 19 17 14 10 9 7 6 5 5 5 5 4 4 4 4 4 4 4 4 4 3 3 3 4 4 4 4 4 3 3 3 3 2 2 2 2 2 2 2 2 3 2 3 3 3 5 7 11 16 19 18 16 14 14 12 9 6 5 8 11 14 17 20 20 19 17 18 20 22 22 22 23 24 26 27 25 22 21 17 15 20 26 27 27 31 34 34 33 28 23 19 16 16
20 21 21 20 17 14 12 10 9 7 6 5 5 5 5 4 4 4 4 4 4 4 3 3 3 3 3 3 3 3 3 3 3 2 2 2 2 2 2 2 2 2 2 2 2 2 2 2 4 6 10 14 15 14 13 13 13 11 8 5 6 10 13 17 21 22 21 17 15 16 19 20 20 21 22 23 24 27 26 22 20 16 15 20 25 25 27 30 31 31 29 26 21 17 14 16
22 23 23 20 17 16 15 13 11 9 8 6 5 5 5 4 4 4 4 4 4 4 3 3 3 3 3 3 3 3 3 3 3 2 2 2 2 2 2 2 2 2 2 2 2 2 2 2 4 5 8 11 11 10 10 11 11 11 7 5 6 11 15 17 19 21 19 15 14 16 18 18 18 19 20 20 23 27 27 22 18 15 15 20 23 24 26 28 28 27 24 22 19 15 15 17
25 26 24 20 18 18 17 15 13 12 10 7 5 5 5 5 5 4 4 4 4 4 4 4 3 3 3 3 3 3 3 3 3 3 2 2 2 2 2 2 2 2 2 2 2 2 2 3 4 5 6 7 7 6 7 8 8 8 6 4 5 8 11 13 14 15 14 12 13 16 17 16 16 16 17 18 22 26 26 21 15 14 15 19 22 25 26 27 26 24 19 17 16 13 14 15
28 27 24 20 20 20 19 17 16 14 12 9 6 5 5 5 5 5 4 4 4 4 4 4 3 3 3 3 3 3 3 3 3 3 2 2 2 2 2 2 2 1 1 1 1 1 1 2 3 3 4 4 4 4 4 5 5 5 4 3 4 5 6 7 8 10 9 10 13 15 14 13 13 14 16 18 20 23 23 19 14 13 16 20 24 27 27 25 25 23 17 13 12 12 15 17
29 28 25 22 22 22 20 19 18 15 12 9 7 5 5 5 5 5 5 5 4 4 4 4 4 4 3 3 3 3 3 3 3 3 2 2 2 2 2 2 2 1 1 1 1 1 1 2 3 3 3 3 2 2 2 2 2 3 2 2 3 3 3 3 4 6 6 9 12 12 11 11 12 14 16 18 17 19 21 17 13 14 18 22 26 29 28 23 24 23 18 12 11 14 17 22
30 29 25 23 24 23 20 20 19 16 13 10 8 6 5 6 6 5 5 5 5 4 4 4 4 4 3 3 3 3 3 3 2 2 2 2 2 2 2 2 2 1 1 1 1 1 1 1 2 2 2 2 2 2 2 2 2 2 2 2 2 2 2 2 2 3 4 7 9 9 9 10 10 12 14 15 14 17 19 17 12 14 19 24 27 30 29 22 20 21 16 11 11 15 19 24
31 29 26 26 26 23 21 20 19 17 14 11 8 7 7 7 6 5 5 5 5 5 4 4 4 4 3 3 3 3 3 2 2 2 2 2 2 2 2 2 2 2 1 1 1 1 1 1 1 1 1 2 2 2 2 2 2 2 2 2 2 2 2 2 2 2 3 6 7 5 7 8 8 9 10 12 11 15 18 15 11 14 20 25 28 30 28 21 17 18 15 10 11 16 21 25
32 30 28 28 27 25 23 22 21 19 16 13 9 7 7 8 7 6 5 5 5 5 5 4 4 4 3 3 3 3 3 2 2 2 2 2 2 2 2 2 2 2 1 1 1 1 1 0 0 0 1 1 1 1 1 1 1 1 1 1 1 1 1 1 1 2 2 3 4 3 3 3 4 5 6 7 9 14 16 13 11 15 21 25 28 28 26 20 15 15 13 9 12 18 23 26
34 32 31 30 29 27 25 24 23 21 18 15 11 8 8 9 8 7 6 6 5 5 5 5 4 4 3 3 3 3 3 2 2 2 2 2 2 2 2 2 2 2 1 1 1 1 1 0 0 0 0 1 1 1 0 0 0 0 1 1 1 1 1 1 1 1 2 2 2 2 2 2 2 2 3 4 7 11 13 10 11 16 22 24 27 27 24 17 13 12 10 8 14 20 24 25
35 33 32 32 30 28 27 25 23 21 19 16 12 9 10 10 9 8 7 7 6 5 5 5 5 4 3 2 2 3 3 3 2 2 2 2 2 2 2 2 2 2 1 1 1 1 0 0 0 0 0 0 0 0 0 0 0 0 0 0 1 1 1 1 1 1 1 1 1 1 1 1 1 1 2 3 6 10 12 9 11 17 22 23 25 27 24 17 12 10 7 9 16 21 25 23
39 36 34 33 30 27 25 24 23 21 18 15 12 10 12 12 10 9 9 9 8 6 8 9 6 4 4 3 2 2 2 2 2 2 2 2 2 2 2 2 2 2 1 1 1 1 0 0 0 0 0 0 0 0 0 0 0 0 0 0 0 0 1 1 1 1 1 1 1 1 0 0 0 1 1 2 5 10 10 8 12 18 22 21 23 25 24 18 11 8 6 12 18 23 25 22
44 40 37 34 30 27 24 22 20 18 16 13 11 13 16 15 13 11 11 11 9 8 11 12 8 7 8 7 7 5 4 3 2 2 2 2 2 2 2 2 2 2 2 1 1 1 0 0 0 0 0 0 0 0 0 0 0 0 0 0 0 0 0 1 0 0 0 0 0 0 0 0 0 0 1 2 5 8 8 9 12 17 20 18 22 23 22 19 11 6 7 14 21 24 25 21
48 44 39 35 31 28 25 22 19 16 13 11 12 16 18 18 15 13 13 13 11 10 13 14 12 11 12 11 12 10 8 7 5 5 5 5 4 4 3 2 2 2 2 1 1 1 0 0 0 0 0 0 0 0 0 0 0 0 0 0 0 0 0 0 0 0 0 0 0 0 0 0 0 0 1 2 4 6 8 10 12 14 15 15 19 19 19 16 9 5 10 17 21 23 25 22
50 44 38 34 31 28 25 22 19 15 12 13 15 19 20 19 16 15 16 16 13 11 14 16 15 14 15 15 15 14 12 10 8 8 9 9 8 6 4 3 2 2 2 1 1 1 1 0 0 0 0 0 0 0 0 0 0 0 0 0 0 0 0 0 0 0 0 0 0 0 0 0 0 0 1 2 4 6 10 12 13 13 12 12 15 16 15 13 6 5 12 16 19 21 24 23
49 42 36 31 28 26 23 20 18 15 14 16 17 21 22 19 17 17 18 17 14 11 14 18 19 16 16 17 17 16 15 13 11 10 11 12 9 8 6 4 2 2 2 2 1 1 1 0 0 0 0 0 0 0 0 0 0 0 0 0 0 0 0 0 0 0 0 0 0 0 0 0 0 0 1 2 3 6 10 12 13 12 10 10 12 14 13 9 3 5 12 15 16 20 23 23
50 42 36 30 26 23 21 18 15 14 15 19 21 22 22 20 20 21 20 18 15 14 16 20 21 19 18 19 19 20 21 19 16 14 13 14 11 10 9 7 4 2 2 2 1 1 1 1 0 0 0 0 0 0 0 0 0 0 0 0 0 0 0 0 0 0 0 0 0 0 0 0 0 0 0 1 2 5 8 11 11 11 9 8 10 12 10 5 3 6 12 13 15 19 21 20
53 45 39 33 29 26 23 19 15 14 17 22 24 24 24 23 23 24 22 20 17 16 18 21 23 23 20 21 22 23 25 25 23 20 17 15 13 12 12 10 6 3 2 2 2 2 1 1 1 1 1 0 0 0 0 0 0 0 0 0 0 0 0 0 0 0 0 0 0 0 0 0 0 0 0 0 1 3 5 8 9 9 8 6 9 11 8 3 6 10 13 11 13 17 18 16
56 51 46 40 34 30 26 21 16 15 19 24 27 27 26 26 26 25 24 22 20 17 19 23 26 26 23 23 24 25 27 29 27 24 20 16 15 15 14 13 10 6 2 2 2 2 2 1 1 1 1 0 0 0 0 0 0 0 0 0 0 0 0 0 0 0 0 0 0 0 0 0 0 0 0 0 0 1 3 6 7 7 7 5 8 9 5 3 8 11 11 9 11 15 16 13
56 57 52 45 38 33 27 21 16 17 22 27 30 30 28 27 27 27 25 24 22 19 20 24 28 27 25 24 26 27 29 29 28 24 20 17 17 18 17 15 13 8 3 2 2 2 2 2 2 1 1 0 0 0 0 0 0 0 0 0 0 0 0 0 0 0 0 0 0 0 0 0 0 0 0 0 0 0 2 5 7 6 6 4 5 6 3 4 7 9 8 10 13 16 16 13
51 55 51 44 38 32 25 20 16 17 23 28 31 33 33 32 31 30 28 26 24 21 21 25 29 29 26 25 27 30 31 30 27 23 20 19 21 21 18 16 12 8 6 5 3 3 2 2 2 1 1 0 0 0 0 0 0 0 0 0 0 0 0 0 0 0 0 0 0 0 0 0 0 0 0 0 0 1 2 5 8 8 6 4 3 3 2 3 4 5 8 12 15 16 16 12
45 47 43 39 34 28 23 18 16 18 22 26 29 34 37 39 39 37 33 29 25 23 23 26 30 31 28 27 28 31 32 31 28 24 23 23 23 22 18 16 13 11 11 10 7 7 6 4 3 2 1 0 0 0 0 0 0 0 0 0 0 0 0 0 0 0 0 0 0 0 0 0 0 0 0 0 0 1 2 4 6 8 8 6 4 2 1 1 3 5 9 12 14 14 14 10
39 39 36 32 28 24 20 17 17 21 26 29 30 33 38 43 45 43 38 33 27 25 26 27 30 33 32 31 31 33 34 32 30 28 27 26 24 21 20 19 17 15 15 14 13 13 11 10 9 6 3 1 0 0 0 0 0 0 0 0 0 0 0 0 0 0 0 0 0 0 0 0 0 0 0 0 0 0 0 1 3 5 6 7 5 3 1 0 2 4 6 10 12 12 12 7
33 33 30 26 23 21 19 18 19 22 27 31 33 36 38 41 45 47 42 36 30 28 29 31 32 34 36 36 35 35 35 33 31 31 30 28 25 23 22 22 19 18 17 17 17 16 15 14 13 11 5 2 1 0 0 0 0 0 0 0 0 0 0 0 0 0 0 0 0 0 0 0 0 0 0 0 0 0 0 0 0 1 3 3 3 3 2 0 0 0 2 6 9 9 9 4
27 26 25 23 20 20 20 20 20 21 25 29 34 39 42 42 46 49 44 37 32 30 32 35 36 36 38 40 38 36 33 30 29 29 29 28 26 25 25 23 20 18 17 16 17 18 17 16 15 13 9 6 3 1 0 0 0 0 0 0 0 0 0 0 0 0 0 0 0 0 0 0 0 0 0 0 0 0 0 0 0 0 0 0 1 1 0 0 0 0 0 1 3 4 5 2
25 23 22 20 20 22 23 22 20 21 24 29 34 39 44 46 48 50 45 40 35 35 36 39 41 39 40 41 40 36 32 29 27 25 24 24 24 26 26 24 21 19 16 14 15 16 16 15 14 13 11 7 4 1 1 0 0 0 0 0 0 0 0 0 0 0 0 0 0 0 0 0 0 0 0 0 0 0 0 0 0 0 0 0 0 0 0 0 0 0 0 0 0 0 1 0
