geocache-va/1-2/elevation.txt
ncols         868
nrows         925
xllcorner     -77.5
yllcorner     38.5
cellsize      1.0E-5
NODATA_value  -9999
[rows 165 to 219 of 925, columns 576 to 671 of 868]
36 36 36 36 36 36 36 36 37 40 39 37 36 36 40 45 48 48 48 49 54 60 64 65 64 61 59 59 60 59 56 49 43 39 40 46 51 53 56 61 68 72 74 76 75 73 73 72 74 75 74 72 73 76 76 74 73 72 71 69 65 61 60 61 64 68 70 72 72 72 71 69 65 62 62 66 70 70 69 64 59 56 52 49 46 45 44 44 49 54 57 60 61 61 61 62
36 36 36 36 36 36 36 36 36 37 36 36 36 36 39 43 45 44 43 45 51 57 60 61 62 60 55 54 54 53 49 43 39 38 41 49 56 59 61 64 69 73 73 73 72 71 71 72 74 74 72 70 71 75 76 74 72 71 71 70 67 62 59 60 64 67 70 71 72 72 71 68 64 60 61 66 69 68 67 63 58 54 50 47 45 44 43 45 48 50 52 54 55 55 55 57
36 36 36 36 36 36 36 36 36 36 36 36 36 36 36 39 40 39 39 42 49 54 55 56 59 59 54 49 48 48 44 39 37 39 42 49 56 62 64 68 71 72 72 71 70 70 71 71 73 73 70 68 69 74 76 74 71 70 69 68 66 63 60 59 61 65 68 70 71 71 70 66 62 59 60 64 67 65 63 61 58 53 50 46 44 43 43 44 45 46 47 49 51 53 54 56
36 36 36 36 36 36 36 36 36 36 36 36 36 36 36 36 36 36 38 42 47 51 51 51 53 55 54 49 44 43 39 36 39 42 45 51 58 63 66 69 71 71 70 68 68 69 70 71 72 72 69 66 67 72 75 75 73 70 67 65 64 62 59 57 58 62 66 70 71 71 69 65 61 57 57 61 64 62 60 58 56 52 49 45 42 43 44 46 47 48 49 50 53 56 57 59
36 36 36 36 36 36 36 36 36 36 36 36 36 36 36 36 36 36 37 41 45 46 46 46 48 53 54 50 43 38 37 36 40 45 50 55 60 64 67 70 70 69 67 65 66 68 70 71 72 71 67 64 65 70 72 74 74 72 69 65 63 61 58 56 56 61 66 69 70 70 68 64 60 56 55 59 62 62 59 56 53 49 45 42 42 45 47 49 51 51 51 52 55 58 60 61
36 36 36 36 36 36 36 36 36 36 36 36 36 36 36 36 36 36 36 37 40 42 42 42 46 51 53 49 42 37 36 36 41 47 53 57 62 65 67 69 68 66 63 63 65 68 70 71 72 71 66 62 62 66 69 71 73 72 70 67 65 62 60 57 56 59 65 68 69 68 66 63 58 54 55 58 62 62 60 56 52 47 43 41 44 47 50 52 55 55 55 55 57 61 63 64
36 36 37 36 36 36 36 36 36 36 36 36 36 36 36 36 36 36 36 36 37 38 39 41 45 49 48 44 39 36 36 37 43 49 55 59 62 63 63 64 64 62 61 63 66 68 69 70 72 72 67 61 58 60 64 67 69 71 71 69 66 64 61 58 55 55 61 64 66 65 64 61 56 52 53 56 60 62 61 58 53 47 42 42 47 49 52 56 59 60 60 59 60 62 65 66
37 41 43 42 41 40 38 36 36 36 36 36 36 36 36 36 36 36 36 36 36 36 36 38 41 44 42 38 36 36 36 37 43 50 56 59 59 58 58 59 59 59 62 66 69 70 69 69 72 73 69 61 55 55 59 63 67 70 70 70 68 65 62 59 56 53 56 61 62 62 61 59 54 51 51 55 59 63 63 58 52 45 41 44 47 50 53 57 61 62 63 63 61 62 66 70
39 45 49 48 48 49 46 42 38 36 36 36 36 36 36 36 36 36 36 36 36 36 36 36 37 38 38 36 36 36 36 37 44 51 55 57 54 53 55 57 58 60 64 68 70 70 68 69 72 73 68 60 54 56 61 64 67 69 70 70 69 66 62 59 56 52 53 57 58 59 59 58 54 50 50 53 57 61 62 59 52 45 41 43 46 49 52 56 60 63 64 65 63 62 66 71
40 47 52 53 54 55 52 45 40 39 37 36 36 36 36 36 36 36 36 36 36 36 36 36 36 36 36 36 36 36 36 40 47 52 54 54 51 53 57 60 61 63 66 69 69 68 66 69 72 72 66 57 53 57 62 63 64 66 69 70 69 66 62 59 56 53 51 52 54 55 56 55 52 49 48 52 56 59 61 57 52 45 41 41 45 48 50 54 59 63 65 66 65 65 67 71
43 49 54 58 60 59 54 47 44 44 43 40 37 36 36 36 36 36 36 36 36 36 36 36 36 36 36 36 36 36 38 44 50 53 51 48 50 57 62 64 65 65 65 66 67 64 63 67 71 70 63 53 50 55 58 59 61 65 69 70 69 66 63 61 57 53 49 48 48 50 52 53 50 47 48 52 56 58 56 52 49 46 41 40 45 47 49 54 58 62 65 67 68 69 71 72
44 49 53 58 61 61 56 50 49 49 49 46 41 37 36 36 36 36 36 36 36 36 36 36 36 36 36 36 36 36 37 43 48 49 45 44 50 58 63 65 63 62 61 61 62 60 59 65 68 66 58 49 46 50 54 58 61 66 70 71 69 66 64 62 58 54 51 49 46 46 48 48 46 45 48 51 54 52 48 44 45 44 40 40 46 51 52 55 58 61 64 67 69 71 73 74
41 45 49 55 61 62 58 55 55 56 54 51 47 41 37 36 36 36 36 36 36 36 36 36 36 36 36 36 36 36 36 37 41 42 41 45 51 56 59 62 60 58 56 57 58 57 56 62 64 61 53 45 45 48 53 59 63 67 70 71 69 66 64 63 59 56 54 52 48 45 43 44 43 44 47 49 49 45 40 37 39 40 39 40 48 55 58 58 60 61 64 67 69 71 74 75
38 41 46 54 59 62 62 61 61 60 58 54 49 42 37 36 36 37 36 36 36 36 36 36 36 36 36 36 36 36 36 36 36 37 39 46 51 53 55 59 59 55 51 51 54 54 54 58 60 54 45 43 47 53 56 59 63 67 71 71 68 65 63 61 59 59 57 54 50 46 42 41 40 41 43 46 44 39 36 37 38 38 39 43 50 56 60 61 62 63 65 67 69 71 73 74
38 40 46 52 58 61 63 64 64 63 59 53 47 41 37 36 36 39 40 38 37 36 36 36 36 36 36 36 36 36 36 36 36 36 39 46 50 49 51 55 56 53 49 49 52 52 52 56 55 48 42 44 49 55 59 61 64 68 72 72 69 66 62 61 60 61 59 55 51 47 44 42 40 40 40 41 40 36 36 40 41 39 40 45 51 56 59 61 63 64 65 66 68 69 71 74
40 43 48 53 57 60 64 67 68 64 59 53 48 43 37 36 37 43 47 48 45 40 37 36 36 36 36 36 36 36 36 36 36 36 37 42 44 43 44 47 49 47 45 46 50 49 48 50 48 40 39 45 51 55 60 64 67 70 71 72 71 67 64 63 63 63 60 56 52 49 46 45 45 42 40 37 35 36 39 44 45 43 43 46 50 54 56 58 60 61 62 64 66 68 70 73
42 47 52 56 61 63 66 68 69 64 59 54 49 43 38 37 41 45 50 53 51 44 40 38 36 36 36 36 36 36 36 36 36 36 36 36 37 37 38 41 43 42 42 45 47 45 45 47 42 38 41 49 55 59 62 64 67 69 69 70 69 68 66 65 65 63 61 58 55 52 50 49 48 46 44 39 35 38 42 46 49 50 47 46 47 50 52 55 57 59 60 63 66 68 70 72
42 48 54 58 62 65 69 71 69 64 59 53 47 40 39 42 46 50 53 56 57 51 43 40 38 37 36 36 36 36 36 36 36 36 36 36 36 36 36 37 38 38 39 44 43 42 43 41 37 37 43 51 56 58 61 64 66 68 67 68 67 66 65 64 64 64 62 61 59 55 54 52 50 48 46 41 36 38 42 47 51 53 53 50 48 48 50 53 57 60 62 64 66 68 70 71
42 46 52 57 60 64 69 72 69 65 61 54 47 40 41 46 51 54 58 60 61 55 47 44 41 38 36 36 36 36 36 36 36 36 36 36 36 36 36 36 36 36 37 41 40 39 40 37 36 37 43 50 53 56 60 64 67 66 65 65 64 63 63 61 63 64 63 63 61 59 58 55 52 49 47 41 36 38 41 46 50 54 56 55 53 51 51 53 56 59 61 63 65 66 69 71
42 44 49 53 58 62 67 71 70 68 64 57 49 43 42 46 52 55 59 63 63 58 52 47 42 39 37 37 36 36 36 36 36 36 36 36 36 36 36 36 36 36 36 37 37 38 37 36 36 37 42 47 50 55 60 64 66 65 62 62 61 63 61 60 62 63 63 62 60 59 57 55 52 49 47 41 35 37 41 44 48 53 57 58 57 55 54 55 57 58 59 61 63 66 69 72
44 46 49 52 56 61 66 70 71 69 66 61 55 48 44 47 53 57 61 64 65 61 55 49 44 41 40 39 37 36 36 37 37 36 36 36 36 36 36 36 36 36 36 36 36 36 36 36 36 38 42 47 51 55 60 64 65 63 58 57 59 60 58 57 59 62 62 61 58 55 53 51 50 49 46 39 34 37 40 44 48 51 56 60 61 60 58 59 59 59 61 62 63 65 68 71
49 53 54 54 56 60 64 69 71 71 68 65 60 53 46 46 52 57 60 63 65 63 57 51 47 45 44 43 38 37 40 43 41 38 36 36 36 36 36 36 36 36 36 36 36 36 36 36 36 39 44 49 53 56 59 63 65 62 55 52 53 55 54 55 59 62 62 61 57 53 50 48 47 46 42 35 34 39 43 47 51 52 55 59 62 62 62 62 62 63 64 65 64 65 68 70
53 59 61 60 59 60 64 68 71 71 68 64 60 53 48 47 49 53 58 61 64 63 59 54 52 51 49 45 40 39 43 48 47 42 40 37 36 36 36 36 36 36 36 36 36 36 36 36 36 39 44 49 53 54 56 60 63 60 52 46 45 49 53 58 61 64 65 62 59 55 51 48 45 42 37 33 35 42 46 50 54 56 57 58 61 64 66 66 65 65 66 68 68 67 68 70
56 62 66 66 63 62 65 68 71 70 65 61 57 52 50 49 49 51 56 60 63 64 61 58 56 54 50 44 40 42 45 51 52 49 45 40 37 36 36 36 36 36 36 36 36 36 36 36 36 38 43 47 49 50 52 57 59 55 46 42 44 50 56 60 63 66 66 63 60 59 56 51 46 39 34 33 39 45 50 53 56 59 61 60 61 65 68 69 68 68 68 70 70 70 71 71
56 61 66 68 68 66 67 69 70 68 64 59 55 52 52 52 51 51 55 59 62 64 63 60 57 54 49 43 41 43 46 50 54 54 51 46 41 37 36 36 36 36 36 36 36 36 36 36 36 37 40 43 44 45 48 53 53 48 42 41 46 52 58 61 64 66 66 63 61 60 56 52 46 38 33 34 41 47 51 54 57 61 63 63 64 66 69 70 69 69 70 71 71 72 72 71
57 60 64 68 71 71 70 71 70 67 61 56 55 55 56 57 56 53 55 59 62 66 66 63 58 53 46 43 44 47 48 50 54 57 58 56 49 41 36 36 36 36 36 36 36 36 36 36 36 36 37 38 39 40 43 45 44 40 38 41 47 53 58 60 62 65 65 64 62 58 54 50 43 35 33 36 42 46 50 53 57 60 63 66 68 69 70 72 72 72 72 72 73 73 72 70
59 61 64 68 72 74 74 73 70 65 60 57 58 60 61 61 60 57 57 60 63 66 67 63 57 51 45 44 48 52 53 54 56 59 62 61 54 45 38 36 36 36 36 36 36 36 36 36 36 36 36 36 36 37 39 39 38 36 37 42 48 51 54 56 59 62 64 65 63 58 52 47 39 33 36 41 45 47 49 52 56 59 62 65 69 70 71 73 75 75 74 75 75 74 72 68
62 65 67 70 73 75 76 74 70 65 61 60 62 64 64 64 62 59 60 63 65 67 67 61 55 51 49 49 51 55 56 57 59 61 63 63 58 49 42 38 36 36 36 36 36 36 36 36 36 36 36 36 36 36 36 36 36 36 36 41 44 46 49 51 54 57 60 63 63 60 54 46 36 33 38 45 48 49 51 53 57 59 62 65 68 70 71 74 76 76 76 75 75 73 70 67
61 65 67 70 72 74 76 74 71 66 62 61 63 65 66 66 64 61 62 65 68 69 67 60 55 53 53 53 55 57 58 59 61 63 64 64 60 53 45 39 36 36 36 36 36 36 36 36 36 36 36 36 36 36 36 36 36 36 36 38 41 43 46 47 50 53 57 60 61 60 55 48 38 33 36 43 47 49 51 54 57 60 62 64 67 69 71 73 75 75 74 74 73 71 69 67
58 61 65 68 70 72 74 74 71 67 64 63 65 67 69 69 67 65 67 69 70 71 68 61 58 57 56 57 58 60 61 62 63 64 65 64 60 53 45 41 39 36 36 36 36 36 36 36 36 36 36 36 36 36 36 36 36 36 36 36 37 39 40 42 44 47 51 55 57 58 57 53 42 34 32 36 41 45 48 51 55 59 61 62 64 65 68 72 73 72 70 69 68 67 66 65
57 59 62 66 68 71 73 74 72 69 66 66 67 69 71 71 69 67 69 71 72 72 68 62 60 60 59 60 61 62 62 63 64 65 66 65 61 55 49 46 42 38 36 36 36 36 36 36 36 36 36 36 36 36 36 36 36 36 36 36 36 36 36 37 39 42 45 48 51 54 56 55 46 36 31 30 34 40 43 47 51 55 57 59 61 63 67 71 72 71 69 67 65 64 63 62
59 61 64 67 70 72 73 74 74 72 68 68 70 72 73 73 73 72 72 72 73 73 70 67 65 64 63 63 64 64 64 64 64 64 64 65 64 62 59 54 47 41 37 36 36 36 36 36 36 36 36 36 36 36 36 36 36 36 36 36 36 36 36 36 36 37 40 42 46 50 54 55 50 41 33 28 30 38 43 47 52 55 58 61 64 67 70 72 71 70 69 67 65 63 61 59
60 63 67 71 73 75 75 76 76 74 70 70 73 74 75 76 76 75 74 74 74 73 72 70 68 67 66 64 63 63 63 63 63 63 63 63 63 62 62 58 50 44 40 39 38 38 36 36 36 36 36 36 36 36 36 36 36 36 36 36 36 36 36 36 36 36 36 38 42 47 52 54 51 44 37 28 28 36 42 49 54 58 60 63 67 70 70 69 69 69 70 69 67 65 63 61
61 63 67 70 74 76 76 76 76 75 72 72 74 75 76 75 75 75 75 74 73 72 72 70 68 66 64 62 60 59 60 61 60 60 61 61 58 57 57 55 51 47 44 42 41 42 38 36 36 36 36 36 36 36 36 36 36 36 36 36 36 36 36 36 36 36 36 37 40 45 51 53 50 44 37 29 27 34 41 48 53 56 59 62 66 68 68 66 67 69 70 70 69 68 65 63
63 63 65 68 71 73 74 75 76 76 75 74 75 76 76 75 73 73 73 72 71 69 68 67 65 63 60 57 55 53 54 55 54 54 56 56 52 49 48 48 49 48 46 45 45 46 43 38 36 36 36 36 36 36 36 36 36 36 36 36 36 36 36 36 36 36 36 36 37 41 47 50 49 41 34 28 28 36 42 47 50 53 56 60 64 64 65 65 67 69 72 72 71 70 66 64
68 67 67 68 69 69 71 73 74 76 76 75 75 76 75 74 72 71 70 69 67 65 63 62 61 59 58 56 55 54 52 51 49 48 48 47 45 43 42 42 44 45 44 44 45 47 45 42 37 36 36 36 36 36 36 36 36 36 36 36 36 36 36 36 36 36 36 36 36 37 42 47 46 37 30 27 31 38 42 43 46 50 54 58 59 60 61 64 68 71 74 74 71 68 65 62
71 72 72 72 72 72 72 72 73 75 76 77 77 76 75 75 73 70 68 66 64 62 61 60 60 61 63 63 63 60 57 55 53 50 47 45 43 42 41 39 40 40 40 39 41 43 44 45 41 38 36 36 36 36 36 36 36 36 36 36 36 36 36 36 36 36 36 36 36 34 36 40 41 34 27 29 36 43 45 46 47 48 51 54 55 57 60 64 68 70 73 72 70 66 63 60
70 73 75 77 76 76 75 74 74 75 77 78 77 77 77 75 73 70 68 66 65 65 64 63 63 64 66 67 66 64 61 59 59 55 51 48 46 45 44 41 38 37 36 35 37 39 42 44 45 43 39 37 36 36 36 36 36 36 36 36 36 36 36 36 36 36 36 36 35 28 24 25 32 31 27 30 40 47 50 52 52 53 53 55 56 58 61 63 66 66 68 70 69 66 65 63
70 73 76 78 79 78 77 76 76 77 77 78 78 78 77 75 73 70 68 68 69 68 66 65 65 67 69 69 68 66 62 62 61 57 52 50 50 49 47 44 40 37 36 36 36 37 38 41 43 42 41 42 40 38 36 36 36 36 36 36 36 36 36 36 36 36 36 35 31 20 16 16 22 28 26 29 38 45 49 52 55 56 57 58 59 62 64 65 65 63 64 66 67 67 67 66
70 72 74 77 78 79 79 79 79 79 79 79 78 77 76 74 71 70 70 71 72 71 69 67 67 70 72 72 70 67 64 65 63 59 57 56 55 52 49 46 42 40 41 39 37 36 35 37 37 36 39 42 43 42 38 36 36 36 36 36 36 36 36 36 36 36 35 34 23 15 14 15 14 21 22 25 32 38 44 49 54 56 57 60 64 68 70 70 66 62 60 61 63 66 70 71
69 71 73 76 77 78 79 80 80 81 80 79 78 76 74 72 71 72 73 75 75 73 70 68 69 72 74 74 71 67 66 66 64 62 62 62 60 57 54 47 43 43 46 45 41 38 36 36 36 36 36 37 37 37 36 36 36 36 36 36 36 36 36 36 36 36 35 30 20 15 16 16 15 14 14 17 20 28 36 45 49 50 53 59 66 71 73 73 68 62 58 58 61 65 71 72
68 70 73 75 77 78 79 81 82 82 81 79 78 77 75 73 73 74 76 76 75 73 71 70 70 73 75 74 71 68 68 68 66 65 65 64 62 59 54 47 44 46 50 49 45 43 41 37 36 36 36 36 36 36 36 36 36 36 36 36 36 36 36 36 36 36 34 24 16 20 24 25 19 15 15 15 15 18 27 39 44 45 51 57 63 66 69 72 68 61 56 56 59 64 68 71
68 70 73 76 77 78 80 81 81 81 81 80 79 78 76 74 74 75 77 78 76 74 72 72 72 74 76 75 71 69 70 70 68 66 67 65 62 57 52 47 47 49 53 52 49 47 43 39 37 36 36 36 36 36 36 36 36 36 36 36 36 36 36 37 37 37 36 28 20 26 32 31 22 20 18 15 15 15 19 31 39 43 49 54 57 60 63 66 64 59 55 55 58 62 66 69
68 71 74 76 78 78 79 80 80 81 81 81 80 79 76 75 75 76 78 79 77 76 74 75 75 75 76 75 73 72 73 73 71 69 68 65 60 56 54 51 49 50 54 55 53 50 46 43 39 37 36 36 36 36 36 36 36 36 36 36 36 38 41 44 45 44 42 39 33 27 25 22 19 24 21 16 15 15 15 21 33 41 45 47 50 54 58 60 58 54 51 53 56 59 63 67
68 70 74 76 77 78 79 79 80 80 81 82 80 78 76 76 76 76 78 79 78 77 76 77 77 77 77 76 76 76 75 75 72 70 68 64 59 60 60 56 52 52 55 56 54 51 48 44 41 40 37 36 36 36 36 36 36 36 36 36 37 41 47 51 53 53 50 45 38 35 33 29 24 20 17 15 15 15 15 16 26 34 38 41 44 49 54 55 51 48 48 51 55 59 61 65
68 70 73 75 76 77 78 78 79 80 82 82 80 79 78 78 78 78 78 79 79 78 78 78 77 77 77 77 76 75 73 73 73 72 70 65 63 64 63 61 57 56 57 58 57 54 49 46 45 42 38 36 36 36 36 36 36 36 36 38 40 44 50 54 57 58 54 47 43 43 43 38 30 25 22 18 15 15 15 15 17 26 32 36 42 47 50 51 47 45 48 54 59 62 64 66
70 70 71 73 75 76 77 78 79 81 83 83 81 80 80 80 80 80 80 79 78 78 77 76 75 74 75 76 76 73 71 70 71 72 70 66 66 66 66 64 62 60 60 61 60 56 50 50 50 43 37 36 36 36 36 36 36 36 37 42 45 46 51 55 59 60 56 50 47 49 48 43 37 32 27 24 18 16 15 15 14 23 31 34 39 43 45 46 44 44 50 56 61 66 68 69
72 71 71 73 75 76 77 78 80 82 84 84 82 80 80 81 81 81 80 79 78 76 75 74 73 72 74 76 76 73 69 68 69 71 70 68 67 66 64 63 63 62 62 63 61 57 53 55 53 44 37 36 36 36 36 36 36 36 39 45 48 49 52 56 60 61 58 54 52 52 49 45 41 36 32 29 21 22 20 16 14 19 25 30 35 39 42 42 41 43 49 56 60 66 70 71
75 74 72 73 75 76 78 79 80 82 84 85 84 81 81 82 82 81 81 80 79 76 74 72 71 70 72 74 75 72 68 65 66 68 69 69 68 65 62 61 63 63 63 64 62 60 59 58 53 44 37 36 36 36 36 36 36 38 43 48 52 53 55 57 61 63 62 60 57 56 53 51 48 44 40 34 26 25 25 20 16 14 16 21 28 34 37 38 38 41 47 54 59 64 69 71
77 77 74 74 75 76 78 79 80 81 83 84 83 82 81 81 81 80 81 81 80 77 74 71 69 68 70 72 73 71 66 63 63 65 68 69 67 63 58 58 59 60 61 63 63 63 62 57 50 43 38 36 36 36 36 36 37 40 45 50 55 58 59 60 62 64 65 64 62 61 59 58 56 51 48 39 28 20 20 24 20 15 15 15 20 26 31 32 35 39 44 51 57 61 64 67
77 78 77 75 75 76 77 79 80 81 82 83 82 80 79 79 79 78 79 79 78 76 73 71 68 66 68 70 70 68 65 61 61 63 66 68 66 62 57 54 55 57 59 61 62 62 61 58 52 47 42 37 36 36 36 37 40 42 45 51 56 60 62 64 65 66 66 65 64 63 63 62 59 54 49 40 29 25 23 22 20 17 15 14 15 17 21 27 32 35 41 48 54 57 60 62
77 78 78 76 76 77 78 79 80 81 82 83 81 79 77 76 76 76 78 79 77 74 71 70 67 65 65 67 69 68 65 61 59 61 64 67 66 62 55 52 53 55 59 59 58 58 60 59 55 50 44 38 36 36 36 38 41 44 47 51 55 60 63 66 66 66 65 64 63 62 62 62 59 53 47 37 29 29 32 25 24 23 17 14 14 14 15 22 29 32 39 46 51 53 54 56
77 78 79 78 77 77 78 79 80 81 82 83 81 80 78 75 74 75 76 78 77 74 70 69 66 63 62 64 67 67 66 61 58 60 63 65 65 61 55 49 51 54 56 54 52 54 57 59 57 52 48 41 37 36 36 37 41 47 50 53 55 59 62 65 66 65 63 61 60 59 59 60 57 50 43 35 30 33 38 36 31 28 22 16 15 15 14 20 27 29 37 44 47 47 48 51
76 78 79 80 78 78 79 80 81 81 82 83 82 81 80 77 75 73 74 75 75 73 70 68 66 62 60 60 64 66 66 62 58 57 60 63 62 60 54 47 48 49 50 48 47 50 53 56 56 53 48 44 39 36 36 37 42 49 54 57 58 60 63 65 65 64 61 58 56 54 53 52 48 42 37 33 34 40 46 48 42 33 29 23 17 15 14 17 18 21 32 38 39 40 42 45
77 77 79 80 80 79 79 81 82 82 82 82 82 82 81 79 76 72 71 72 73 73 70 67 64 61 59 59 62 64 64 62 57 53 55 57 58 57 52 45 41 41 43 43 43 44 48 52 53 48 42 38 37 36 36 39 45 51 57 60 62 63 64 65 64 62 60 57 53 50 47 43 40 37 35 35 41 46 51 52 51 44 35 30 24 17 15 15 15 15 21 26 29 33 39 45
