geocache-va/1-2/elevation.txt
ncols         868
nrows         925
xllcorner     -77.5
yllcorner     38.5
cellsize      1.0E-5
NODATA_value  -9999
[rows 440 to 494 of 925, columns 480 to 575 of 868]
42 42 42 42 42 42 44 49 54 59 61 59 60 64 68 69 70 70 68 65 65 65 67 68 68 69 71 71 70 69 68 66 61 55 52 51 50 50 51 54 57 60 60 61 63 66 68 70 70 68 67 67 67 65 61 56 51 44 36 30 29 30 36 43 49 53 57 59 57 50 47 45 40 38 38 41 46 48 46 43 45 50 53 55 57 60 61 64 67 68 67 66 66 67 67 67
46 45 45 44 43 41 42 44 48 52 54 55 58 63 67 69 70 69 67 65 63 64 66 67 66 68 70 71 71 70 70 68 63 60 59 54 50 48 48 51 53 55 57 60 64 68 69 70 69 67 65 66 67 65 62 57 51 44 37 31 29 30 35 41 46 51 56 58 58 52 46 46 43 37 35 40 45 45 42 41 46 50 51 55 59 62 63 65 67 68 67 66 66 67 68 68
52 51 50 48 45 43 41 41 42 44 46 51 57 63 67 70 70 67 66 65 63 63 64 64 65 68 70 71 71 71 70 68 64 64 64 59 54 50 47 47 49 52 56 60 64 68 70 70 68 65 63 64 67 66 62 58 54 48 42 35 29 29 34 39 44 49 54 57 58 53 46 44 44 37 33 38 42 41 38 41 48 52 54 57 61 63 65 66 68 69 67 67 67 67 68 69
58 56 54 51 47 45 44 43 41 41 41 47 55 62 67 70 69 66 65 66 63 61 62 63 66 68 70 71 71 72 71 68 66 67 67 63 58 53 48 45 47 52 56 60 64 68 71 71 68 65 62 62 66 65 62 59 56 51 46 39 31 29 33 39 43 47 51 55 57 54 48 44 43 36 32 35 37 35 35 41 49 54 56 58 61 63 65 66 68 69 68 67 67 67 67 67
61 59 55 51 48 48 48 47 45 42 40 41 48 56 64 67 66 63 64 65 62 60 60 62 66 68 70 71 71 72 71 70 69 69 68 66 61 55 49 44 46 52 58 63 65 68 71 70 69 65 61 61 64 65 62 58 55 52 48 41 33 30 32 37 42 45 49 53 55 53 48 45 44 36 31 31 31 31 33 41 49 54 57 59 61 63 64 65 67 68 68 68 68 68 67 67
61 58 54 51 51 52 52 51 49 45 41 39 42 50 59 63 62 60 62 62 60 59 61 63 66 68 70 71 71 71 72 71 71 69 67 65 61 55 49 44 44 50 58 63 65 67 70 69 68 65 61 59 62 64 62 57 53 51 48 41 34 29 29 35 40 44 47 50 52 51 47 45 46 39 30 28 28 28 32 41 49 54 56 59 60 61 62 63 65 66 67 68 67 66 66 67
61 58 55 54 54 55 56 54 51 47 42 40 43 51 58 60 58 57 57 57 57 58 62 64 67 69 70 70 70 71 71 71 71 69 66 62 58 54 49 45 42 45 51 57 61 65 68 68 66 63 59 58 61 63 63 57 51 47 45 39 33 27 27 34 41 45 48 49 50 49 46 44 45 42 33 27 26 27 33 43 50 54 55 57 58 59 60 61 63 64 66 67 65 62 62 63
62 59 58 57 58 58 57 55 52 47 41 40 45 54 60 58 54 52 53 54 55 58 60 63 66 69 69 69 69 70 70 71 71 69 65 61 57 54 51 47 43 41 45 54 61 65 68 68 64 61 57 56 60 63 63 58 51 45 41 37 31 27 28 35 42 47 50 50 50 49 46 43 42 43 37 28 26 28 34 44 51 54 55 56 57 58 59 60 61 62 65 66 62 59 58 58
63 61 60 60 60 59 57 54 51 46 40 40 45 54 59 55 50 49 53 56 58 60 61 63 66 68 68 68 68 68 69 70 70 69 66 63 60 56 53 50 45 40 43 53 61 65 68 68 65 62 57 56 59 62 63 58 52 44 38 34 29 27 30 38 44 48 50 50 50 49 48 45 41 38 32 27 27 31 36 44 50 53 54 55 56 57 58 58 60 62 65 65 61 57 55 56
64 62 62 62 61 59 56 54 51 46 40 40 44 50 53 50 47 50 56 61 64 64 64 64 66 67 68 67 66 67 67 68 69 69 68 67 64 60 58 55 48 41 41 50 58 62 66 68 66 63 57 54 57 60 62 58 52 44 37 31 26 26 32 40 45 49 50 49 49 49 48 46 41 34 27 24 26 32 38 44 47 50 52 53 54 55 55 56 59 62 65 64 59 55 53 55
63 62 62 61 59 58 55 53 50 45 40 39 42 45 46 45 48 53 60 65 68 68 66 66 67 67 67 66 66 66 66 67 69 70 70 69 67 64 62 58 50 41 40 47 57 63 66 67 66 64 56 52 55 60 62 58 52 45 37 28 23 25 33 40 45 48 49 48 48 48 47 46 42 34 26 22 24 32 39 42 45 48 50 51 52 53 53 55 58 61 64 62 57 52 51 54
61 60 59 58 57 56 54 51 48 44 40 38 38 40 44 47 52 58 63 66 69 69 68 67 67 68 67 66 65 65 66 66 68 69 70 70 68 67 64 60 51 41 38 47 60 65 67 67 67 64 54 50 54 59 61 58 52 45 36 27 23 27 34 39 43 46 47 47 46 46 45 44 41 34 26 22 24 32 38 41 43 48 51 50 49 50 52 55 57 59 60 59 54 49 48 51
61 59 57 57 56 54 52 50 47 45 43 40 38 38 44 50 56 61 65 67 68 69 69 69 68 68 67 66 64 65 65 66 68 69 69 69 68 68 66 60 51 40 38 49 62 66 66 66 67 64 55 48 51 57 60 58 52 45 36 27 24 29 33 35 39 43 44 44 43 43 42 42 40 34 26 22 23 31 37 39 43 48 51 48 46 47 51 56 58 58 58 55 51 47 46 48
62 59 57 57 56 54 52 50 48 47 45 42 39 39 45 51 57 63 66 67 67 67 68 69 68 67 67 65 64 63 64 65 67 69 68 67 66 67 66 60 50 39 37 48 61 66 66 65 65 64 55 47 48 55 59 56 50 44 37 28 24 27 28 30 35 38 38 38 38 39 39 38 36 32 26 22 23 29 34 37 42 48 50 47 44 47 51 56 58 59 57 52 48 44 43 46
63 60 58 57 56 54 52 51 50 47 44 40 39 42 49 55 60 63 65 66 66 66 66 67 67 66 66 65 63 62 63 65 66 67 67 66 64 64 65 60 50 39 36 45 57 64 65 62 61 61 54 46 47 52 55 51 45 42 37 29 24 24 24 25 29 31 31 31 32 34 34 33 32 29 25 21 21 26 30 34 40 45 47 45 43 45 50 53 55 55 54 49 43 40 40 44
62 60 58 57 56 55 54 52 50 45 41 38 40 46 53 59 62 64 65 65 66 65 65 66 66 65 65 64 62 61 62 64 65 65 64 64 62 61 62 59 50 39 35 43 55 61 62 60 56 54 50 45 46 50 49 45 41 39 36 32 27 26 24 23 24 24 25 26 28 29 30 29 28 25 22 20 20 23 28 33 38 42 43 42 40 43 47 49 49 49 49 45 39 37 40 45
61 59 58 57 56 55 55 54 49 44 39 39 42 48 55 61 63 64 65 65 65 64 64 64 64 64 63 62 60 60 61 63 64 63 62 61 60 58 59 57 48 38 37 45 53 55 57 57 51 48 47 43 43 45 43 39 37 35 34 34 33 31 27 23 20 20 22 23 24 25 25 26 24 21 19 19 19 22 27 31 34 37 39 37 37 42 45 45 43 44 45 41 35 34 39 45
61 59 58 57 56 55 55 54 49 44 39 40 44 50 56 61 63 64 65 65 64 64 63 62 63 63 63 61 59 59 61 63 63 62 61 59 57 56 56 55 47 37 37 46 50 50 53 54 49 45 44 41 39 40 38 35 33 31 30 32 34 33 30 25 21 19 21 22 21 21 22 23 21 19 17 18 19 21 25 28 31 33 34 34 36 41 44 42 40 40 41 38 32 31 37 45
61 59 58 57 56 55 53 51 48 43 39 41 45 50 56 60 62 64 64 64 63 63 62 61 61 63 63 61 59 58 59 61 62 61 60 58 56 54 52 51 46 37 37 44 48 47 50 51 47 43 41 37 35 36 34 31 29 26 25 26 29 31 31 27 23 22 24 24 23 22 21 21 19 18 17 17 18 20 23 25 28 30 31 30 33 40 42 40 36 36 38 36 30 28 34 42
63 59 57 56 55 54 51 48 45 41 39 42 46 50 55 58 60 62 64 63 62 61 60 59 60 62 62 61 58 56 58 60 61 60 59 58 56 53 50 49 44 38 36 41 44 44 46 48 45 41 38 34 32 31 30 28 25 22 20 21 23 26 27 24 23 26 29 29 27 25 23 21 19 17 17 17 17 18 19 22 25 27 28 27 31 37 40 37 33 33 34 33 29 26 31 38
65 61 58 55 53 51 50 47 43 38 39 44 48 50 53 56 58 60 62 62 61 59 57 57 59 61 62 62 58 55 56 59 59 58 57 57 56 54 52 49 45 41 37 36 38 40 44 44 41 37 34 32 30 29 27 25 23 20 19 21 21 21 21 21 24 30 33 33 31 28 25 23 20 18 17 16 16 16 16 18 22 24 26 26 29 34 37 34 31 30 30 30 28 26 28 35
65 61 57 54 51 49 48 46 41 37 39 45 49 50 52 54 56 58 61 61 59 57 56 56 58 60 62 62 58 55 56 58 58 57 55 56 55 54 53 51 47 43 38 33 33 37 41 41 38 34 32 30 28 27 25 24 22 19 19 21 21 19 18 20 26 31 34 34 32 29 26 24 21 19 17 16 16 16 15 16 18 21 24 25 27 32 34 31 28 26 26 27 27 24 26 31
64 60 56 53 50 48 45 42 39 39 43 48 50 51 52 54 56 57 58 58 57 56 55 55 57 58 60 60 57 55 56 56 57 56 54 54 54 54 54 52 48 44 39 33 31 34 38 38 36 33 31 29 27 26 25 23 21 19 20 22 23 21 19 22 28 32 35 35 33 30 27 25 22 20 18 17 16 16 15 15 16 18 20 22 25 29 31 28 25 23 23 23 23 21 24 29
61 58 53 49 46 44 40 38 40 45 50 51 51 51 52 53 55 56 56 55 55 54 54 54 55 57 58 58 55 54 55 55 55 54 53 52 52 51 52 52 49 45 40 34 30 30 34 36 34 32 30 28 27 26 23 21 20 20 23 26 26 23 21 25 30 33 35 35 33 30 28 26 24 21 20 18 17 16 16 16 17 18 18 18 20 24 27 25 21 20 19 19 19 18 23 28
56 53 50 44 40 37 36 40 47 52 53 52 51 51 51 52 54 54 54 53 52 51 52 52 53 55 56 56 53 52 54 54 53 52 51 49 48 49 50 51 48 46 41 36 30 27 30 33 32 31 29 27 26 25 22 20 20 24 28 29 28 24 23 27 31 35 37 36 34 31 29 27 25 22 20 19 18 18 18 18 19 19 18 17 16 18 22 22 19 17 17 17 17 16 19 26
49 47 45 39 34 35 40 46 51 54 53 52 51 51 50 50 51 51 52 52 51 49 49 50 51 53 54 54 51 50 52 52 51 50 49 46 45 47 49 48 46 44 41 36 30 26 28 30 30 29 28 26 24 22 21 22 25 29 31 31 29 25 26 29 32 36 38 37 35 33 30 28 25 23 21 21 21 21 21 20 20 20 20 19 18 17 18 18 17 18 20 20 18 16 16 21
45 42 38 34 34 39 45 50 53 53 52 51 51 51 49 48 48 49 50 52 51 48 47 48 50 52 53 53 49 49 51 50 50 49 47 44 43 47 48 45 42 40 38 34 29 26 27 29 29 28 27 24 21 20 21 26 29 31 33 32 29 25 27 30 33 36 38 38 37 35 31 29 26 25 24 23 23 23 22 21 20 21 22 23 23 22 18 18 21 25 25 23 21 17 15 17
45 40 35 32 36 42 46 50 51 50 49 49 50 51 49 46 46 47 48 50 51 48 46 46 49 51 52 51 47 47 49 49 49 48 47 44 42 44 44 41 37 35 34 31 28 25 25 27 28 27 25 22 20 20 25 30 32 33 34 33 30 27 27 30 33 37 39 39 39 36 33 31 28 27 26 25 24 24 23 22 22 23 24 26 30 32 31 31 33 34 30 26 22 18 15 15
48 43 36 33 35 38 42 45 45 44 43 44 46 48 48 45 43 44 45 47 48 49 46 44 47 50 52 50 45 45 47 48 48 47 46 45 41 39 38 35 32 30 29 27 26 24 24 25 26 25 22 22 23 23 27 32 35 35 35 34 31 28 29 32 35 37 39 40 41 39 36 34 31 30 29 27 26 25 26 26 27 27 28 32 37 42 45 46 45 41 36 30 24 19 15 13
51 48 41 34 31 32 33 35 36 37 38 40 41 43 44 43 42 42 43 44 45 48 46 43 44 49 50 49 44 44 46 46 46 45 44 43 40 36 33 31 29 27 26 25 24 24 23 23 23 22 23 27 30 28 27 31 35 36 36 34 32 29 31 35 37 39 40 42 42 42 39 37 35 34 33 30 28 30 32 34 34 33 32 37 43 49 53 54 52 48 41 34 27 21 16 13
56 53 47 41 36 33 30 29 29 30 32 34 36 38 39 39 39 40 40 41 43 45 45 41 42 46 47 46 43 43 45 45 45 43 41 39 37 34 31 29 27 26 26 25 24 23 22 21 21 24 28 34 35 32 28 29 33 35 36 35 33 31 32 36 39 40 42 43 43 44 42 40 39 38 37 33 30 34 39 41 41 40 38 40 46 52 57 59 57 52 44 36 29 24 17 13
59 56 52 49 45 39 34 30 28 28 28 30 31 33 34 35 37 38 39 39 40 42 42 39 40 43 44 44 41 41 44 44 43 41 38 36 34 31 30 28 27 26 26 25 23 23 21 21 24 29 34 37 38 34 30 29 31 35 36 36 35 32 32 36 38 41 43 44 45 45 44 43 43 41 40 36 32 38 44 47 47 46 43 43 46 53 59 62 60 55 47 39 32 27 20 15
62 60 58 55 50 44 39 34 32 32 31 30 29 29 29 30 32 35 36 36 37 39 39 37 38 41 41 41 38 40 43 42 41 39 35 33 31 30 28 27 26 26 26 24 23 22 22 25 29 33 37 39 38 35 31 29 31 34 37 37 36 34 33 36 38 40 43 45 46 47 47 47 47 44 43 38 35 41 48 52 54 52 49 46 47 52 58 61 60 56 48 41 35 30 23 19
67 65 63 58 52 48 44 39 38 39 40 38 34 31 29 28 28 29 30 31 33 35 35 34 35 38 39 38 36 38 40 40 38 36 33 31 30 29 28 27 26 26 26 24 23 22 24 29 34 37 39 40 38 35 32 30 32 35 37 38 37 36 35 37 39 41 43 44 46 49 50 52 51 48 46 40 37 44 51 57 60 59 55 51 49 51 55 58 58 56 50 45 40 35 27 22
72 70 66 60 55 50 45 43 43 45 46 44 41 37 33 31 29 27 26 27 28 30 30 30 31 34 35 35 34 36 38 37 35 33 32 31 30 30 29 27 26 26 25 24 22 22 26 32 36 39 40 40 38 36 32 31 34 37 38 38 38 37 36 38 41 43 44 45 47 49 53 55 54 52 49 42 39 45 51 58 64 64 60 55 51 51 55 57 56 54 52 50 45 39 30 23
75 73 68 62 56 51 47 47 48 50 48 45 42 40 37 35 33 31 28 26 26 26 26 26 27 28 30 31 31 33 34 34 33 32 31 30 29 29 28 27 26 25 24 23 22 24 28 33 38 40 40 40 39 36 33 34 37 38 39 40 40 39 37 38 41 44 46 48 49 50 52 55 56 55 51 44 40 45 51 58 65 66 63 59 55 54 56 57 55 53 52 52 48 40 30 22
75 74 69 63 58 54 52 52 53 53 50 46 43 41 38 37 35 33 31 29 28 27 26 26 26 26 26 27 29 31 32 31 31 31 31 30 29 27 27 26 25 25 24 22 23 27 30 35 39 40 41 41 40 36 34 37 39 40 40 41 41 39 38 38 41 45 47 49 52 52 52 54 57 56 51 44 42 45 50 57 63 67 66 63 59 58 58 58 55 51 49 49 45 36 27 20
74 73 70 65 61 59 58 58 58 57 53 48 44 41 39 38 37 34 34 33 32 31 29 28 27 26 25 25 26 28 29 29 29 29 29 28 26 25 25 25 24 24 23 23 26 29 33 37 39 40 41 41 39 36 36 39 41 42 42 43 42 41 40 39 42 46 49 51 54 56 55 54 56 55 49 44 44 47 51 56 61 66 67 65 62 62 61 59 55 51 47 42 37 29 21 16
72 72 70 67 64 63 62 62 62 59 54 50 46 43 42 41 38 36 36 35 34 33 31 31 31 29 27 26 25 25 26 27 27 27 26 25 24 24 23 23 23 23 23 24 27 31 34 37 39 41 42 41 40 37 38 42 44 45 45 45 44 44 43 41 42 45 49 52 56 59 59 56 56 55 48 45 48 51 54 56 61 64 64 63 62 63 63 60 56 52 46 36 25 18 14 12
70 71 71 70 67 66 64 63 62 59 55 50 46 45 45 43 40 38 37 36 35 34 33 34 34 31 29 28 26 25 25 25 25 25 24 24 24 24 23 23 23 23 23 27 30 31 34 37 40 41 43 43 42 40 39 44 47 48 48 47 46 47 46 44 43 45 50 54 58 61 62 59 58 56 49 48 51 55 58 60 62 63 60 58 58 60 61 59 55 50 43 31 17 11 11 12
70 69 71 71 69 67 65 64 62 59 53 48 46 47 48 47 44 41 39 38 37 35 35 36 35 33 32 31 30 28 26 25 24 24 24 24 24 24 24 24 23 23 25 29 32 33 34 36 39 42 45 48 47 44 41 44 48 50 51 50 49 49 49 47 45 48 51 55 59 63 64 62 61 58 51 49 53 57 62 65 65 62 58 54 53 56 58 57 53 48 40 26 14 10 12 14
70 68 68 70 70 68 65 62 60 56 51 48 48 50 51 50 47 43 42 41 39 37 38 37 36 34 34 33 32 31 29 27 25 24 24 24 25 25 25 25 24 24 26 30 34 36 36 37 38 41 45 50 51 47 43 43 47 50 52 52 52 52 51 48 47 50 52 55 59 63 65 65 63 59 52 50 54 59 63 66 65 61 57 53 49 51 54 53 50 46 38 25 13 10 12 14
69 67 66 68 69 68 64 60 57 54 51 50 53 54 55 52 48 45 44 42 40 40 39 38 37 36 35 34 33 32 31 30 28 26 25 26 25 25 25 25 25 25 26 30 35 38 39 40 41 41 44 48 52 50 45 43 45 49 52 53 54 54 53 50 48 51 55 57 59 63 66 67 64 59 53 52 55 60 63 64 61 58 55 52 48 46 47 48 47 45 38 25 13 10 11 14
67 66 65 66 68 68 64 60 57 56 54 54 57 59 58 54 50 47 45 43 41 42 41 40 38 38 37 36 34 34 33 32 30 29 29 29 27 26 26 26 26 26 28 31 35 38 41 43 45 45 43 45 49 51 48 45 44 48 52 55 56 57 55 52 51 52 56 60 61 63 67 68 66 60 55 54 57 60 61 60 56 53 51 48 46 44 42 42 42 41 37 26 14 10 11 14
65 64 63 65 67 67 65 62 60 59 57 57 59 62 60 55 51 48 45 44 44 44 43 41 39 38 39 38 37 36 35 33 32 32 33 33 30 28 26 26 26 27 29 34 37 40 44 47 49 50 47 45 47 51 51 48 45 47 52 57 59 60 58 54 53 53 56 60 63 65 69 71 69 64 59 57 59 60 59 57 54 52 49 45 43 43 41 37 36 36 34 27 15 10 11 15
65 62 61 64 66 66 66 65 63 62 60 59 61 62 60 56 53 50 45 45 47 47 45 43 41 40 41 41 39 38 37 36 35 34 35 36 34 31 29 28 29 29 31 36 41 44 47 50 51 53 52 48 48 50 53 51 48 47 51 57 60 62 60 57 56 54 54 58 62 67 71 73 73 67 62 61 61 61 59 58 56 54 51 46 41 40 39 36 32 31 31 26 17 11 11 15
65 61 60 62 65 65 65 66 66 64 62 61 63 63 60 57 54 49 45 47 49 49 47 44 44 44 44 43 41 40 40 40 38 36 37 39 37 34 32 32 33 32 32 37 44 48 51 52 53 56 55 51 49 50 53 52 50 48 50 55 59 62 62 60 58 55 55 57 61 66 71 75 75 70 66 65 64 63 62 60 59 56 53 48 42 37 35 34 31 28 27 23 17 11 10 15
67 62 59 60 63 63 64 66 67 66 65 64 65 64 61 57 53 48 46 49 51 50 48 46 46 47 46 44 44 44 44 43 41 40 41 42 41 38 36 37 38 36 33 37 45 50 53 55 56 57 57 52 49 50 52 53 52 50 49 52 56 60 62 61 60 57 58 61 61 64 69 74 75 74 71 70 68 66 65 61 59 56 53 49 43 36 31 32 30 27 22 19 14 11 10 15
68 63 59 58 60 61 62 65 66 67 66 66 66 64 61 57 53 48 47 50 53 52 49 48 49 49 48 47 47 47 47 46 43 43 44 44 44 41 39 41 43 41 37 37 43 48 52 55 57 58 58 55 51 51 51 53 54 53 51 51 52 57 60 61 61 59 61 65 65 65 67 71 74 76 75 74 71 68 65 61 57 53 49 45 40 35 30 28 27 25 20 15 12 9 10 17
69 65 59 56 57 58 60 63 64 66 66 66 65 63 59 56 53 50 49 52 55 54 52 50 51 51 51 51 51 50 49 47 44 45 47 46 46 44 42 44 46 45 42 39 41 46 50 54 57 59 59 58 55 53 51 53 55 55 53 52 52 54 57 60 60 60 62 66 69 69 69 71 73 75 75 73 72 68 65 61 56 51 47 43 40 36 33 29 26 23 19 14 10 9 12 19
68 66 60 56 55 56 58 61 63 64 65 64 63 61 58 56 54 52 51 53 55 56 54 53 53 54 54 55 55 53 51 47 45 47 49 49 49 47 45 47 49 48 46 42 42 45 49 53 57 59 60 60 59 56 53 53 55 57 55 53 53 54 56 58 59 60 61 65 68 71 71 72 73 75 73 70 69 68 65 60 56 52 48 46 43 40 36 32 28 24 19 13 10 10 15 21
68 66 61 56 54 54 56 59 61 62 63 63 61 60 59 58 56 53 52 53 55 57 57 57 56 56 57 58 57 54 51 48 47 49 51 52 52 50 49 50 52 51 49 46 45 46 49 53 56 58 60 61 61 59 54 53 56 58 58 56 55 56 57 58 58 59 61 64 67 69 71 72 72 73 72 68 64 63 61 57 53 50 48 47 44 40 36 33 30 26 21 14 10 11 17 21
66 65 61 56 53 52 53 56 59 61 62 60 59 60 59 58 56 54 53 53 55 57 59 59 58 58 59 59 57 55 52 49 49 51 53 54 54 53 52 53 54 54 52 50 48 47 50 54 56 57 58 61 62 61 56 55 57 59 60 59 58 58 59 59 58 58 62 66 68 69 69 70 71 72 72 69 64 60 58 54 49 46 45 44 40 36 32 30 28 26 21 14 9 11 16 19
63 64 61 57 54 52 51 55 59 61 60 58 56 57 57 57 56 54 54 54 54 56 58 58 57 57 58 57 55 54 52 50 51 52 54 56 56 55 55 56 56 55 54 53 51 49 51 54 56 57 58 60 62 61 59 58 59 60 61 61 61 61 60 58 56 58 62 67 70 71 68 68 70 72 72 71 68 64 61 55 48 44 43 41 38 34 31 29 27 24 18 13 8 10 13 17
60 61 60 59 57 53 50 54 59 60 59 56 54 53 53 54 55 54 54 54 54 55 56 56 56 56 57 56 55 53 53 53 53 54 55 56 57 57 58 58 58 57 56 56 54 52 52 53 55 57 58 60 61 61 60 60 60 60 61 62 62 61 57 55 55 57 62 67 71 70 66 66 69 71 70 70 70 67 65 58 52 48 46 44 41 39 36 33 28 23 17 12 8 7 11 14
