geo_cache/6-2/elevation.txt
ncols         942
nrows         918
xllcorner     -71.03333333333333
yllcorner     42.256
cellsize      1.0E-5
NODATA_value  -9999
[rows 328 to 409 of 918, columns 0 to 95 of 942]
26 27 28 28 25 26 33 37 40 44 46 47 47 45 43 41 41 40 38 38 37 36 35 35 34 33 32 32 31 31 30 28 26 25 24 23 22 21 21 20 18 16 14 12 11 10 8 8 8 8 8 8 8 8 8 9 9 10 11 12 13 14 15 14 12 11 11 9 7 7 6 4 2 2 2 2 3 3 3 3 2 3 3 2 2 2 3 3 3 3 2 2 2 3 3 3
26 27 28 28 24 24 30 34 36 40 42 43 42 42 40 37 37 35 34 34 33 32 31 31 31 30 30 30 30 30 29 28 26 26 24 23 22 22 22 21 20 19 16 14 12 10 9 8 8 8 8 7 7 7 7 8 9 9 9 9 10 11 11 11 10 10 9 8 7 6 5 4 3 2 2 2 3 3 3 3 3 3 3 2 2 2 3 3 3 3 2 2 2 3 3 3
25 27 27 27 24 23 27 29 31 34 37 39 38 37 36 34 32 30 30 29 29 28 28 28 28 28 28 27 27 27 27 27 25 24 23 23 22 22 22 22 21 20 19 16 14 12 10 8 8 8 7 7 7 7 7 7 8 8 8 8 8 9 9 10 9 8 8 7 6 6 5 4 3 3 3 2 3 3 3 3 3 3 3 3 3 3 3 3 2 2 2 3 3 3 3 3
24 25 26 25 23 22 24 25 27 28 30 32 33 33 32 30 28 26 25 25 25 25 25 25 25 25 25 25 25 24 24 24 22 22 21 21 21 21 21 21 21 20 20 17 15 13 12 10 8 8 7 6 6 6 5 6 6 7 7 7 7 7 7 8 8 7 6 6 5 5 5 3 3 3 3 3 3 3 3 3 3 3 3 2 2 2 3 3 2 2 2 3 3 3 3 3
23 24 24 23 22 21 22 23 24 24 24 24 26 26 26 26 24 22 21 20 20 21 21 22 22 23 23 23 23 22 21 20 20 20 20 20 20 21 21 20 20 20 20 18 16 14 13 10 9 8 7 6 6 6 5 5 6 6 6 6 6 6 6 7 6 5 5 5 5 5 4 3 3 3 3 3 3 3 3 3 3 3 3 2 2 2 3 3 3 3 3 3 3 3 3 3
20 21 22 21 21 20 21 21 21 21 20 20 20 19 19 19 18 18 17 17 17 17 18 18 19 20 21 21 21 20 19 17 17 17 17 17 17 18 18 18 18 17 18 17 17 15 14 12 11 9 7 6 5 5 5 4 4 5 5 5 5 5 5 5 5 5 4 4 4 4 4 3 3 3 2 2 3 3 3 3 2 3 2 2 2 3 3 3 3 3 3 3 3 3 3 3
17 18 19 18 20 20 20 20 19 18 17 17 15 15 15 14 14 14 14 15 15 16 16 17 17 18 18 19 19 18 17 16 15 15 15 16 16 16 16 16 16 16 16 16 16 15 14 13 13 12 9 7 6 5 5 4 4 5 5 5 4 4 4 4 4 4 4 4 4 4 3 3 3 3 2 2 3 3 3 3 2 3 2 2 2 3 3 3 3 3 3 3 3 3 3 3
15 15 15 16 17 18 18 18 16 15 14 13 11 11 11 11 11 12 13 13 14 14 15 15 16 17 17 17 17 17 16 15 14 13 13 14 14 14 14 14 14 14 14 14 14 13 13 12 13 13 10 8 6 6 5 4 4 4 4 4 3 3 3 3 3 3 3 3 3 3 3 3 3 3 3 3 3 3 3 2 2 3 3 3 3 3 3 3 2 2 2 3 3 3 3 3
14 14 14 14 15 16 17 17 14 12 11 9 9 9 9 10 10 11 12 12 13 14 15 15 16 17 17 17 17 17 16 14 13 12 12 13 13 12 12 11 11 11 11 11 11 10 10 10 11 10 9 8 6 6 5 4 3 3 3 3 3 3 3 3 3 3 3 3 3 3 3 3 3 3 3 2 3 3 3 2 2 3 3 3 3 3 2 2 2 2 2 3 3 3 3 2
11 11 12 12 12 13 16 16 13 10 8 7 7 7 8 9 10 11 13 15 16 16 16 17 18 18 19 17 17 17 16 14 13 12 11 11 10 10 9 8 8 8 8 8 8 7 7 7 8 8 8 7 6 6 5 4 3 3 3 3 3 3 3 3 3 3 3 3 3 3 3 3 3 3 2 2 3 3 3 2 2 3 3 3 3 3 2 2 3 3 3 3 3 3 3 2
10 10 10 11 11 11 13 13 11 8 6 6 6 6 8 10 12 14 16 18 19 20 20 21 21 21 22 20 19 18 16 15 13 12 11 10 9 8 8 8 7 7 7 6 5 4 3 3 4 5 6 6 5 5 4 3 3 3 3 3 3 3 3 3 3 3 3 3 3 3 3 3 3 3 2 2 3 3 3 2 2 3 3 3 3 3 3 2 2 2 2 3 3 3 3 3
9 8 8 9 9 8 10 10 8 6 5 5 5 6 10 13 15 17 20 21 23 24 24 25 25 25 25 24 23 21 19 18 16 14 11 10 9 8 8 7 7 6 5 4 3 3 3 3 3 4 4 5 5 4 4 3 2 3 3 3 3 3 3 3 3 3 3 3 3 3 3 3 3 3 3 2 3 3 3 3 3 3 3 3 3 3 3 2 2 2 2 3 3 3 3 3
9 8 8 8 8 7 7 6 7 8 5 5 5 7 11 15 18 21 24 26 28 28 29 29 29 29 29 28 27 25 22 21 19 17 14 12 10 9 8 7 7 5 4 4 3 3 3 3 3 3 3 4 4 4 3 3 2 3 3 3 3 3 3 3 3 3 3 2 2 2 3 3 3 3 3 3 3 3 3 3 3 3 3 3 3 3 3 3 3 3 3 3 3 3 3 3
9 8 7 7 6 5 5 4 7 8 7 5 5 7 11 16 21 25 28 30 32 34 34 34 33 33 32 31 30 29 27 25 23 21 18 16 13 12 10 9 7 6 5 4 3 3 3 3 3 3 3 3 3 3 3 3 3 3 3 3 3 2 2 2 3 3 3 3 3 3 4 5 6 6 5 5 5 4 4 4 4 4 4 3 3 3 3 3 3 3 4 4 3 3 3 3
9 8 8 7 6 5 4 4 4 8 9 6 5 5 11 16 22 26 31 34 36 38 39 39 40 39 37 36 34 33 31 29 28 26 22 19 16 15 13 12 10 7 5 4 3 3 3 3 3 3 3 3 3 3 3 3 3 3 3 3 3 2 2 2 3 3 3 3 4 4 5 7 8 9 9 9 8 8 7 7 7 7 7 5 4 4 3 4 4 4 4 4 4 4 4 4
8 8 8 8 6 5 3 3 3 4 9 7 5 5 8 15 20 26 32 38 40 42 43 44 44 44 44 43 41 39 37 34 32 30 28 25 22 20 17 15 13 10 6 5 4 3 3 3 3 3 3 3 3 3 3 3 3 3 3 3 3 3 3 3 3 3 3 4 5 6 8 9 11 13 13 13 13 13 13 13 12 11 10 8 5 5 5 4 4 4 5 5 5 5 5 5
6 6 6 6 6 5 3 3 3 3 4 4 5 5 6 11 16 22 31 38 41 45 47 47 47 47 47 46 46 45 43 40 38 34 32 30 28 26 23 19 17 14 10 7 5 4 3 3 3 3 3 3 3 3 2 2 2 2 2 3 3 3 3 3 3 3 4 5 5 6 8 10 12 15 15 16 16 17 17 17 17 16 15 12 6 6 5 5 5 5 5 6 6 6 6 5
5 5 5 5 5 5 4 3 3 3 3 3 5 5 4 7 12 17 27 35 41 45 47 47 48 49 50 50 49 49 48 46 44 41 39 36 32 30 27 24 21 18 14 11 7 6 5 5 4 3 3 3 3 3 2 2 2 2 2 3 3 3 3 3 3 4 4 5 6 7 8 11 14 15 16 18 19 18 19 19 18 19 19 16 7 7 6 6 5 5 6 6 7 7 6 5
5 5 5 5 5 5 4 3 3 3 3 3 3 3 3 5 7 12 22 32 39 43 45 47 48 50 51 51 52 52 52 50 49 47 46 44 40 36 32 29 26 23 19 16 12 9 7 6 5 4 4 3 3 3 3 3 2 3 3 3 3 3 3 3 5 5 5 6 6 7 8 11 14 15 16 18 19 18 17 17 17 18 19 17 10 8 7 6 5 5 6 6 7 7 7 7
5 5 5 5 5 4 4 3 3 3 3 3 3 3 3 4 6 7 15 28 35 40 44 45 48 50 51 52 53 54 53 53 52 51 49 48 46 43 40 35 31 27 24 21 17 13 11 7 6 5 4 3 3 3 3 3 2 3 3 3 3 3 3 4 5 6 6 6 7 7 8 11 12 13 15 16 17 16 16 16 16 17 18 16 11 8 6 6 5 5 6 6 7 8 8 8
5 5 5 5 5 4 4 3 3 3 3 3 4 4 3 3 5 6 10 20 30 36 41 43 45 48 50 51 52 54 54 53 52 52 51 50 48 46 45 41 36 32 29 25 22 18 14 11 8 6 5 4 3 3 3 3 2 3 3 3 3 3 3 4 5 6 6 6 7 8 8 9 10 11 11 12 12 12 13 14 14 15 15 13 9 7 6 5 5 5 7 7 7 8 8 9
6 5 5 5 5 4 4 3 3 3 3 4 5 5 3 3 4 6 7 14 24 32 37 40 43 45 48 49 50 52 53 53 52 52 51 51 49 47 46 44 41 37 34 30 27 22 18 15 11 7 5 4 4 4 3 3 3 3 3 3 3 3 3 4 5 5 6 7 7 8 8 9 9 9 8 8 9 10 10 11 10 10 10 9 8 7 6 6 6 6 7 8 8 9 9 9
7 5 5 5 5 4 4 3 3 3 3 3 5 5 5 3 4 6 6 9 19 27 33 37 41 43 45 48 49 50 50 51 51 51 50 50 49 47 47 45 43 39 36 33 30 27 23 18 14 10 7 5 5 4 4 3 3 2 2 2 2 2 3 3 4 5 6 7 7 7 8 9 9 7 6 6 7 8 9 9 9 7 7 7 7 7 6 6 6 6 7 8 9 9 9 10
8 6 5 5 5 4 4 3 3 3 3 3 5 5 6 4 5 6 6 8 15 23 29 33 39 42 43 46 47 48 49 50 50 50 49 49 48 47 47 46 44 41 37 34 31 29 25 20 16 12 9 6 5 5 4 3 3 2 2 2 2 2 3 3 4 5 6 6 6 7 8 8 7 6 6 6 6 6 7 7 6 6 6 6 6 7 6 6 6 6 6 7 8 9 9 10
12 10 6 5 5 4 4 3 3 3 3 3 4 5 5 5 4 6 6 6 10 18 24 28 34 38 41 44 45 46 47 47 47 48 48 47 47 46 46 45 44 41 38 36 33 31 29 24 20 16 12 8 6 5 4 3 3 2 2 2 3 3 3 3 4 5 6 6 6 5 5 6 5 5 5 5 6 6 6 6 6 6 6 6 6 6 6 6 6 6 6 6 7 8 9 10
18 14 10 5 5 5 4 4 4 3 3 3 4 4 5 5 4 6 6 6 6 12 16 20 27 31 35 39 41 43 45 45 45 45 45 45 45 45 44 43 41 39 38 36 34 32 30 27 22 19 16 11 7 6 5 4 3 2 2 2 3 3 3 3 3 4 5 5 5 5 5 5 5 5 5 4 6 6 6 6 6 6 6 6 6 6 6 6 6 6 6 6 7 8 8 9
26 19 14 10 6 5 5 4 4 3 3 3 4 4 4 4 3 6 8 6 4 7 10 13 19 24 28 31 35 38 41 42 42 42 41 41 41 41 40 39 37 37 36 35 34 32 30 27 23 20 17 13 9 8 7 5 3 3 3 3 3 3 3 3 3 4 5 5 5 5 5 5 5 5 5 4 6 6 6 6 6 6 6 6 6 6 5 5 6 6 6 6 7 8 8 9
30 26 21 15 11 7 5 4 4 3 3 3 4 4 3 3 4 7 8 6 3 4 6 8 11 16 20 26 30 33 35 36 38 38 37 38 37 36 36 35 34 34 33 33 32 31 30 27 24 20 16 13 9 9 7 5 3 3 3 3 4 4 4 4 4 4 4 5 5 5 5 5 5 5 5 5 6 6 6 6 6 6 6 6 6 6 5 5 6 8 8 8 8 8 8 8
31 28 25 20 16 11 7 4 4 3 3 3 3 3 3 3 6 7 8 7 3 3 4 5 7 10 13 17 23 28 30 32 33 33 33 34 33 33 32 31 31 30 30 30 29 29 27 25 22 18 13 10 9 8 6 5 4 4 4 4 4 4 4 5 5 5 4 5 5 5 4 4 5 5 5 5 6 6 6 6 6 6 6 6 6 6 6 7 8 11 11 11 11 11 10 10
29 28 25 22 18 13 10 6 4 3 3 3 3 3 3 3 4 5 8 8 3 3 3 3 4 6 8 11 15 19 22 26 28 28 28 28 28 29 28 28 28 27 27 26 25 25 24 22 20 17 12 9 8 8 6 5 5 5 5 5 5 5 5 5 6 5 5 4 4 4 4 4 5 5 5 5 5 6 6 5 5 5 5 6 6 6 10 11 12 14 14 13 13 12 11 11
25 24 22 21 17 14 11 8 5 4 3 3 3 3 3 3 3 3 7 7 3 3 3 3 3 3 3 6 9 12 14 16 19 21 22 22 23 23 23 23 23 22 21 20 19 18 17 16 16 14 11 9 7 6 5 5 5 5 5 5 6 6 6 6 5 5 4 4 4 4 4 4 4 4 5 5 5 6 6 5 5 5 5 6 6 8 12 14 16 17 17 16 15 15 14 13
21 20 19 18 17 15 11 8 6 4 3 3 3 3 3 3 3 3 4 4 3 3 3 3 3 3 3 3 4 7 9 11 13 14 15 16 16 17 17 17 16 16 15 14 13 12 11 11 11 10 8 7 6 5 5 5 5 5 5 5 5 6 6 6 5 5 4 4 4 4 4 4 4 4 4 5 5 6 6 6 5 5 5 6 8 13 15 18 19 20 20 19 19 18 17 16
18 17 17 16 15 14 10 8 7 5 3 3 3 3 3 3 3 4 4 4 3 4 5 5 4 3 3 3 3 3 5 7 8 10 10 11 11 12 12 12 11 11 10 9 8 8 8 8 7 7 6 5 5 4 4 4 4 4 4 5 5 5 5 5 5 5 4 4 4 4 3 3 4 4 4 5 5 6 6 5 5 4 5 6 13 17 19 21 21 21 22 22 21 21 20 19
16 15 14 13 12 11 9 7 6 5 4 3 3 3 3 3 4 6 7 5 3 4 6 6 5 4 3 3 3 3 3 3 4 6 6 7 7 7 7 7 7 7 7 6 6 6 6 6 6 6 5 4 4 4 4 4 4 4 4 5 5 5 5 5 5 4 4 3 3 3 3 3 3 3 4 5 5 6 6 5 4 4 5 9 15 19 23 24 24 25 25 24 24 23 23 22
12 11 10 9 9 8 7 6 5 4 3 3 3 3 3 4 5 8 8 5 4 5 6 6 5 5 3 3 3 3 3 3 3 3 3 3 4 4 3 3 3 4 4 4 5 5 5 5 4 4 4 3 3 3 3 2 3 4 4 5 5 5 5 5 4 4 3 3 3 3 3 3 3 3 4 5 5 6 6 5 4 3 5 13 15 21 26 27 27 28 28 28 27 26 24 24
8 8 7 6 6 6 5 5 5 4 3 3 3 3 3 4 7 9 9 5 5 7 6 4 4 4 3 3 3 3 3 3 3 3 3 3 3 3 3 3 3 3 3 3 4 4 4 4 4 3 3 3 3 3 3 2 3 4 5 5 5 5 5 5 4 4 3 3 3 3 3 3 3 3 4 5 5 5 5 4 2 3 8 14 15 21 27 28 29 30 30 30 30 29 28 26
7 6 6 5 5 5 5 4 4 3 3 3 3 3 4 7 8 9 9 8 8 7 3 3 3 3 3 3 3 3 3 3 3 3 3 3 3 3 3 3 3 3 3 3 3 4 4 3 3 3 3 2 2 2 2 2 3 3 4 5 5 5 4 4 4 4 3 3 3 3 3 3 3 3 4 5 4 4 4 2 2 6 10 14 15 18 27 29 30 31 32 31 31 30 30 29
6 5 5 5 5 5 4 4 4 3 3 3 3 4 7 9 8 6 6 6 5 3 2 2 3 3 3 3 3 3 3 3 3 3 3 3 3 4 4 3 3 3 3 3 3 3 3 3 3 2 2 2 2 2 2 2 2 2 3 3 4 4 4 4 4 4 3 3 3 3 2 2 3 3 4 5 4 3 2 2 3 5 9 14 15 17 23 30 31 33 34 34 35 33 32 31
6 5 5 5 5 5 4 4 4 3 3 3 5 8 9 8 5 5 4 3 3 2 2 2 3 3 3 3 3 3 3 3 3 3 3 3 4 5 5 4 4 3 3 3 3 3 3 2 2 2 2 2 2 2 2 2 2 2 2 3 3 4 4 4 4 4 3 3 3 3 2 2 2 2 4 4 2 2 2 2 4 5 9 14 15 16 18 26 32 33 34 35 36 35 34 33
6 6 6 5 5 5 4 4 4 3 3 4 9 9 7 5 4 4 3 3 3 3 3 3 3 3 3 3 3 3 3 3 3 3 3 3 5 5 5 6 6 4 3 3 3 3 2 2 2 2 2 1 1 1 1 2 2 2 2 3 3 4 4 4 4 4 3 3 3 3 2 2 2 2 3 2 2 2 2 3 4 5 6 10 12 14 17 20 29 32 34 35 36 36 36 35
7 7 7 7 6 6 5 5 4 3 3 5 8 6 4 4 3 3 3 3 3 3 3 3 3 3 3 3 3 3 3 3 3 3 3 3 4 5 5 6 8 8 6 3 3 3 2 2 2 2 1 1 1 1 1 1 2 2 2 3 3 4 4 4 4 4 3 3 3 3 2 2 2 2 2 2 2 2 2 3 4 5 5 5 8 13 17 17 25 31 33 34 36 36 36 36
9 9 9 9 10 9 8 8 8 5 3 3 3 3 3 3 3 3 3 3 3 3 3 3 3 3 3 3 3 3 3 3 3 3 3 3 4 4 4 5 5 7 5 3 4 4 2 2 2 2 1 1 1 1 1 1 2 3 3 3 3 4 4 4 4 4 3 3 2 2 2 2 2 2 2 2 2 2 2 3 3 5 4 4 6 9 13 16 22 26 31 33 34 35 36 36
11 11 12 12 12 12 12 11 9 7 5 3 3 3 3 3 3 3 3 3 3 3 3 3 3 4 4 3 3 3 3 3 3 3 3 3 3 3 3 4 4 5 4 3 4 5 3 2 2 2 1 1 1 1 1 1 3 3 3 3 3 5 5 5 5 5 3 3 2 2 2 2 2 2 2 2 2 3 3 3 4 5 3 4 5 7 9 12 17 19 25 29 32 34 35 35
14 14 14 15 15 15 14 13 10 9 8 6 4 4 3 3 3 3 3 3 3 3 4 4 4 4 4 4 4 3 3 3 3 3 3 3 3 3 3 3 3 4 3 2 2 3 3 3 3 2 1 0 0 0 0 1 2 3 3 3 3 4 5 5 5 5 3 3 3 2 2 2 2 2 2 2 2 2 2 3 4 3 3 3 3 4 7 8 11 13 17 22 25 31 33 34
19 19 19 19 17 17 16 15 14 12 11 10 8 6 5 4 3 3 3 3 3 4 4 4 4 4 4 4 4 4 3 3 3 3 3 3 3 3 3 3 3 3 2 2 2 2 3 3 3 2 0 0 0 0 0 0 2 2 2 3 3 4 4 4 4 4 3 2 2 2 2 1 1 1 2 2 2 2 2 3 3 2 2 3 3 3 5 6 7 8 11 15 16 22 28 31
25 25 25 24 22 22 21 19 17 15 14 14 13 10 7 5 4 4 4 4 4 4 4 4 4 4 4 4 4 4 3 3 3 3 3 3 3 3 3 3 3 3 2 2 2 2 1 1 1 0 0 0 0 0 0 0 0 1 2 2 3 3 3 3 3 2 2 2 2 2 1 1 1 1 1 2 2 2 2 3 2 2 2 2 2 2 3 4 6 6 7 9 10 12 17 25
31 31 30 30 28 28 27 25 23 20 18 16 15 14 12 9 6 6 5 5 5 5 5 5 5 5 4 4 4 4 4 3 3 3 3 3 3 3 3 3 3 2 2 2 2 1 0 0 0 0 0 0 0 0 0 0 0 0 1 2 2 2 3 3 2 2 2 1 1 1 1 1 1 1 1 2 2 2 2 2 2 2 2 2 2 2 3 4 5 5 5 6 6 7 10 15
37 38 38 37 35 33 31 30 29 27 23 21 18 16 15 14 11 9 7 5 5 5 5 5 5 5 5 4 4 4 4 4 3 3 3 3 3 3 3 3 3 2 2 2 2 1 0 0 0 0 1 1 1 0 0 0 0 0 0 0 0 1 1 1 1 1 1 1 1 1 1 1 1 1 1 1 2 2 2 2 2 2 2 2 2 2 3 3 3 4 4 4 4 5 6 9
39 41 42 42 42 41 39 35 34 33 30 27 23 21 19 18 15 13 10 8 6 5 5 5 5 5 5 5 5 4 4 4 4 4 4 4 4 4 4 4 4 4 4 4 3 3 2 3 3 3 3 2 2 1 1 0 0 0 0 0 0 0 1 1 1 1 1 1 1 1 1 1 1 1 1 1 2 2 2 2 2 2 2 2 2 2 3 3 3 3 3 3 3 4 5 6
39 42 43 44 44 45 44 41 40 39 37 35 31 26 24 22 20 17 15 12 10 7 7 6 6 6 5 5 5 5 5 4 4 4 4 4 4 5 5 6 7 8 8 7 7 6 6 5 6 6 4 4 3 3 2 1 0 0 0 0 0 0 0 0 0 0 0 0 0 0 0 1 1 1 1 1 2 2 2 2 2 2 2 2 2 2 2 3 3 3 3 3 3 4 4 5
35 40 42 44 45 45 45 45 45 44 43 41 39 35 30 27 25 23 20 17 13 11 9 8 7 6 5 5 5 5 5 5 5 5 5 5 5 5 5 7 8 10 12 11 11 11 11 10 10 8 6 5 4 4 3 2 1 0 0 0 0 0 0 0 0 0 0 0 0 0 0 0 1 1 1 1 2 2 2 2 2 2 2 2 2 2 2 2 3 3 2 2 3 3 4 4
32 35 39 42 45 45 46 47 48 47 46 44 43 41 35 33 31 28 26 22 18 14 12 10 9 7 5 5 5 5 5 5 5 5 5 5 5 5 5 8 10 12 14 14 14 14 14 14 13 11 9 6 5 4 4 3 2 1 2 0 0 0 0 0 0 0 0 0 0 0 0 0 1 1 1 1 2 2 2 2 2 2 2 2 2 2 2 2 2 2 2 2 3 3 3 3
29 31 35 37 40 43 45 47 48 48 47 46 45 44 42 39 37 34 31 28 23 17 15 13 12 9 6 5 5 5 5 5 6 6 6 5 5 5 5 7 10 13 15 17 16 16 16 15 14 12 9 6 5 5 4 3 2 2 2 1 0 0 0 0 0 0 0 0 0 0 0 0 1 1 1 1 2 2 2 2 2 2 2 2 2 2 2 2 2 2 2 2 3 3 3 3
24 27 30 33 35 38 41 44 48 48 48 46 45 45 45 45 44 44 41 36 29 24 20 16 13 12 9 7 6 6 6 6 6 6 6 5 4 4 4 6 8 12 15 16 16 16 16 15 13 9 7 6 5 4 3 3 3 3 3 2 1 0 0 0 0 0 0 0 0 0 0 0 1 1 1 2 2 2 2 2 2 2 2 2 2 2 2 2 2 2 2 2 2 2 2 2
18 22 24 27 30 33 36 39 43 45 46 46 45 45 45 45 46 45 44 42 36 31 27 22 18 14 12 10 8 7 6 6 6 6 5 4 3 3 3 4 6 8 10 12 13 13 11 9 8 6 6 5 3 2 2 3 3 3 3 3 2 0 0 0 0 0 0 0 0 0 0 0 1 1 1 1 2 2 2 2 2 2 2 2 2 2 2 2 2 2 2 2 2 2 2 2
12 15 18 20 23 26 29 31 34 36 39 41 43 44 44 44 45 45 45 43 39 38 34 30 24 18 14 12 9 8 7 6 5 5 4 3 3 3 3 3 4 6 7 8 8 7 5 5 5 4 3 3 2 2 2 3 3 2 2 1 0 0 0 0 0 0 0 0 0 0 0 0 1 1 1 1 1 1 1 1 2 2 2 2 2 2 2 2 2 2 2 2 2 2 2 2
9 11 13 15 16 19 21 23 24 26 28 31 35 37 38 40 40 40 41 41 39 37 35 33 28 21 16 13 10 8 7 5 4 3 3 2 2 2 2 2 3 3 4 5 5 4 3 3 3 2 2 3 2 2 2 2 2 2 1 0 0 0 0 0 0 0 0 0 0 0 0 0 1 1 1 1 1 1 1 1 2 2 2 2 2 2 2 2 2 2 2 2 2 2 2 2
6 7 8 11 11 12 14 16 17 18 20 21 23 25 29 32 33 34 35 35 33 31 33 32 28 23 18 14 10 9 7 4 3 2 2 2 2 2 2 2 2 3 3 3 4 3 2 2 1 1 1 1 1 1 1 1 1 0 0 0 0 0 0 0 0 0 0 0 0 0 0 0 1 1 1 1 1 1 1 1 2 2 2 2 2 2 2 2 2 2 2 2 2 2 2 2
5 5 6 7 6 7 10 12 12 13 13 14 15 16 20 23 26 27 26 26 26 26 27 26 25 22 17 13 10 9 7 5 3 2 2 2 2 2 2 2 2 3 3 3 2 2 1 0 0 0 0 0 0 0 0 0 0 0 0 0 0 0 0 0 0 0 0 0 0 0 0 0 1 1 1 1 1 1 1 1 2 2 2 2 2 2 2 2 2 2 2 2 2 2 2 2
5 5 5 5 5 6 6 7 8 9 9 11 11 11 13 16 20 20 20 20 20 20 20 20 19 16 13 10 10 8 7 5 4 2 2 2 2 2 2 2 2 3 2 2 2 1 0 0 0 0 0 0 0 0 0 0 0 0 0 0 0 0 0 0 0 0 0 0 0 0 0 1 1 1 1 1 1 1 1 2 2 2 2 2 2 2 2 2 2 2 2 2 2 2 2 2
5 5 5 5 5 5 5 5 6 7 8 9 10 10 11 14 15 16 16 15 15 14 15 15 14 12 10 9 8 7 6 5 4 3 2 2 2 2 2 2 2 2 2 1 0 0 0 0 0 0 0 0 0 0 0 0 0 0 0 0 0 0 0 0 0 0 0 0 0 0 0 1 1 1 1 1 1 1 1 2 2 2 2 2 2 2 2 2 2 2 2 2 2 2 2 2
5 5 5 5 5 5 5 5 5 6 7 8 9 9 13 13 13 13 11 9 10 11 11 11 9 8 8 8 7 6 5 4 3 3 2 2 2 2 2 2 2 2 1 0 0 0 0 0 0 0 0 0 0 0 0 0 0 0 0 0 0 0 0 0 0 0 0 0 0 0 0 1 1 1 1 1 1 1 1 2 2 2 2 2 2 2 2 2 2 2 2 2 2 2 2 2
5 5 5 5 5 5 5 5 5 5 6 7 7 9 12 12 11 9 6 6 5 6 6 6 6 5 5 5 5 4 3 3 2 2 2 1 1 1 1 1 1 2 3 0 0 0 0 0 0 0 0 0 0 0 0 0 0 0 0 0 0 0 0 0 0 0 0 0 0 0 0 1 1 1 1 1 1 1 1 1 1 1 2 2 2 2 2 2 2 2 2 2 2 2 2 3
5 5 5 5 5 5 5 5 5 5 5 6 6 7 7 8 6 5 5 5 4 4 4 4 4 4 4 3 3 3 3 2 2 2 2 1 1 1 1 1 1 5 4 1 0 0 0 0 0 0 0 0 0 0 0 0 0 0 0 0 0 0 0 0 0 0 0 0 0 0 0 1 1 1 1 1 1 1 1 1 1 1 2 2 2 2 2 2 2 2 2 2 2 2 2 3
5 5 5 5 5 5 5 5 5 5 5 5 5 5 5 5 5 4 4 4 3 3 3 3 3 2 2 2 2 2 2 2 2 2 2 1 1 1 1 1 2 5 4 1 0 0 0 0 0 0 0 0 0 0 0 0 0 0 0 0 0 0 0 0 0 0 0 0 0 0 1 1 1 1 1 1 1 1 1 1 1 2 2 2 2 2 2 2 2 2 2 2 2 3 3 3
5 5 5 5 5 5 5 4 4 4 4 4 5 5 5 4 4 4 4 3 3 3 2 2 2 2 2 2 2 2 2 2 2 2 2 1 1 1 1 2 4 5 4 2 0 0 0 0 0 0 0 0 0 0 0 0 0 0 0 0 0 0 0 0 0 0 0 0 0 1 1 1 1 1 1 1 1 1 1 1 1 2 2 2 2 2 2 2 2 2 2 2 2 3 3 3
5 5 5 5 5 5 5 4 4 4 4 4 4 4 4 4 3 3 3 3 2 2 2 2 2 2 2 2 2 2 2 1 1 1 1 1 1 1 1 4 6 4 3 3 0 0 0 0 0 0 0 0 0 0 0 0 0 0 0 0 0 0 0 0 0 0 0 1 1 1 1 1 1 1 1 1 1 1 1 1 1 2 2 2 2 2 2 2 2 2 2 2 2 3 3 3
5 5 5 5 6 6 5 5 5 4 4 4 4 4 4 3 3 3 3 2 2 2 2 2 2 2 2 2 2 2 2 1 1 1 1 1 1 1 2 5 6 1 0 0 0 0 0 0 0 0 0 0 0 0 0 0 0 0 0 0 0 0 0 0 0 0 1 1 1 1 1 1 1 1 1 1 1 1 1 2 2 2 2 2 2 2 2 2 2 2 2 3 3 3 3 3
5 5 5 5 5 5 5 5 5 5 4 4 3 3 3 3 2 2 2 2 2 2 2 2 2 2 1 1 1 1 1 1 1 1 1 1 1 1 2 5 5 0 0 0 0 0 0 0 0 0 0 0 0 0 0 0 0 0 0 0 0 0 0 0 0 0 1 1 1 1 1 1 1 1 1 1 1 1 1 2 2 2 2 2 2 2 2 2 2 2 2 3 3 3 3 3
5 5 5 5 5 5 5 5 5 5 5 4 3 3 3 3 2 2 2 2 2 2 2 2 1 1 1 1 1 1 1 1 1 1 1 1 1 1 2 2 1 0 0 0 0 0 0 0 0 0 0 0 0 0 0 0 0 0 0 0 0 0 0 0 1 1 1 1 1 1 1 1 1 1 1 1 1 2 2 2 2 2 2 2 2 2 2 2 2 2 2 3 3 3 3 3
5 4 4 4 4 4 4 4 4 5 5 4 3 3 3 3 2 2 2 2 2 2 2 2 1 1 1 1 1 1 1 1 1 1 1 1 0 0 0 0 0 0 0 0 0 0 0 0 0 0 0 0 0 0 0 0 0 0 0 0 0 0 1 1 1 1 1 1 1 1 1 1 1 1 1 1 2 2 2 2 2 2 2 2 2 2 3 3 3 3 3 3 3 4 4 3
4 3 3 3 4 4 4 4 4 4 5 4 3 3 3 3 2 2 2 2 2 2 2 2 1 1 1 1 1 1 1 1 1 1 1 1 0 0 0 0 0 0 0 0 0 0 0 0 0 0 0 0 0 0 0 0 0 0 0 1 1 1 1 1 1 1 1 1 1 1 1 1 1 1 1 1 2 2 2 2 2 2 2 2 2 2 3 3 3 4 4 4 4 3 3 3
3 3 3 3 3 3 3 4 4 4 4 4 3 3 3 3 2 2 2 2 2 2 2 2 1 1 1 1 1 1 1 1 1 1 1 1 0 0 0 0 0 0 0 0 0 0 0 0 0 0 0 0 0 0 0 0 0 0 1 2 2 2 2 2 1 1 1 1 1 1 1 1 1 1 1 1 2 2 2 2 2 2 2 2 2 2 3 3 4 4 4 3 3 3 3 3
3 3 3 3 3 3 3 3 3 3 4 4 3 3 3 3 2 2 2 2 2 2 1 1 1 1 1 1 1 1 1 1 1 1 1 1 0 0 0 0 0 0 0 0 0 0 0 0 0 0 0 0 0 0 0 0 0 0 2 3 3 2 2 2 2 1 1 1 1 1 1 1 1 1 1 1 2 2 2 2 2 2 2 2 2 3 3 3 4 4 4 3 3 3 3 3
6 6 3 3 2 2 3 3 3 3 3 4 3 3 3 3 2 2 2 2 1 1 1 1 1 1 1 1 1 1 1 1 1 1 1 1 0 0 0 0 0 0 0 0 0 0 0 0 0 0 0 0 0 0 0 0 1 1 2 3 4 3 3 3 2 2 2 2 2 2 1 1 1 1 1 2 2 2 2 2 2 2 2 2 2 3 3 4 4 4 4 4 3 3 3 3
8 8 8 7 3 2 2 2 2 2 2 2 2 2 2 2 1 1 1 1 1 1 1 1 1 1 1 1 1 1 1 2 2 2 2 2 1 0 0 0 0 0 0 0 0 0 0 0 0 0 0 0 0 0 1 1 2 2 3 4 5 5 4 4 2 2 2 2 2 2 2 1 1 1 1 2 2 2 2 2 2 2 2 2 2 3 3 4 5 5 5 4 3 3 3 3
9 9 10 8 5 3 3 3 2 2 2 2 2 2 2 2 1 1 1 1 1 1 1 1 1 1 1 1 1 2 2 2 2 2 3 2 1 0 0 0 0 0 0 0 0 0 0 0 0 0 0 0 1 1 1 2 3 3 3 4 6 6 5 5 2 2 2 2 2 2 2 1 1 1 2 2 2 2 2 2 2 2 2 3 3 3 4 5 5 5 6 4 3 3 3 2
9 10 10 9 6 4 4 4 5 3 2 2 2 2 1 1 1 1 1 1 1 1 1 1 1 1 1 2 2 2 2 2 2 2 2 2 1 0 0 0 0 0 0 0 0 0 0 0 0 0 0 1 2 2 2 2 3 4 4 4 6 6 5 5 3 2 2 2 2 2 2 2 2 2 2 2 2 2 2 2 2 2 2 3 3 3 4 5 6 6 5 4 3 3 3 2
9 10 11 10 8 7 7 8 10 8 7 2 2 2 1 1 1 1 1 1 1 1 1 1 1 1 1 2 2 2 2 2 2 2 2 2 1 0 0 0 0 0 0 0 0 0 0 0 0 0 1 3 3 3 3 4 6 8 6 6 7 6 5 5 3 3 2 2 2 2 2 2 2 2 2 2 2 2 2 2 2 2 2 3 3 3 4 5 5 5 5 3 3 2 2 2
10 11 11 10 9 9 9 10 10 9 8 6 4 2 1 1 1 1 1 1 1 1 1 1 1 1 2 2 2 2 2 2 2 2 2 2 1 1 1 0 1 0 0 0 0 0 0 0 0 1 2 4 5 4 5 9 11 11 9 9 9 8 7 6 5 3 3 2 2 2 2 2 2 2 2 2 2 2 2 2 2 2 3 3 3 3 5 5 5 5 4 3 3 2 2 2
11 12 11 11 11 11 11 11 11 10 9 7 6 5 2 2 2 2 2 2 1 1 1 1 1 1 2 2 2 2 2 2 2 2 2 2 1 1 1 1 1 1 0 0 0 0 0 0 0 2 4 5 5 5 6 9 12 11 10 11 13 11 11 10 8 7 7 6 4 4 3 2 2 2 2 2 2 2 2 2 2 3 3 3 3 3 5 6 5 5 4 3 3 3 3 3
11 12 12 12 12 13 13 12 12 11 10 8 7 6 4 3 2 2 2 2 2 2 2 2 2 2 2 2 2 2 3 2 2 2 2 2 1 1 1 1 1 1 0 0 0 0 0 0 0 3 5 6 6 6 6 9 11 12 13 15 16 13 14 14 13 12 11 10 9 9 10 7 5 3 2 2 2 2 2 2 2 3 3 3 3 3 5 6 5 5 3 2 2 3 3 3
