geo_cache/6-2/elevation.txt
ncols         942
nrows         918
xllcorner     -71.03333333333333
yllcorner     42.256
cellsize      1.0E-5
NODATA_value  -9999
[rows 82 to 163 of 918, columns 0 to 95 of 942]
58 56 55 48 42 38 34 33 32 29 22 17 17 17 19 17 14 13 13 12 12 12 12 12 12 12 11 11 11 11 11 10 10 10 10 10 10 12 27 35 38 36 37 40 43 41 37 32 26 26 26 26 21 22 23 23 25 25 25 25 24 24 24 23 22 21 21 20 19 19 19 19 19 19 19 19 20 22 22 24 25 24 23 26 33 43 50 52 52 51 45 40 40 42 42 40
57 56 56 51 45 40 39 37 34 29 21 16 16 16 17 16 13 13 13 12 12 12 12 12 11 11 11 11 11 10 10 10 10 10 10 10 10 10 25 39 39 38 39 41 43 40 36 29 24 22 22 20 15 17 19 21 23 24 23 22 22 24 24 24 23 22 21 20 19 19 19 19 19 19 19 19 19 21 22 22 21 21 21 23 26 39 48 51 51 46 43 37 36 39 41 36
53 53 55 51 45 42 41 41 37 32 25 17 15 15 15 14 13 13 13 12 12 11 11 11 11 11 11 11 11 10 10 10 10 10 10 10 11 10 15 36 38 38 39 41 41 37 33 27 23 21 18 15 13 14 15 16 18 19 21 21 22 24 25 25 24 23 22 21 20 19 19 19 19 19 19 19 19 19 21 21 19 19 19 20 23 32 42 46 45 40 37 33 32 35 37 33
52 50 53 51 47 44 45 43 39 31 25 17 15 15 15 14 13 12 12 12 12 11 11 11 11 11 11 11 11 11 11 11 11 11 11 11 11 11 12 34 37 37 38 39 37 34 32 26 23 20 17 13 13 13 13 13 15 18 19 20 21 23 24 25 26 26 25 23 21 20 19 18 18 18 19 19 19 19 19 19 19 19 19 19 19 26 35 40 40 35 32 30 31 34 34 31
51 48 51 50 48 45 45 42 39 30 23 16 16 17 15 14 13 12 12 12 12 11 11 11 11 11 12 12 12 13 14 12 12 12 12 11 11 10 13 32 34 36 36 34 34 33 34 28 23 19 16 13 13 13 13 13 15 17 18 19 21 23 24 26 28 29 30 28 26 25 23 19 18 18 19 19 19 19 19 19 19 19 19 19 19 20 28 34 33 31 27 27 29 32 30 30
46 46 49 46 44 42 39 37 35 29 21 15 15 19 14 13 12 12 12 12 12 11 11 11 11 11 12 12 12 12 12 12 12 14 14 13 11 10 13 26 29 32 32 29 32 31 33 29 22 19 16 13 13 13 13 13 14 16 17 19 21 22 23 26 29 31 33 33 31 30 28 24 19 19 19 19 19 19 19 19 19 19 19 19 19 19 23 28 27 26 23 24 28 29 29 31
40 41 43 40 39 36 32 31 28 24 19 14 14 16 14 13 12 12 12 12 12 11 11 11 11 12 12 12 12 12 12 12 12 12 12 11 10 10 12 20 25 30 29 29 29 28 28 26 22 19 17 14 13 13 13 13 14 15 15 18 20 22 22 26 29 32 35 36 35 35 33 29 24 20 19 19 19 19 19 19 19 19 19 19 19 19 19 23 22 21 19 22 24 28 30 34
35 34 35 34 33 28 24 24 20 19 15 14 14 14 13 12 12 11 11 11 12 12 12 12 12 12 12 11 11 11 12 11 12 12 12 11 10 10 11 15 20 25 28 31 30 27 25 24 22 20 17 15 14 13 13 13 13 14 14 17 20 21 21 23 27 33 37 38 38 38 38 33 29 25 21 19 19 19 19 19 19 19 19 19 19 18 19 19 19 19 19 19 23 27 34 41
32 29 28 27 27 23 19 19 18 15 14 13 13 13 13 12 12 11 11 11 12 12 12 12 12 12 12 11 11 11 12 11 12 12 11 11 10 10 12 16 20 24 28 33 31 27 25 22 22 20 19 17 15 15 14 13 12 11 11 14 18 19 19 22 27 34 38 39 40 40 41 38 34 30 26 21 19 18 18 18 18 19 19 19 19 18 18 19 19 19 19 19 20 26 34 41
29 25 23 22 22 19 18 17 16 14 14 13 12 12 12 12 12 12 12 12 12 12 13 13 13 13 13 12 12 12 12 12 11 11 11 11 10 10 14 21 21 25 29 31 31 30 25 22 21 21 20 19 17 16 14 13 12 11 11 10 13 16 18 20 27 34 38 40 40 41 41 40 37 33 29 26 21 19 18 18 18 19 19 19 19 19 18 19 19 19 19 19 19 24 30 35
26 20 19 18 18 17 16 16 15 14 14 13 12 12 12 12 12 13 13 13 13 13 14 14 14 14 13 13 13 12 12 12 11 10 10 10 10 10 14 22 23 26 29 30 33 30 24 21 20 22 21 19 18 18 17 14 13 12 11 10 11 13 16 19 26 33 38 40 40 40 41 40 37 34 30 26 22 19 19 19 19 18 18 19 19 19 19 19 19 19 19 19 19 19 24 28
22 18 17 17 17 16 16 15 14 14 14 13 12 12 12 13 13 14 14 14 15 15 15 15 14 14 14 13 13 12 12 12 11 10 10 10 10 10 11 18 23 26 28 28 28 26 23 19 18 22 22 20 20 19 20 16 15 13 11 10 10 11 13 17 24 32 37 40 40 40 41 40 37 34 30 25 22 19 19 19 19 18 18 19 19 19 19 18 18 18 19 18 18 19 19 22
20 17 17 17 17 16 15 14 14 14 13 13 13 13 13 14 15 16 17 19 19 18 18 17 16 15 14 14 14 13 12 11 11 11 10 10 10 10 10 14 19 22 24 23 23 23 20 15 14 19 21 20 20 20 21 19 17 15 11 10 10 11 12 16 22 29 36 40 41 41 40 39 37 34 30 25 21 20 20 20 19 19 19 19 19 19 19 18 18 18 19 18 18 19 19 19
19 17 17 17 17 16 15 14 14 14 13 13 13 14 14 15 17 19 21 23 23 21 19 18 17 16 15 14 14 13 12 11 11 11 10 10 10 10 10 10 12 14 18 19 19 19 16 13 13 15 19 20 19 20 20 19 18 17 13 10 10 10 11 14 18 26 32 38 40 40 39 38 37 34 30 26 22 21 20 20 19 19 19 19 19 19 19 19 19 19 19 19 19 19 19 19
18 17 17 17 17 16 15 15 15 14 13 13 14 14 15 17 20 23 25 26 27 24 20 19 17 17 17 15 15 14 12 11 11 11 10 10 10 10 10 10 10 11 15 17 16 15 14 12 11 13 17 20 18 19 19 18 17 16 13 10 9 10 11 13 16 22 29 35 38 39 39 38 36 34 30 26 24 22 21 21 21 20 20 19 19 19 19 19 19 19 19 19 19 19 19 19
18 17 17 17 17 16 15 15 15 14 13 13 14 14 15 19 23 26 27 28 29 26 21 19 18 18 18 17 16 15 13 11 11 11 10 10 10 10 10 10 10 11 17 20 16 14 13 11 11 12 17 20 18 17 17 17 16 15 12 10 9 10 11 12 15 20 27 32 36 37 38 37 35 33 29 27 24 23 23 22 21 21 21 20 20 19 19 19 19 19 19 18 19 19 19 19
20 18 18 17 17 16 15 15 15 14 13 13 14 14 15 19 24 27 28 28 28 26 21 20 20 20 19 19 17 18 17 13 11 11 10 10 10 10 10 10 10 12 19 23 20 14 11 10 10 12 15 20 18 17 15 15 15 14 11 9 9 10 10 11 14 18 25 29 32 33 35 35 33 31 29 27 24 24 24 22 22 22 21 21 21 20 20 20 19 19 19 18 19 19 19 19
21 20 18 17 17 16 15 15 15 14 13 13 14 14 15 18 23 26 29 29 27 24 20 20 21 21 20 20 21 25 24 18 12 11 10 10 10 10 10 10 10 12 19 23 24 18 12 10 10 12 14 16 17 16 14 15 14 12 11 9 9 10 10 10 14 16 22 27 29 30 33 33 32 30 28 26 24 23 23 22 22 22 22 21 21 21 21 21 21 20 20 19 19 19 19 19
20 20 18 17 17 16 15 15 15 14 14 14 14 14 15 18 21 24 30 30 27 24 21 20 22 23 22 23 24 29 31 24 16 11 10 10 10 10 10 10 10 11 20 24 25 20 13 11 11 10 12 13 14 14 13 13 13 12 11 10 10 10 10 10 13 15 20 25 28 29 31 31 30 28 26 26 24 23 23 23 23 22 22 22 22 22 22 22 22 22 22 21 19 19 19 19
19 19 17 17 17 16 15 15 15 14 14 14 14 14 15 18 20 23 28 30 28 25 22 21 23 23 24 25 27 29 33 30 22 14 11 10 10 10 10 10 10 10 17 23 25 19 14 12 11 9 9 10 12 11 11 12 12 11 11 10 10 10 10 10 11 14 18 23 26 27 29 30 29 28 26 26 25 24 24 23 23 23 22 22 22 22 22 22 22 23 23 23 22 20 19 19
18 17 17 17 17 16 15 15 15 14 14 14 14 14 15 17 19 21 26 29 27 25 24 23 23 24 25 26 28 30 34 34 28 19 11 10 10 10 10 10 10 9 13 21 23 16 14 14 12 9 8 9 9 9 10 12 13 12 11 10 10 10 10 10 10 14 16 22 24 25 27 28 28 27 26 26 26 25 24 24 23 23 23 23 23 23 22 23 23 24 25 26 25 24 22 21
18 17 17 17 17 16 15 15 15 14 14 14 14 15 16 16 19 20 24 27 26 25 25 24 24 24 26 27 31 34 35 37 33 25 15 11 10 10 10 10 10 9 9 16 20 15 12 13 12 8 8 8 8 8 9 12 14 13 12 11 11 10 10 10 10 12 15 19 23 24 25 26 27 27 26 26 27 26 26 25 24 23 23 23 23 22 22 24 24 25 27 28 28 26 25 24
18 17 17 17 17 16 15 15 15 14 14 14 15 15 17 17 19 20 20 24 25 25 26 26 25 25 26 28 35 38 37 37 37 32 20 13 10 10 10 10 10 9 9 11 13 12 8 9 9 8 8 8 8 8 9 11 14 13 13 13 12 12 10 10 10 10 13 17 23 23 24 25 26 26 26 25 26 27 27 26 25 24 24 23 23 22 23 24 25 26 28 30 29 28 27 26
18 17 17 17 17 16 15 15 15 14 14 15 15 15 17 17 19 20 20 22 22 24 25 25 25 25 26 27 34 38 37 36 37 36 27 18 11 10 10 10 10 9 9 9 9 9 8 8 8 8 8 8 8 8 8 10 12 12 12 13 14 15 13 12 11 10 12 14 19 21 23 24 24 25 25 24 24 27 28 27 25 24 24 23 23 23 24 24 25 26 28 30 30 30 29 28
18 17 17 17 17 16 15 15 15 14 14 15 15 16 16 17 19 20 20 21 22 24 24 24 24 24 25 25 30 34 36 36 35 35 30 22 14 11 10 10 10 9 9 9 9 9 10 11 10 8 10 10 9 8 8 8 9 11 11 12 13 15 13 12 11 9 12 13 14 17 19 22 23 22 22 22 23 26 27 26 24 24 24 24 24 24 24 24 25 25 27 30 31 31 31 30
18 17 17 17 17 17 16 15 15 15 14 15 16 16 17 17 19 20 20 21 22 24 24 24 24 24 24 25 26 30 33 36 33 33 30 24 19 12 11 11 10 10 9 9 9 9 10 13 13 9 13 15 13 11 9 7 7 8 9 9 9 11 12 11 10 8 11 13 13 13 13 15 18 19 20 21 22 22 23 23 23 23 24 24 24 24 25 25 26 26 27 29 31 31 31 31
18 18 17 17 17 17 16 15 15 15 14 15 16 17 17 18 19 20 21 22 23 24 24 24 23 23 23 24 26 29 31 36 32 29 29 27 23 15 11 11 11 10 10 10 10 10 10 12 13 9 12 17 17 13 10 8 7 7 7 7 7 7 8 10 9 7 10 12 13 13 13 12 13 15 18 20 21 20 19 19 21 22 23 24 24 25 25 26 26 26 26 28 30 32 32 33
19 18 18 18 17 17 16 15 15 15 15 15 17 17 18 19 23 24 23 23 23 24 24 24 23 23 23 23 25 28 30 33 31 29 28 27 24 20 16 13 11 11 10 10 10 10 10 11 12 10 10 17 18 12 10 8 7 7 7 7 7 7 6 6 6 6 9 10 12 13 13 11 10 11 18 20 20 19 17 18 19 21 22 23 24 25 26 26 26 26 26 27 28 31 32 33
19 18 18 18 18 17 16 15 15 15 15 15 16 17 19 23 30 30 25 23 23 23 23 23 22 22 22 23 23 26 28 31 32 30 30 31 32 28 25 19 13 11 11 11 10 10 10 11 11 11 11 14 17 11 9 8 8 9 10 10 10 9 7 6 6 6 6 7 9 10 13 12 9 9 14 19 19 18 16 17 19 20 21 22 24 26 27 27 27 26 26 26 27 30 32 32
19 18 18 18 18 17 16 16 16 15 15 15 16 16 19 26 35 34 26 23 23 22 22 22 22 22 22 23 23 26 26 28 33 33 32 35 37 36 33 27 18 12 11 11 11 10 10 11 11 11 11 11 14 11 8 8 10 12 12 12 12 10 8 8 8 7 6 5 6 8 11 12 8 7 10 14 16 13 13 16 18 19 20 22 24 28 29 29 29 28 27 26 26 27 31 32
18 18 18 18 18 17 16 16 16 15 15 15 15 16 17 27 36 38 30 23 22 21 21 21 21 21 22 23 22 24 23 26 32 34 35 37 41 41 38 33 25 17 13 11 11 11 11 11 11 11 11 11 11 11 11 11 13 13 13 13 12 12 11 9 10 11 10 7 5 5 7 8 6 6 7 9 11 9 10 14 17 18 19 21 24 29 30 31 30 29 28 26 26 26 29 32
18 18 18 18 18 17 16 16 16 15 15 15 15 16 18 27 35 38 34 26 22 21 20 20 20 20 21 24 22 22 22 26 29 34 38 40 45 46 43 36 29 23 20 13 11 11 11 11 11 12 11 11 11 11 14 15 16 16 14 14 13 12 12 12 12 12 12 11 7 6 5 5 5 5 6 7 8 8 8 10 14 16 19 21 24 30 32 32 31 31 30 28 27 25 26 30
18 18 18 18 17 17 16 15 15 15 15 15 15 16 18 25 32 34 34 27 21 20 20 19 19 20 21 25 22 21 22 26 27 30 35 40 46 47 42 35 29 29 29 17 12 11 11 12 12 12 11 11 11 11 15 19 20 20 17 14 14 12 12 12 13 13 13 12 10 9 7 5 5 5 6 7 8 8 8 9 12 16 19 21 24 31 33 33 31 31 30 29 28 26 27 28
18 17 17 17 17 17 16 15 15 15 15 15 15 16 17 22 26 28 27 24 20 19 19 18 19 24 26 26 24 20 22 25 26 28 31 36 43 45 41 36 31 32 32 21 13 12 12 12 12 12 11 11 11 11 15 21 24 24 21 17 14 13 14 14 14 14 13 12 10 9 8 5 5 6 7 7 8 8 8 10 13 16 20 22 25 32 35 35 32 32 31 30 29 29 29 29
18 17 16 16 16 16 15 15 15 15 15 15 16 17 17 19 21 22 21 20 19 19 18 18 20 27 32 32 28 20 20 22 25 28 29 30 36 39 37 34 34 31 30 21 14 12 12 11 11 11 11 11 11 11 13 19 26 27 24 18 14 14 14 14 14 14 12 11 9 8 7 5 5 7 8 8 8 8 9 11 13 16 20 24 27 33 36 37 34 32 32 31 31 31 31 29
17 16 16 16 16 16 15 14 14 14 15 15 17 18 18 19 19 20 20 20 19 18 18 18 20 29 35 36 32 24 19 19 23 27 28 26 27 30 30 30 33 28 25 20 13 12 11 11 11 10 10 11 11 11 11 16 23 27 26 20 14 13 13 13 15 14 11 9 8 8 7 5 5 8 9 9 10 10 11 11 13 16 19 24 27 34 39 41 38 34 33 33 33 34 34 32
15 16 16 16 16 16 15 14 14 14 15 16 19 21 21 21 19 20 20 20 19 18 18 18 20 29 36 36 33 28 20 17 19 23 25 25 23 23 24 25 27 24 20 17 13 12 11 11 11 10 10 11 11 11 11 14 16 21 24 25 18 14 13 14 17 15 12 10 9 8 6 5 6 8 9 10 11 11 12 12 13 16 19 24 26 36 44 46 43 36 34 34 34 38 37 35
15 15 15 15 15 15 15 15 15 15 15 18 24 26 26 27 23 21 21 20 19 18 17 17 20 29 33 31 29 27 23 18 17 17 20 22 21 19 19 23 25 23 18 15 13 12 11 10 10 10 11 10 10 10 11 14 14 14 19 27 25 17 14 15 17 15 12 11 10 9 5 5 6 8 10 11 12 12 13 13 14 17 20 24 27 40 49 51 46 39 36 36 36 41 38 37
17 15 15 15 15 15 15 15 15 15 16 21 30 32 33 32 29 26 25 22 20 18 17 17 18 25 27 26 26 25 24 21 18 15 14 16 17 17 17 22 25 24 21 17 14 12 11 10 10 10 11 10 10 11 13 14 14 14 16 26 26 19 15 14 15 14 12 12 11 11 5 4 6 8 10 11 13 13 13 15 15 18 21 24 28 42 52 54 48 41 36 36 37 39 39 38
19 17 15 15 15 15 15 15 15 15 16 24 33 34 37 37 36 33 32 28 22 18 17 17 17 20 22 23 23 23 23 22 21 17 14 14 14 14 15 21 24 24 23 23 17 12 11 11 11 11 11 11 11 11 13 14 13 13 14 20 21 17 14 14 14 13 12 12 11 10 5 4 6 8 10 11 13 14 14 16 17 19 22 23 28 40 50 54 49 42 36 36 36 37 40 40
20 18 17 15 15 15 15 15 15 15 16 23 32 34 37 39 40 39 36 31 23 18 17 17 17 17 20 21 21 22 23 23 22 20 17 14 14 14 14 16 20 21 21 24 21 14 12 12 12 12 12 12 12 12 12 12 11 11 12 14 15 14 14 14 14 13 12 11 11 8 4 3 6 8 9 11 13 14 14 16 17 20 22 23 26 34 44 51 49 43 38 35 35 36 39 40
20 19 18 17 15 15 15 15 15 15 16 21 29 32 32 35 39 39 35 30 22 18 17 17 17 17 19 20 21 22 23 25 25 23 19 16 14 14 14 14 14 15 15 20 23 17 13 12 12 12 12 12 12 12 12 12 11 11 11 12 13 13 13 13 13 13 12 11 11 8 4 3 5 8 9 11 13 14 14 16 17 20 22 24 25 30 38 44 49 45 39 35 35 35 40 42
21 19 18 18 17 15 15 15 15 15 16 18 21 23 23 24 31 33 29 26 21 18 17 17 17 17 18 20 20 21 23 28 31 28 23 19 16 15 14 14 14 14 14 17 21 19 14 13 13 13 13 12 12 12 12 12 11 11 11 11 12 12 12 12 13 13 12 11 11 8 5 2 5 7 9 10 12 14 14 16 17 20 22 24 25 27 32 40 46 44 40 35 34 35 40 45
21 19 18 18 18 17 17 17 16 16 16 16 16 16 17 18 22 26 22 20 19 18 18 17 18 18 18 19 20 21 22 27 35 33 26 21 18 18 17 14 13 14 14 16 20 20 15 14 14 13 13 12 12 12 12 12 11 11 11 11 12 12 12 12 12 12 12 11 11 9 5 2 5 7 9 10 12 14 15 16 17 19 23 25 26 28 30 37 44 43 40 35 33 35 38 45
21 18 18 18 18 18 18 18 18 17 17 16 16 16 15 16 17 20 20 20 19 19 19 19 19 19 18 17 18 20 21 25 34 34 25 19 17 20 19 14 13 14 14 16 19 20 18 15 14 14 13 13 13 13 12 12 12 12 12 12 12 12 12 12 12 12 11 11 10 9 4 2 5 6 8 10 12 15 17 17 17 18 23 25 27 29 30 34 41 41 39 35 32 34 39 42
20 18 18 19 19 19 18 18 18 18 17 16 16 16 15 16 17 19 20 20 20 20 19 19 19 19 19 17 17 17 19 22 28 29 23 18 16 20 20 15 12 14 15 19 22 22 20 17 14 14 14 13 13 13 12 12 12 12 12 12 12 12 12 12 12 12 11 10 7 6 2 2 5 6 8 11 13 17 18 17 16 17 22 26 28 30 32 33 36 37 35 31 30 32 39 41
19 18 19 20 20 18 18 18 18 19 18 17 17 17 15 16 18 20 21 21 21 21 21 21 21 21 20 17 17 17 18 20 24 24 22 18 16 17 19 14 12 14 17 22 24 23 20 17 15 14 14 13 13 13 12 12 12 12 12 12 12 12 12 12 12 12 11 9 4 2 2 2 6 7 8 11 13 16 18 18 14 16 21 26 29 34 36 35 34 33 31 28 26 29 36 41
18 18 19 20 19 18 18 18 19 19 19 18 17 17 15 16 18 20 22 22 22 23 24 24 24 22 21 19 17 17 17 19 24 24 22 19 16 15 16 13 13 15 19 23 25 24 23 19 14 14 14 14 14 13 13 12 12 12 12 12 12 12 11 11 11 11 11 7 2 2 2 2 6 8 9 11 13 15 18 18 14 14 20 26 31 38 40 39 37 33 29 26 26 27 33 39
18 17 18 18 18 18 18 19 19 20 21 21 20 17 16 15 19 21 23 23 24 25 27 27 26 24 23 21 17 17 17 18 23 26 24 20 18 15 14 13 13 15 18 21 23 22 23 20 14 14 14 15 14 14 14 13 12 12 12 12 12 12 11 11 11 11 10 6 2 2 2 3 7 9 10 11 13 14 17 18 15 14 18 25 31 40 44 43 40 36 32 29 26 27 29 35
17 17 17 17 17 17 19 20 21 23 24 24 23 19 17 15 20 23 24 24 25 26 27 28 28 27 27 25 20 17 17 17 19 25 25 22 21 16 14 13 13 13 14 15 17 18 20 17 14 14 14 14 14 14 13 13 13 12 12 12 12 12 11 11 11 10 9 7 2 2 2 3 7 9 11 12 13 14 17 18 16 14 16 24 31 40 45 45 43 39 36 35 29 27 26 28
17 16 17 17 17 17 20 22 25 27 27 26 25 22 17 15 19 25 26 25 25 26 27 27 28 29 31 30 25 17 17 17 17 20 23 24 23 18 14 14 13 12 12 12 13 14 15 15 13 13 13 13 13 13 13 13 12 12 12 12 12 12 11 11 10 10 9 7 3 2 2 2 7 9 11 12 13 13 17 18 18 14 14 22 29 38 43 45 45 42 40 39 35 30 26 24
17 16 16 16 17 17 19 23 29 33 32 28 25 21 17 15 17 27 27 25 24 25 26 26 27 29 31 31 30 19 17 17 17 21 23 25 24 18 14 14 14 14 13 12 12 11 12 12 12 12 13 13 13 13 13 13 12 12 12 12 12 11 11 11 10 10 8 7 3 2 2 2 6 8 11 11 12 12 15 18 19 15 14 18 28 36 41 45 45 45 44 42 39 33 28 24
17 16 16 16 17 17 19 24 29 36 35 29 24 20 17 16 16 27 27 25 24 24 25 26 27 30 31 28 29 21 17 17 18 23 25 26 25 18 16 16 16 16 15 15 13 11 11 11 11 12 12 13 13 13 13 12 12 12 12 12 12 11 11 11 10 10 8 7 2 2 2 2 5 7 10 11 11 11 12 16 18 15 14 15 26 34 39 43 45 44 43 42 39 34 30 25
17 16 16 16 17 17 18 23 27 35 35 30 25 20 17 16 15 25 28 25 23 23 24 25 27 30 31 27 27 21 17 17 19 23 25 26 25 18 16 16 16 16 16 15 14 12 11 11 11 11 12 12 12 12 12 12 12 11 11 11 11 11 10 10 10 9 8 7 2 2 2 2 3 5 8 10 10 10 11 14 15 15 13 14 24 32 38 40 42 41 39 40 38 33 31 26
17 17 17 18 18 17 18 20 24 32 35 31 26 20 17 16 15 21 27 24 21 22 23 24 26 29 30 28 27 21 17 17 19 23 24 24 23 18 18 18 20 20 18 16 14 13 11 11 11 11 11 12 12 12 12 12 11 11 11 11 11 10 10 10 10 9 7 5 2 2 2 2 2 2 4 6 7 9 10 12 12 12 12 13 20 29 36 38 40 40 36 36 35 32 30 28
17 17 22 24 22 18 18 20 23 31 33 31 26 20 17 17 15 16 22 23 20 20 21 20 22 28 32 30 28 23 17 17 19 23 22 20 19 16 17 19 23 25 23 19 15 13 11 11 11 11 11 11 11 11 12 12 11 11 11 11 11 10 10 10 9 9 7 3 2 2 2 2 2 2 2 2 4 7 9 10 11 12 12 12 16 27 36 40 43 43 39 36 34 30 29 31
21 21 27 30 28 22 19 20 23 28 29 26 22 19 17 16 15 15 17 20 19 18 18 17 18 27 34 33 30 26 19 17 19 24 21 15 14 14 16 20 23 26 25 22 17 13 10 10 10 10 10 11 11 11 11 11 11 11 11 10 10 9 9 9 9 9 7 4 2 2 2 2 2 2 2 2 2 4 8 8 10 11 11 11 13 23 32 41 45 45 41 36 34 29 28 32
25 24 28 33 32 27 25 23 23 25 26 21 18 17 17 16 15 15 15 17 17 17 17 17 17 24 30 32 30 26 21 17 20 24 21 14 14 14 15 20 21 23 23 18 14 12 10 10 10 10 10 10 11 11 11 11 10 10 10 10 10 9 9 9 9 9 8 5 3 3 2 2 2 2 2 2 2 2 4 6 7 9 9 10 11 17 28 38 42 42 39 34 30 26 27 32
26 26 28 35 36 35 32 29 27 27 25 19 17 17 17 16 15 15 15 16 16 16 16 16 16 22 27 29 28 26 21 17 22 24 20 14 14 15 15 19 20 21 20 14 11 11 10 10 10 10 10 9 10 10 10 10 10 10 10 10 9 9 8 8 8 8 8 6 5 4 3 2 2 2 2 2 2 2 2 5 6 7 7 8 10 13 21 31 35 35 32 29 26 24 24 31
26 27 31 36 40 41 38 32 31 30 26 21 17 17 17 16 15 15 15 15 15 15 15 15 16 20 24 26 26 25 20 16 21 23 19 13 14 17 16 19 19 19 18 13 11 11 10 10 10 10 10 9 9 9 9 10 10 10 10 9 9 9 8 8 8 8 7 6 6 5 4 4 3 2 2 2 2 2 2 2 5 6 6 7 8 10 15 22 27 26 25 22 22 21 20 25
30 33 38 40 43 44 40 35 33 33 29 25 20 17 17 16 15 15 15 15 15 15 15 15 15 18 21 24 24 22 17 15 20 19 16 12 11 15 17 19 20 19 18 16 12 11 10 9 9 9 9 9 10 10 10 10 9 9 9 9 9 8 8 8 8 8 7 7 6 6 5 5 4 3 3 2 2 2 2 2 5 5 6 6 7 8 11 16 19 19 19 16 16 17 17 19
33 39 45 43 46 45 40 36 35 33 31 27 21 17 17 16 16 16 16 15 15 15 15 15 16 16 18 20 20 17 14 14 16 16 13 12 11 12 15 17 20 19 19 19 14 11 10 9 9 9 9 9 9 9 9 9 9 9 9 9 9 8 8 8 8 8 8 7 7 7 7 6 6 4 4 3 2 2 2 2 4 4 6 6 6 8 9 11 13 13 13 12 11 14 15 14
33 41 47 46 46 44 40 38 36 36 32 27 20 17 17 16 16 16 16 17 16 15 15 15 16 16 16 16 16 14 13 13 13 13 12 11 11 11 12 14 17 19 16 15 13 12 10 8 8 8 9 9 9 9 9 9 9 9 9 9 8 8 8 8 8 8 8 8 8 8 8 7 8 5 3 2 2 2 2 2 2 3 5 5 6 7 8 8 7 7 7 8 8 11 13 10
32 38 43 46 46 43 39 39 38 37 33 27 20 17 17 16 16 16 16 17 16 15 15 15 15 15 14 14 13 13 13 12 12 12 11 11 11 11 12 13 14 15 14 13 13 12 10 8 7 8 8 9 9 9 9 9 9 9 9 8 8 8 8 8 8 8 9 9 9 9 9 9 8 5 3 2 2 2 2 2 2 2 2 3 4 5 5 5 4 4 4 5 6 7 8 7
31 35 39 42 42 39 38 39 40 39 32 26 19 17 17 16 16 16 16 16 15 15 15 15 14 14 12 12 12 12 12 11 11 11 10 10 10 10 10 11 11 11 12 12 12 11 10 8 6 7 8 8 8 8 8 8 8 8 8 8 8 7 7 7 8 8 8 8 8 8 8 8 8 7 3 2 2 2 2 2 2 2 2 2 2 2 2 2 2 2 3 4 4 5 5 5
31 34 37 38 36 32 33 36 39 37 32 27 18 17 17 16 16 16 16 16 15 14 14 14 14 14 12 11 11 11 11 11 10 10 9 9 9 9 9 9 9 10 10 10 10 10 9 7 5 5 7 7 7 7 6 6 7 7 7 7 7 7 7 7 7 7 7 7 7 7 7 8 8 8 6 4 3 2 2 2 2 2 2 2 2 2 2 2 2 2 2 3 4 4 4 4
32 35 36 34 30 26 27 31 35 35 32 29 19 17 17 16 15 15 15 15 15 14 14 14 13 13 12 11 10 10 10 10 8 8 8 8 8 9 9 8 9 9 9 9 9 7 6 5 4 4 4 4 4 4 5 5 6 6 6 6 6 7 6 6 6 6 6 6 6 6 6 7 8 8 8 6 5 4 3 2 2 2 2 2 2 2 2 2 2 2 2 3 3 3 3 3
32 33 32 29 24 22 24 25 30 33 34 32 23 20 18 16 14 14 14 14 14 14 13 13 13 13 12 11 10 10 9 8 8 8 8 7 7 8 8 7 8 8 8 7 7 5 4 4 4 4 5 5 4 4 4 5 5 5 5 6 6 6 6 6 6 6 5 5 5 5 5 6 7 8 8 7 6 6 5 4 2 2 2 2 2 2 2 2 2 2 2 3 3 3 3 2
31 31 28 23 18 18 21 21 26 29 33 36 32 25 20 17 13 12 13 13 14 13 13 13 12 12 12 11 11 10 9 8 8 8 8 7 7 7 7 6 6 6 6 6 5 5 4 5 5 6 9 10 6 4 4 4 5 5 5 5 5 5 5 5 6 6 5 4 4 4 4 5 6 7 7 7 6 5 5 4 2 3 5 3 2 2 2 2 2 2 2 2 2 2 2 2
28 27 23 19 13 14 16 17 21 22 26 31 33 29 24 19 13 11 11 11 11 12 12 12 12 12 12 12 12 12 11 11 10 9 9 8 7 6 6 6 6 5 5 5 5 6 7 8 9 9 11 13 9 5 4 4 4 5 5 5 5 5 5 5 6 6 4 4 4 4 4 5 6 6 6 7 6 5 5 4 3 4 5 4 3 2 3 2 2 2 2 2 2 2 2 2
24 25 21 17 12 11 11 13 13 15 19 23 27 27 22 16 11 11 11 11 11 11 12 12 12 11 11 11 11 11 12 11 11 10 10 9 7 6 6 6 6 6 6 6 7 9 9 11 11 11 10 10 7 6 5 4 4 4 4 4 5 5 5 5 5 5 4 4 3 3 3 4 5 5 6 6 5 5 5 4 4 5 5 4 4 3 3 2 2 2 2 2 2 2 2 2
18 23 21 17 13 11 11 11 11 11 12 14 18 19 16 12 11 11 11 11 11 11 12 12 12 11 11 11 11 11 12 12 11 11 10 9 7 6 6 7 8 8 8 8 9 10 12 15 16 15 14 11 8 7 6 5 4 4 4 4 4 4 4 4 4 4 4 4 3 3 3 3 3 4 4 5 5 5 5 4 4 4 4 4 4 4 3 2 2 2 2 2 1 1 1 1
13 18 18 16 13 11 11 10 10 10 10 11 12 12 12 11 11 11 11 11 11 11 12 12 11 11 11 11 11 11 11 11 11 10 9 8 6 6 6 7 8 8 8 8 9 12 16 17 18 20 19 14 11 8 7 6 6 5 5 5 4 4 4 4 4 4 2 3 2 2 2 2 2 3 4 4 4 4 4 4 4 4 4 4 4 4 3 2 2 2 2 1 1 1 1 1
11 12 13 15 15 11 10 10 10 10 10 10 10 10 10 10 11 11 11 10 10 10 11 11 11 11 10 10 10 10 10 11 10 9 8 7 6 6 7 7 8 8 8 8 10 13 18 20 21 21 23 18 14 8 8 7 7 7 6 6 6 5 5 5 4 4 2 3 2 2 2 2 2 2 3 3 3 3 3 3 3 3 3 3 3 3 3 3 3 3 2 1 1 1 1 1
11 11 11 12 13 11 10 10 10 10 10 10 10 10 10 10 11 10 10 10 10 10 10 10 10 10 10 10 10 10 10 9 9 8 7 6 6 7 7 8 8 8 8 9 11 15 21 24 25 20 23 17 15 10 9 10 10 10 8 8 7 6 6 6 6 5 4 4 3 3 3 3 2 2 2 2 3 3 3 3 2 3 3 3 3 3 3 3 2 2 2 2 1 1 1 1
11 11 11 11 11 11 11 11 10 10 10 10 10 10 10 10 10 10 10 10 10 10 10 10 10 10 10 10 10 10 9 9 8 7 7 6 7 7 8 9 10 9 8 9 12 16 21 23 24 17 18 14 12 12 12 13 12 12 10 8 8 8 7 7 6 6 5 5 5 5 5 5 4 3 2 2 2 2 2 2 2 2 2 2 2 2 2 2 2 2 2 2 1 1 1 1
11 11 12 12 13 15 15 14 12 12 10 10 10 10 10 10 10 10 10 10 10 10 10 10 10 10 10 10 10 9 9 8 7 7 6 6 8 9 11 12 11 9 8 9 11 13 15 17 18 14 12 11 11 13 14 15 14 13 11 9 9 10 9 8 7 7 7 7 7 7 7 7 6 5 4 3 2 2 2 2 2 2 2 2 2 2 2 2 2 2 2 2 1 1 1 1
11 11 11 13 18 21 22 21 18 17 14 12 12 11 11 11 10 10 10 10 10 10 9 9 9 9 9 9 9 9 9 8 7 7 6 6 8 10 13 13 10 8 8 8 9 9 10 11 11 11 10 10 11 12 14 15 16 13 12 10 12 12 9 8 8 8 8 8 9 9 8 8 7 6 6 5 4 3 2 2 2 2 2 2 2 2 2 2 2 2 2 2 1 1 1 1
11 11 11 15 20 24 27 27 26 25 21 17 15 12 11 11 11 10 10 10 10 9 9 9 9 9 9 9 9 9 9 7 7 7 7 7 8 10 13 12 9 8 8 8 8 8 9 9 9 10 9 9 10 10 12 14 15 13 11 11 14 12 9 8 8 8 9 9 10 10 10 10 9 8 7 6 5 5 4 4 4 4 4 3 4 3 3 3 2 2 2 2 1 1 1 0
12 11 13 17 21 23 26 26 26 27 25 22 19 14 11 11 11 10 10 9 9 9 9 9 9 9 9 9 9 9 8 7 7 7 7 7 8 10 12 12 10 8 8 8 8 8 8 9 9 9 9 8 9 9 10 11 11 11 11 11 13 11 10 9 9 10 10 11 12 12 13 12 11 10 8 7 6 6 5 5 5 5 5 6 8 8 8 7 5 3 3 2 2 1 1 0
13 13 13 17 21 20 21 20 20 21 22 21 18 14 11 11 11 10 10 9 9 9 9 9 9 9 8 8 8 8 8 7 7 7 7 7 8 8 9 9 9 8 8 8 8 8 8 9 9 9 9 8 9 9 10 11 10 11 11 11 11 11 11 11 12 13 13 15 17 17 17 16 14 13 10 8 7 7 7 6 7 8 8 9 10 10 10 9 7 5 4 3 2 1 1 0
14 13 13 15 18 17 17 15 14 14 16 15 14 12 11 11 11 11 11 10 10 9 9 9 9 9 8 8 8 8 8 7 6 6 7 7 8 8 8 8 8 8 8 8 8 8 8 9 9 9 9 8 9 10 11 12 12 11 12 12 12 12 12 12 14 17 18 20 22 22 23 22 20 17 13 10 9 8 9 9 10 11 11 11 11 11 11 10 7 6 5 3 3 2 2 1
