geo_cache/6-2/elevation.txt
ncols         942
nrows         918
xllcorner     -71.03333333333333
yllcorner     42.256
cellsize      1.0E-5
NODATA_value  -9999
[rows 82 to 163 of 918, columns 192 to 287 of 942]
26 25 25 26 27 28 28 30 31 32 33 35 35 34 34 33 28 23 20 20 18 17 17 16 16 16 16 16 16 16 16 16 16 16 16 16 16 16 16 16 16 16 16 16 16 16 16 16 16 16 16 16 16 16 16 16 16 15 15 15 15 16 17 19 22 20 17 16 16 16 16 16 16 16 15 14 14 14 14 14 14 14 14 15 16 17 17 20 23 26 28 29 29 29 30 30
28 26 26 26 29 30 30 32 33 34 35 35 35 36 36 35 31 25 21 20 18 17 17 16 16 16 16 16 16 16 16 16 16 16 16 16 16 16 16 16 16 16 16 16 16 16 16 15 15 15 15 16 15 15 15 14 14 14 14 14 15 16 17 22 28 25 19 17 17 16 16 16 16 16 15 15 15 14 14 14 13 14 14 14 14 15 15 17 20 24 31 30 31 33 32 31
29 27 26 27 31 31 32 32 33 34 35 36 36 37 38 36 34 27 23 20 18 17 16 16 16 16 16 16 16 16 16 16 16 16 16 16 16 16 16 16 16 16 16 16 16 15 15 15 15 15 15 15 15 14 14 14 13 14 14 14 15 16 17 22 28 29 24 18 17 17 16 16 16 16 16 15 15 14 14 14 13 14 14 14 14 14 14 14 15 20 25 20 25 33 34 26
31 29 28 30 32 32 32 32 32 33 34 36 39 40 40 38 35 31 28 22 18 16 16 16 16 16 16 16 16 16 16 16 16 16 16 16 16 16 16 16 16 16 16 16 16 15 15 15 15 15 15 14 14 14 14 13 13 14 14 14 15 16 17 22 28 29 27 22 18 17 16 16 17 17 16 16 15 15 15 14 14 14 14 14 13 14 14 14 14 15 16 17 20 31 28 21
31 29 29 31 32 31 31 31 31 31 33 35 39 41 41 38 36 35 31 25 17 16 16 16 16 16 16 16 16 16 16 16 16 16 16 16 16 16 16 16 16 16 16 15 15 15 15 15 15 15 14 14 14 14 14 13 13 13 13 14 14 15 16 20 27 29 28 23 21 18 17 16 17 17 17 16 15 15 15 15 14 14 14 14 13 14 14 14 15 16 16 17 18 22 20 20
30 29 29 31 32 30 29 29 29 30 32 34 38 41 41 38 35 33 30 24 16 16 16 16 16 16 16 16 16 16 16 16 16 16 17 17 16 16 16 16 16 15 15 15 15 14 14 14 14 14 14 13 13 13 13 13 13 13 13 14 14 15 16 18 23 29 29 27 24 21 18 18 18 21 22 17 16 15 15 15 14 14 13 13 13 14 15 16 17 17 17 18 19 19 20 20
28 28 28 31 31 29 28 28 28 29 32 34 37 40 40 36 30 27 25 19 16 16 16 16 16 16 16 16 16 16 16 16 16 16 16 17 16 16 16 16 15 15 14 14 14 14 14 14 14 14 13 13 13 13 13 12 12 13 13 13 14 14 15 16 19 26 31 29 24 20 19 19 22 24 24 18 16 15 15 15 14 14 13 13 13 13 14 15 17 17 19 22 23 23 22 22
27 27 27 30 29 28 27 26 28 29 31 35 36 36 36 33 25 21 18 17 16 16 16 16 16 16 17 17 18 17 16 16 16 16 16 16 16 16 16 16 15 14 14 14 14 14 14 13 13 13 12 13 13 13 13 12 12 13 13 13 14 14 14 15 17 21 26 24 20 19 18 19 23 26 25 20 17 15 15 15 14 14 13 13 13 13 13 13 14 14 17 21 24 27 26 25
27 26 26 28 28 28 26 25 26 28 29 34 34 34 32 28 23 19 17 17 16 16 16 16 16 16 17 17 17 17 16 16 16 16 16 16 16 16 16 16 15 15 15 14 14 13 13 13 13 13 12 12 12 12 12 13 13 13 13 13 14 14 14 14 15 17 21 21 18 18 17 17 22 27 30 26 20 16 15 15 14 13 13 13 12 12 12 12 12 12 14 16 18 23 26 24
28 27 26 26 26 25 25 24 25 26 28 31 33 33 31 27 24 19 16 16 16 16 16 16 16 16 17 17 17 17 17 16 16 16 16 16 16 16 15 15 15 14 14 13 13 13 13 13 13 12 12 12 12 12 12 12 12 12 12 12 13 14 14 14 15 15 16 17 16 17 16 16 19 27 32 31 25 18 15 15 14 13 13 13 12 12 12 11 11 11 12 13 13 14 16 16
29 27 27 26 25 24 23 23 23 24 25 27 29 29 29 26 24 18 16 16 16 16 16 16 16 17 17 17 17 17 17 16 16 16 16 16 15 15 14 14 15 14 14 13 13 13 13 12 12 12 12 12 12 12 11 12 12 12 12 12 13 14 14 14 14 14 14 14 14 14 15 16 17 23 29 28 25 25 17 15 13 13 12 12 12 12 11 11 11 10 11 11 11 11 11 11
29 28 27 26 25 23 22 22 22 21 21 22 23 23 21 21 20 16 16 16 16 16 16 16 16 17 17 17 16 16 16 16 16 16 16 16 15 15 14 14 14 14 14 13 13 12 12 12 12 12 11 11 11 11 11 12 12 12 12 12 13 14 14 14 14 14 14 14 14 14 14 15 16 19 23 25 26 25 21 14 13 12 12 11 11 11 11 11 11 10 10 10 11 11 11 11
30 29 29 26 25 23 22 22 22 21 19 19 18 18 17 16 16 16 16 16 16 16 16 16 16 17 16 16 16 16 16 16 16 16 16 16 15 15 15 15 14 14 14 13 12 12 12 12 12 12 11 10 11 11 11 12 12 12 12 12 13 14 14 14 14 14 14 14 14 14 14 14 14 17 18 24 26 25 20 14 13 12 11 11 11 11 11 11 11 11 10 10 11 11 11 11
30 29 29 28 25 24 23 22 22 21 20 19 18 16 16 16 16 16 16 16 16 16 16 16 16 16 16 16 16 16 16 16 16 16 16 15 15 15 15 15 14 13 13 12 12 12 11 11 11 11 10 10 11 11 11 11 12 12 12 12 14 14 14 14 14 14 14 14 14 14 14 14 14 14 15 20 22 20 16 14 13 12 12 12 12 11 11 11 11 11 11 11 11 11 11 11
31 30 30 29 27 25 23 23 22 21 20 19 18 16 16 15 15 15 15 15 16 16 16 16 16 16 16 16 16 16 16 16 16 16 16 15 15 15 15 15 14 13 13 12 12 11 11 11 11 11 11 11 11 11 11 11 11 12 12 12 14 14 14 14 13 14 14 14 14 14 14 13 13 13 14 14 14 14 14 14 13 12 12 12 12 11 11 11 11 11 11 11 11 11 11 11
31 31 30 29 27 26 24 23 23 22 21 20 18 16 15 15 15 15 15 15 15 16 16 16 16 16 16 16 16 16 16 16 16 16 16 15 14 14 15 15 14 13 13 12 11 11 11 11 11 11 11 11 11 11 11 11 11 11 11 12 13 14 14 14 13 13 14 15 15 15 14 13 13 13 13 14 14 14 14 14 13 13 12 12 12 11 11 11 11 11 11 11 11 11 11 11
32 31 31 30 28 27 26 25 25 25 23 21 18 16 15 14 14 14 15 15 15 16 16 16 16 16 16 16 16 16 16 16 16 16 16 14 14 14 15 15 14 13 12 12 11 11 11 11 11 10 10 10 10 10 11 11 11 11 11 11 12 13 13 13 14 13 14 15 16 16 15 14 14 13 13 14 14 14 14 14 13 13 12 12 12 11 11 11 11 11 10 10 10 10 10 11
33 32 31 30 29 29 27 28 29 30 28 24 19 15 14 14 14 14 14 15 15 16 16 16 16 16 16 16 16 16 17 17 17 17 16 15 15 15 15 15 14 13 12 12 11 11 11 11 11 10 10 10 10 10 11 11 11 11 11 11 12 12 12 13 13 14 14 17 18 17 16 15 15 14 14 14 14 14 14 14 13 13 12 12 12 11 11 11 11 10 10 10 9 9 9 11
34 33 33 32 32 31 30 31 32 33 32 28 19 15 13 14 14 14 14 15 15 16 16 16 16 16 16 16 16 17 17 17 17 17 17 15 15 15 15 15 14 14 13 12 11 11 11 11 11 10 11 11 11 11 11 11 11 11 11 11 11 12 12 12 12 14 15 19 21 20 19 18 18 18 15 14 14 14 14 14 12 12 12 12 12 11 11 11 11 10 10 10 9 9 9 11
36 34 34 34 33 33 32 32 35 37 33 29 23 17 14 14 14 14 14 15 14 15 15 16 16 16 16 16 17 17 17 17 17 17 17 16 16 16 16 16 15 15 14 12 11 11 11 11 11 10 11 11 11 11 11 11 11 11 11 11 11 11 12 12 12 13 15 20 22 22 23 20 20 19 18 14 14 14 14 14 12 12 12 12 12 11 11 11 11 10 9 10 10 10 10 11
38 36 36 36 35 33 33 34 35 37 33 30 28 22 14 13 13 13 14 15 14 15 15 16 16 17 17 17 17 17 17 18 18 17 17 17 18 17 17 16 16 15 15 13 12 11 11 11 11 11 11 11 11 11 11 11 11 11 11 11 11 11 11 11 11 13 15 19 22 24 23 22 21 21 20 16 14 14 14 14 13 13 12 12 12 11 11 11 11 10 9 10 10 10 10 11
39 38 37 36 35 34 34 34 34 34 32 34 34 24 14 13 13 13 14 14 15 15 15 16 16 17 17 17 17 18 18 18 19 19 18 19 20 19 19 17 16 16 16 14 13 12 11 11 11 11 11 10 10 10 10 11 11 11 11 11 11 11 11 11 11 12 13 18 22 23 21 21 20 19 19 16 15 14 14 14 12 12 12 12 12 11 11 11 11 9 10 10 10 10 10 12
41 40 39 38 37 36 35 34 32 31 30 34 33 21 14 14 13 13 13 14 14 15 15 16 16 17 17 17 18 19 19 20 21 21 21 22 23 23 23 21 18 18 18 17 15 14 12 11 11 11 11 10 10 10 10 11 11 11 11 11 11 11 11 11 11 11 12 16 18 18 16 16 16 15 16 17 16 14 14 14 12 12 12 12 12 11 11 11 11 9 9 10 10 10 11 12
41 41 40 39 40 39 35 33 31 29 28 31 29 17 14 14 14 14 14 14 14 15 15 16 16 17 17 17 20 20 22 23 22 22 23 25 26 27 26 25 22 21 21 20 19 15 13 12 12 11 11 11 11 11 11 11 11 10 10 10 11 11 11 11 11 11 11 12 12 12 11 11 12 13 15 17 16 14 14 13 12 12 12 12 11 10 11 10 10 10 9 10 10 10 11 11
42 42 43 43 43 40 36 34 31 28 26 27 24 14 14 14 13 13 13 14 15 15 15 16 16 17 17 18 21 22 24 24 24 25 26 28 30 31 29 28 26 25 23 21 19 17 15 14 13 12 11 11 11 11 11 10 10 10 10 10 11 11 11 11 11 11 11 11 11 11 11 11 11 12 14 15 15 13 13 13 12 11 11 11 11 10 11 10 10 9 10 10 10 10 10 11
44 45 45 44 43 41 40 39 34 27 25 22 18 14 14 13 13 13 13 14 15 15 15 16 16 17 17 19 22 23 25 25 26 27 29 32 33 34 33 32 29 27 25 22 19 18 17 15 13 13 12 12 11 11 11 10 10 10 10 11 11 11 11 11 11 11 11 11 11 11 11 11 11 11 11 12 12 11 11 12 12 11 11 11 11 10 10 10 9 9 10 10 10 10 10 11
45 44 45 47 47 42 42 42 37 27 22 18 14 14 14 13 14 14 14 14 15 15 15 16 16 17 17 19 23 24 26 26 30 31 34 36 37 37 35 34 33 31 27 23 20 19 19 17 15 14 14 13 12 12 12 11 11 11 11 11 11 11 11 11 11 10 11 11 11 11 13 12 11 11 11 11 11 11 11 11 11 11 11 11 11 10 10 9 9 9 10 10 10 10 10 11
47 44 44 47 46 41 42 44 39 27 22 14 14 14 14 14 14 14 14 14 15 16 16 16 17 17 17 20 23 24 26 30 34 35 38 40 40 40 38 37 37 35 31 26 23 20 20 19 16 16 14 13 12 12 12 11 11 11 11 11 11 11 11 11 11 10 11 11 12 12 13 12 12 12 12 11 11 11 11 11 10 10 11 11 11 10 10 9 9 9 9 10 10 10 10 11
47 45 42 43 42 39 41 44 41 26 22 14 14 14 14 14 14 15 15 15 16 16 16 16 17 17 17 20 23 25 27 34 38 39 42 43 44 43 41 42 42 39 34 30 26 23 22 22 19 17 14 13 13 13 12 12 12 11 11 11 10 11 10 10 10 11 11 11 13 14 13 13 13 13 12 11 11 11 11 11 10 10 10 10 10 9 9 9 9 9 9 9 9 9 10 10
42 43 40 38 38 36 36 40 34 24 19 14 14 14 14 14 15 16 17 17 17 17 17 17 17 17 18 21 24 26 29 36 40 43 44 46 48 47 45 46 47 43 38 32 28 25 23 22 20 17 15 14 14 14 14 14 14 13 12 11 10 11 10 10 10 11 11 13 14 15 14 14 13 13 12 12 11 11 11 11 10 10 9 9 9 9 8 9 9 9 9 9 9 9 10 10
37 39 38 35 34 31 28 29 26 22 19 14 14 14 14 15 16 17 18 18 18 18 18 18 17 18 19 23 25 26 32 37 41 44 47 48 49 47 48 49 49 44 41 33 30 27 25 23 20 18 16 15 14 14 14 16 17 15 13 12 11 11 11 11 11 12 13 14 14 14 14 14 13 13 13 12 12 11 11 11 9 9 9 9 9 8 8 9 9 9 9 9 9 9 9 10
36 36 36 34 30 24 21 21 22 23 21 16 13 13 14 16 19 19 19 19 19 19 20 19 19 19 21 24 25 27 32 38 43 45 47 50 49 48 49 50 48 44 42 34 31 30 28 26 23 20 18 17 17 17 17 18 18 17 16 14 11 11 11 11 12 14 14 14 14 14 14 13 13 13 13 12 12 12 12 12 10 9 9 9 8 9 9 9 9 9 9 9 8 8 9 9
34 35 35 34 27 20 18 18 23 28 28 18 13 13 14 19 24 25 21 20 19 20 20 20 20 21 23 24 26 29 35 42 46 47 48 49 49 48 47 46 45 43 42 38 33 31 29 28 27 24 22 21 20 19 18 18 19 18 18 14 12 11 11 13 14 15 15 14 14 14 14 13 13 13 13 12 12 12 12 12 10 9 9 9 8 9 9 9 9 9 9 9 8 8 8 9
32 30 31 31 24 18 18 18 24 32 32 20 14 13 13 22 28 29 28 23 24 21 21 20 20 22 23 25 28 33 39 45 48 49 49 47 48 48 44 43 42 42 42 39 35 32 32 31 29 28 26 25 23 21 20 20 20 20 19 16 13 13 13 14 15 14 14 14 14 14 14 13 13 13 13 12 12 12 12 12 10 9 9 9 9 8 8 9 9 9 9 9 9 9 9 9
27 25 24 23 19 18 17 17 24 33 34 19 14 13 13 24 31 32 32 31 31 25 21 21 21 23 26 27 31 36 42 46 48 48 48 46 46 45 43 42 41 41 41 38 35 34 33 32 31 30 29 28 26 24 22 21 21 21 20 17 14 14 15 15 15 14 14 14 14 14 14 13 13 13 13 12 12 12 12 12 11 10 9 9 9 8 8 9 9 9 8 8 8 8 9 9
20 18 17 18 16 18 17 17 22 31 32 16 14 14 15 28 34 36 38 37 33 25 22 22 24 26 28 30 33 37 42 44 46 45 45 44 43 42 41 40 40 41 40 37 36 36 35 35 34 33 31 30 28 26 24 23 22 21 21 19 17 16 16 16 16 15 15 15 15 14 14 14 13 13 13 12 12 12 12 12 11 10 9 9 9 9 8 8 8 9 8 8 8 8 9 9
15 15 14 15 15 17 17 16 19 27 25 14 14 14 18 34 37 39 40 35 28 22 21 23 27 29 29 30 33 37 40 41 43 45 45 43 42 41 40 39 39 40 40 38 37 37 36 35 35 33 32 31 30 28 26 24 23 22 21 20 17 17 16 16 16 15 15 14 14 15 14 13 13 13 13 13 12 11 11 11 11 10 9 9 9 9 8 8 8 9 9 9 9 9 9 9
14 14 14 14 14 15 16 15 16 20 16 14 14 14 20 33 38 40 39 30 23 19 19 23 30 30 27 27 30 36 38 39 43 46 45 43 41 40 39 38 38 39 39 39 38 37 36 35 35 34 33 32 32 31 30 27 25 23 22 20 18 17 16 16 16 16 15 14 14 15 14 13 13 13 13 13 12 11 11 11 10 9 8 8 8 8 9 9 9 9 9 8 8 8 9 8
14 14 14 14 14 14 14 14 14 15 14 14 14 14 19 30 33 38 35 26 19 18 19 22 29 29 22 23 27 32 35 38 43 46 44 42 39 37 37 37 37 38 39 39 39 37 36 35 35 34 34 33 33 34 33 31 28 26 24 22 19 17 16 16 16 15 15 15 15 15 14 13 13 13 13 12 12 11 11 11 11 10 8 8 8 8 8 9 9 9 9 8 8 8 8 8
13 13 13 13 14 14 13 13 13 13 13 14 14 14 17 25 26 31 28 20 17 17 16 19 24 23 19 21 25 29 33 36 41 42 40 38 35 34 33 34 35 37 38 38 38 37 36 36 37 38 38 35 35 35 34 31 30 29 27 24 19 17 16 16 16 15 15 15 15 14 14 13 13 13 13 12 12 12 12 12 11 10 9 9 9 8 8 9 9 8 9 8 8 8 7 7
12 13 13 13 13 13 13 13 13 13 13 13 13 13 14 18 22 23 20 17 16 16 15 15 17 17 17 21 24 27 30 32 34 35 33 32 31 31 33 34 35 37 38 38 38 37 37 38 40 43 42 38 36 36 35 32 30 29 29 25 19 17 16 16 16 15 14 14 14 14 14 13 13 13 13 12 12 12 12 12 11 11 10 9 9 9 9 9 9 8 8 8 8 7 6 6
12 13 13 13 13 13 13 13 13 12 12 12 12 13 13 14 17 16 15 15 14 14 14 14 14 14 16 22 23 24 26 28 30 29 28 29 30 31 34 35 36 38 39 39 37 35 36 37 40 46 48 41 38 37 35 32 29 27 26 23 19 17 16 16 16 15 14 14 14 14 14 13 13 13 13 12 12 12 12 11 11 11 10 10 9 8 9 9 9 9 8 7 6 5 5 5
12 12 12 12 12 12 12 12 12 12 12 12 12 13 13 13 13 13 14 14 14 14 14 14 14 14 14 18 19 21 22 23 23 25 28 29 30 32 35 37 39 41 40 38 36 34 34 34 36 42 48 43 40 37 34 30 26 22 19 17 17 17 17 17 16 15 14 13 13 13 13 13 13 13 13 13 13 12 12 11 11 11 11 10 9 8 9 8 8 8 7 5 5 5 5 4
11 11 11 12 12 12 11 11 11 12 12 12 12 13 13 13 13 13 13 13 13 13 13 13 13 14 14 14 14 17 16 17 19 25 29 30 31 33 37 38 40 40 39 37 36 34 33 32 32 35 42 42 41 35 30 25 21 17 17 17 18 18 18 17 16 15 14 13 13 13 13 13 13 13 12 13 13 12 12 12 11 11 11 11 10 9 8 8 8 7 5 5 5 5 5 4
11 11 11 12 12 12 11 11 11 11 12 12 12 12 12 13 13 13 13 13 13 13 13 13 13 13 13 13 13 14 14 15 19 25 27 30 31 31 34 35 36 36 36 37 36 35 33 32 29 28 30 36 36 30 24 21 18 17 17 18 19 19 19 18 17 16 15 14 14 14 14 14 14 14 12 13 13 12 12 12 11 11 12 12 11 10 8 8 8 7 5 4 4 4 5 5
12 12 12 12 12 11 11 11 11 11 11 12 12 12 12 12 12 12 12 12 12 12 12 12 12 12 12 12 13 13 14 14 18 22 26 30 31 32 33 34 35 35 36 37 37 36 34 33 29 25 24 25 24 23 20 18 18 18 18 20 21 21 20 20 19 18 16 14 14 13 14 14 14 14 13 13 13 13 13 12 11 11 12 12 12 10 9 8 8 7 5 4 4 4 5 5
11 11 11 11 11 11 11 11 11 11 11 12 12 12 12 11 12 12 12 12 12 12 12 12 11 12 12 12 12 13 14 14 18 22 26 30 32 33 34 35 37 38 40 39 39 37 38 36 32 26 22 22 21 20 18 18 18 19 19 20 22 22 22 21 20 20 17 14 14 13 14 14 14 14 14 13 13 12 12 12 11 11 12 12 12 11 9 8 8 7 5 5 4 4 5 5
11 11 11 11 11 11 11 11 10 10 11 11 11 11 12 11 11 11 12 12 12 12 12 12 11 12 12 12 12 13 14 14 18 23 27 30 32 34 36 37 39 41 44 45 45 41 41 36 32 26 22 21 20 19 17 17 18 19 20 20 21 22 22 21 20 20 17 14 14 14 14 14 14 14 14 14 14 13 12 12 12 12 12 12 12 11 9 8 8 7 6 5 4 4 5 4
10 10 10 11 11 11 11 11 10 10 11 11 11 11 11 11 11 11 12 12 11 11 11 11 11 11 12 12 12 13 15 15 18 24 28 30 31 33 34 36 41 43 47 50 50 48 43 33 28 25 22 20 19 18 16 16 18 20 20 21 20 21 22 21 18 17 15 14 14 14 13 14 14 14 14 14 14 13 12 12 12 12 11 11 11 10 10 9 8 8 6 5 5 5 5 4
10 10 10 10 10 11 10 10 10 11 11 11 11 11 11 11 11 11 11 11 11 11 11 11 11 10 11 11 12 13 14 14 16 21 27 29 30 32 34 34 41 45 49 49 49 49 41 31 27 24 22 20 18 16 15 15 18 20 20 20 19 19 21 20 15 15 14 13 13 13 13 14 14 14 14 13 13 13 12 12 12 12 11 11 11 11 11 10 9 8 7 6 5 5 5 5
9 9 9 10 10 10 10 10 10 10 11 11 11 11 11 11 11 11 11 11 11 11 11 11 11 10 11 11 11 11 12 13 13 16 21 25 28 31 33 34 40 45 47 44 44 43 38 31 27 24 21 19 18 16 14 14 16 18 18 17 17 16 16 15 14 14 13 13 13 13 13 13 14 14 14 12 12 12 13 13 12 12 12 12 12 12 11 10 10 9 7 7 7 6 7 7
9 9 9 9 10 10 10 10 10 10 11 11 11 11 11 11 11 11 11 11 11 11 11 11 11 11 11 11 11 11 12 12 12 13 17 21 25 31 32 32 36 40 37 35 38 38 35 30 26 23 21 19 17 17 14 14 14 15 14 14 14 14 13 13 14 13 13 14 14 13 13 13 14 14 13 12 14 13 13 12 12 12 12 12 12 12 11 11 10 9 8 8 8 8 8 9
9 9 9 9 9 10 9 9 9 10 11 11 11 11 11 11 11 11 11 11 11 11 11 11 10 10 10 10 10 9 11 11 12 13 15 19 22 28 28 28 28 30 31 29 34 35 31 25 23 22 19 18 17 17 14 14 14 14 14 13 13 13 13 13 13 13 13 14 14 14 12 12 13 13 13 14 14 13 13 12 11 11 11 11 12 12 12 11 11 10 10 10 10 10 11 11
9 9 9 9 9 10 9 9 9 10 11 11 11 11 11 11 11 11 10 10 10 10 10 10 10 9 9 9 9 9 9 10 11 12 13 15 18 21 22 21 22 24 25 24 29 31 26 22 20 21 20 18 17 16 14 13 13 13 13 13 13 13 13 13 13 13 14 14 14 14 12 12 12 13 14 14 14 13 12 11 11 11 11 11 12 12 12 12 11 11 11 10 10 11 11 11
9 9 9 9 9 10 10 10 10 9 10 11 11 11 11 11 10 10 10 10 10 10 10 10 10 9 9 9 9 9 8 8 8 10 11 12 13 13 15 15 17 19 20 21 21 22 20 19 19 19 20 18 16 15 14 13 13 13 13 13 13 12 12 12 13 14 15 14 14 13 12 12 13 14 14 13 12 12 12 11 10 12 12 12 12 13 13 12 12 12 13 13 13 13 13 13
9 9 9 9 9 9 10 10 9 9 10 10 10 10 10 11 10 10 10 10 9 10 10 9 9 9 9 9 8 8 8 8 8 8 9 10 10 11 12 13 15 17 18 18 18 17 17 18 18 19 20 17 15 14 13 13 13 13 13 13 12 12 12 12 13 14 14 14 13 13 12 14 14 14 14 13 12 12 12 11 10 12 12 12 12 13 13 13 13 13 13 14 14 14 14 14
9 9 9 9 8 9 10 10 9 9 9 9 9 9 10 10 10 10 10 10 9 10 10 9 9 9 9 9 8 8 8 8 8 8 8 9 9 9 11 11 13 15 16 16 16 15 15 16 16 16 17 16 14 14 13 12 13 13 13 13 12 12 12 12 14 14 13 13 13 14 15 14 14 14 14 13 13 12 12 12 12 12 12 12 13 14 14 14 14 14 15 15 15 15 15 14
8 9 9 9 8 9 9 9 10 10 10 10 10 9 9 10 10 10 10 10 10 10 10 10 9 9 9 9 8 8 8 8 8 8 8 8 8 8 9 10 11 13 13 13 13 12 13 13 13 13 14 15 14 13 12 12 12 12 12 12 12 12 12 12 14 13 13 14 14 14 14 15 14 14 14 13 13 13 12 12 12 12 13 13 14 14 14 14 14 15 15 15 15 15 15 15
8 9 9 9 9 9 9 9 10 10 10 10 10 10 10 10 10 10 10 10 9 10 10 10 9 9 9 9 8 8 8 8 8 8 8 8 8 8 8 8 9 10 11 10 10 10 10 10 10 10 11 12 11 11 11 11 12 12 12 12 11 11 12 12 12 12 14 14 14 14 14 15 14 14 14 14 14 14 14 14 14 14 14 14 14 15 14 14 14 15 16 15 15 15 15 15
8 9 9 9 9 9 9 9 10 10 10 10 10 10 10 10 10 10 10 10 9 10 10 10 9 9 9 9 8 8 8 8 8 8 8 8 8 8 8 8 8 9 8 9 8 8 8 8 8 9 9 9 10 10 10 10 11 11 11 12 11 11 11 11 11 12 14 13 13 14 14 14 14 14 14 14 14 14 14 14 14 14 14 14 15 15 15 14 15 15 16 15 15 15 15 15
8 9 9 9 9 9 9 9 10 10 10 10 10 10 10 10 10 10 10 9 10 10 10 10 10 9 9 9 8 8 8 8 8 8 7 7 8 8 8 8 8 8 8 8 7 7 7 7 7 7 8 8 9 9 9 9 9 10 11 12 11 10 11 11 11 12 13 13 13 13 14 14 15 15 15 15 15 15 15 14 14 14 15 15 15 16 15 15 15 16 16 15 15 15 15 15
8 9 9 9 9 9 9 9 10 10 10 10 10 10 10 10 10 10 10 9 10 9 9 9 9 9 9 9 8 8 8 8 8 8 7 7 7 7 7 7 7 7 7 7 6 6 6 6 6 7 7 8 9 9 9 9 9 10 11 11 10 10 11 11 11 11 11 12 12 13 14 15 15 15 14 15 15 15 15 14 15 14 15 15 15 16 16 16 16 16 15 15 14 14 14 14
8 9 9 9 9 9 10 10 10 10 10 10 10 10 10 10 10 10 10 9 9 9 9 9 9 9 9 9 9 9 8 8 8 8 7 6 6 6 7 7 6 6 6 6 6 6 5 5 5 5 6 8 8 8 9 9 10 10 9 10 10 11 11 11 11 11 11 12 12 13 14 14 14 14 14 14 15 15 15 15 16 16 16 16 16 16 16 16 16 16 15 14 14 14 14 13
8 9 9 9 9 9 10 10 10 10 10 10 10 10 9 9 9 9 9 9 9 9 9 9 9 9 9 9 9 9 9 8 8 8 8 7 7 7 6 6 6 6 6 6 6 6 5 5 5 5 6 7 8 9 9 11 10 10 9 9 10 11 12 12 11 11 11 12 13 14 14 14 14 14 14 14 15 15 15 16 16 15 15 15 15 16 16 16 16 16 15 14 14 14 14 12
9 9 9 8 8 9 9 9 9 10 9 10 10 9 9 9 9 9 9 9 8 8 8 8 8 9 9 9 9 9 9 8 8 8 8 7 6 6 6 6 6 6 6 6 5 5 5 6 6 6 6 6 9 10 11 10 10 9 9 9 10 12 12 12 12 12 12 12 14 14 15 15 15 15 15 15 15 15 15 15 15 15 15 15 15 15 15 15 15 15 15 14 14 14 13 11
9 9 9 8 8 9 9 9 9 10 9 10 10 9 9 9 9 9 9 9 8 8 8 8 8 9 9 9 8 8 9 8 8 8 8 7 6 6 6 6 6 6 6 6 5 5 5 5 5 5 6 6 9 11 10 10 9 9 9 9 11 12 12 12 13 13 14 14 14 15 15 15 15 15 15 15 15 15 15 15 15 15 15 15 15 15 15 15 15 14 15 14 13 13 12 11
9 9 9 9 9 9 9 9 9 9 9 9 9 9 9 9 9 9 9 9 9 9 9 9 9 9 9 9 8 8 9 8 8 8 8 7 6 6 6 6 6 6 6 6 6 6 6 5 5 6 6 7 8 10 9 9 8 8 8 9 11 11 11 12 12 13 14 14 14 14 14 14 14 14 14 15 15 15 15 15 15 15 15 15 15 15 15 15 15 14 14 14 13 12 11 10
9 9 9 9 9 9 9 9 9 9 9 9 9 9 9 8 9 9 9 9 8 8 8 9 9 8 8 8 8 9 8 8 8 8 8 7 6 6 6 6 6 6 6 6 6 6 6 6 6 7 7 7 6 7 7 7 7 8 8 8 10 10 11 11 12 13 13 14 14 14 14 14 14 14 14 15 15 14 14 14 15 15 15 15 15 15 15 15 15 15 14 13 12 12 11 9
9 9 9 9 9 8 8 8 8 9 9 9 9 9 9 8 9 9 9 9 8 8 8 9 8 8 8 8 8 8 8 8 8 8 7 7 6 6 6 6 5 5 6 6 7 7 6 6 7 8 6 5 5 6 6 6 6 7 7 7 8 9 10 10 11 12 13 13 13 13 14 14 14 14 14 14 14 14 14 14 15 15 15 15 14 14 14 14 14 14 13 13 12 11 10 9
9 9 9 9 9 8 8 8 8 9 9 9 9 9 9 9 9 9 9 8 8 8 8 8 8 8 8 8 8 8 8 8 8 7 7 7 6 6 6 5 5 5 6 7 7 8 7 8 7 7 5 5 5 5 5 5 6 6 6 6 6 7 8 8 10 12 13 13 13 13 14 13 13 13 13 14 14 14 14 15 15 15 15 15 14 14 14 14 14 13 12 12 11 11 9 7
9 9 9 9 9 9 9 9 8 8 9 8 8 8 9 9 9 9 9 8 8 8 8 8 8 7 7 7 7 7 7 7 7 7 7 6 6 6 6 5 6 6 6 7 8 8 8 7 6 5 5 5 5 5 5 5 5 5 5 5 6 6 7 8 10 11 12 12 12 13 13 13 13 13 13 13 14 14 14 14 14 14 14 14 14 13 13 13 13 12 12 11 11 10 8 7
8 8 8 9 9 9 9 9 8 8 9 8 8 8 9 9 9 9 8 8 8 8 8 7 7 7 7 7 7 6 7 7 7 7 7 6 6 6 6 6 6 6 6 7 8 7 7 6 6 5 5 5 5 5 5 5 5 5 5 5 5 6 6 7 8 11 11 12 12 12 12 13 13 13 14 13 14 13 13 14 14 13 14 14 13 13 13 12 12 12 11 10 10 9 8 6
8 8 8 9 9 8 9 9 9 9 9 9 9 9 9 9 9 9 8 8 7 7 7 6 6 6 6 6 6 6 6 6 6 6 6 6 6 6 5 5 6 6 6 7 7 7 6 6 6 5 4 5 4 4 4 4 4 4 4 4 5 5 6 7 8 10 11 12 12 12 13 13 13 13 13 13 13 13 13 13 13 13 13 13 13 12 12 12 11 11 10 9 9 8 7 6
8 9 9 9 9 8 9 9 9 9 9 9 9 9 9 9 9 9 8 8 7 6 6 6 6 6 6 6 6 6 6 6 6 6 6 6 6 6 5 5 6 6 6 6 6 6 6 5 5 5 4 4 4 4 4 4 4 4 4 4 5 5 6 6 8 9 10 11 11 12 13 13 13 13 13 13 13 13 13 13 12 12 12 12 12 12 11 11 10 9 7 5 5 5 6 6
8 8 8 8 8 8 8 8 8 8 8 8 8 8 8 8 8 8 8 7 6 6 6 6 6 6 6 6 6 6 6 6 6 6 6 6 6 6 6 5 5 5 5 5 6 6 5 5 5 4 4 4 4 4 4 4 4 4 4 4 5 5 6 6 7 9 10 11 11 12 13 13 13 13 13 12 12 12 12 12 12 11 11 11 11 11 11 10 8 5 2 1 0 1 4 6
8 8 8 8 8 8 8 8 8 8 8 8 8 8 8 8 8 8 8 7 6 6 6 6 6 6 6 6 6 6 6 6 6 6 6 6 5 5 5 5 5 5 5 5 5 5 4 4 4 4 3 3 4 4 4 4 4 4 4 4 5 5 6 6 7 9 11 11 12 12 13 14 14 13 13 12 12 11 11 11 10 10 10 10 10 10 10 9 5 1 0 0 0 0 1 4
7 7 7 7 7 8 8 8 8 8 8 8 8 8 8 8 7 7 7 7 6 6 6 6 5 5 6 6 6 6 6 5 5 5 6 5 5 5 5 6 5 4 4 4 4 4 4 3 3 3 3 2 3 3 3 3 4 4 4 5 5 5 6 7 8 10 11 12 13 14 14 14 14 14 13 12 11 11 10 9 9 9 8 8 9 9 9 6 1 0 0 0 0 0 0 1
6 7 7 7 7 7 7 7 7 7 7 7 7 7 7 7 7 7 7 7 6 5 5 5 5 5 5 5 6 6 6 5 5 5 5 5 5 5 5 5 5 4 4 4 4 3 3 2 2 2 2 2 2 2 2 3 3 4 4 5 5 6 7 8 10 12 13 14 15 15 15 15 15 15 14 12 11 10 9 7 7 7 6 6 6 7 7 2 0 0 0 0 0 0 0 0
6 6 6 6 7 7 7 7 7 7 7 7 7 7 7 6 6 6 7 6 6 5 5 5 6 5 5 5 5 6 6 6 6 5 5 5 5 5 5 5 5 4 4 3 3 2 2 2 1 1 1 1 1 1 1 2 2 3 4 4 5 6 8 9 11 13 14 15 16 16 16 15 14 14 13 11 9 8 7 5 6 6 5 3 2 4 5 0 0 0 0 0 0 0 0 0
6 6 6 6 6 7 7 7 7 7 7 7 7 7 7 6 6 6 6 6 6 6 6 6 6 6 5 5 5 6 6 5 5 5 5 5 4 4 4 4 4 4 4 3 2 2 1 1 1 0 0 0 1 1 1 2 2 2 3 4 5 6 8 10 11 13 14 16 16 17 16 15 14 13 12 9 7 6 5 3 4 3 2 0 0 0 0 0 0 0 0 0 0 0 0 0
6 6 6 6 6 6 6 6 6 6 6 6 6 6 6 6 6 6 6 6 5 5 5 6 6 5 6 6 6 6 5 5 5 4 4 4 4 4 4 4 4 3 3 2 2 1 1 0 0 0 0 0 1 1 1 1 1 2 2 3 4 6 8 10 11 13 14 16 16 17 16 15 14 12 10 7 6 4 3 1 1 0 0 0 0 0 0 0 0 0 0 0 0 0 0 0
5 5 5 5 6 5 5 5 6 6 5 5 5 5 5 5 5 5 6 6 5 5 5 6 6 5 6 6 5 5 5 5 5 4 4 4 4 4 4 4 3 3 3 2 2 1 0 0 0 0 0 0 0 0 1 0 0 1 2 3 4 5 8 10 12 14 15 15 15 16 15 13 11 9 8 6 5 4 1 0 0 0 0 0 0 0 0 0 0 0 0 0 0 0 0 0
