geo_cache/6-2/elevation.txt
ncols         942
nrows         918
xllcorner     -71.03333333333333
yllcorner     42.256
cellsize      1.0E-5
NODATA_value  -9999
[rows 164 to 245 of 918, columns 96 to 191 of 942]
0 0 0 0 0 0 0 0 0 0 0 0 0 0 0 0 0 0 0 0 1 1 2 1 0 0 0 0 0 0 0 0 0 0 0 0 0 0 0 0 0 0 0 0 0 2 2 2 2 3 3 2 2 2 3 4 4 4 4 5 5 4 3 2 2 2 3 3 3 3 3 2 2 3 4 5 6 6 6 6 6 5 5 5 6 6 5 4 4 5 5 6 6 6 6 5
0 0 0 0 0 0 0 0 0 0 0 0 0 0 1 1 1 1 1 1 2 3 3 3 1 0 0 0 0 0 0 0 0 0 0 0 0 0 0 0 0 0 0 0 0 2 3 3 3 3 3 2 2 2 3 3 4 4 4 4 3 2 2 2 2 2 3 3 3 3 3 3 3 3 4 5 6 6 6 6 6 6 6 6 6 6 5 4 4 5 5 5 5 5 5 5
1 0 1 0 0 0 0 0 0 0 0 0 0 1 3 4 2 2 2 3 4 3 3 3 2 0 0 0 0 0 0 0 0 0 0 0 0 0 0 0 0 0 0 0 0 3 4 6 4 4 3 3 3 3 3 3 3 3 3 3 2 1 1 1 1 2 2 2 2 2 2 3 3 3 4 5 6 5 5 5 5 5 5 5 5 5 5 4 4 4 5 5 4 4 4 4
4 2 2 1 1 1 0 0 0 0 0 0 0 1 4 5 4 3 3 5 5 4 3 3 2 0 0 0 0 0 0 0 0 0 0 0 0 0 0 0 0 0 0 0 0 2 5 7 6 5 3 3 3 3 2 2 2 3 3 3 1 1 1 1 1 1 2 2 2 2 2 3 3 4 4 5 5 5 5 5 5 5 5 5 4 4 4 4 4 4 4 4 4 4 4 4
8 6 4 3 2 1 0 0 0 0 0 0 0 1 2 5 4 4 5 6 5 4 3 3 2 1 0 0 0 0 0 0 0 0 0 0 0 0 0 0 0 0 0 0 0 1 3 4 6 5 3 2 2 2 2 2 2 2 2 3 1 1 1 1 1 1 2 2 2 2 2 3 4 4 5 5 5 5 5 5 4 4 4 4 4 4 3 3 3 3 3 3 3 3 3 3
13 11 9 6 4 3 1 1 0 0 0 0 1 3 4 6 5 5 6 7 6 4 4 3 2 1 1 0 0 0 0 0 0 0 0 0 0 0 0 0 0 0 0 0 0 0 1 2 2 2 2 2 1 1 1 1 1 1 2 2 1 0 0 0 0 1 1 2 2 2 2 3 4 4 5 5 5 4 4 4 3 3 3 3 3 3 2 2 2 3 3 3 3 3 3 3
16 14 12 11 8 6 2 1 1 1 1 2 3 6 7 7 7 7 7 8 7 5 4 4 3 2 2 1 0 0 0 0 0 0 0 0 0 1 1 0 0 0 0 0 0 0 0 0 0 0 1 1 0 0 0 0 1 1 1 1 1 0 0 0 0 1 1 2 2 2 2 4 4 4 5 5 4 4 4 4 3 3 3 3 3 3 2 2 2 3 3 3 3 3 3 3
17 15 14 13 10 8 5 2 2 2 2 2 5 7 8 8 9 9 9 9 7 5 4 4 3 3 2 1 0 0 0 0 0 0 0 0 2 2 1 0 0 0 0 0 0 0 0 0 0 0 0 0 0 0 0 0 0 0 0 0 0 0 0 0 0 1 2 2 2 2 3 4 4 4 4 4 4 4 4 4 3 2 3 3 3 3 3 3 3 3 3 3 3 3 3 3
17 15 14 12 10 8 7 5 4 4 5 5 6 7 8 10 12 12 11 10 8 5 4 4 4 3 2 1 0 0 0 0 0 0 0 1 2 2 2 1 0 0 0 0 0 0 0 0 0 0 0 0 0 0 0 0 0 0 0 0 0 0 0 0 0 1 2 2 2 2 2 4 4 4 4 3 3 3 3 4 3 2 2 2 2 3 3 3 3 3 3 3 5 4 4 4
15 13 12 11 10 9 8 7 7 8 8 9 9 8 9 12 14 13 12 11 8 6 5 5 4 3 2 0 0 0 0 0 0 0 1 1 2 2 2 1 0 0 0 0 0 0 0 0 0 0 0 0 0 0 0 0 0 0 0 0 0 0 0 0 0 1 2 2 2 2 2 3 3 3 3 2 3 3 3 3 3 3 2 2 2 3 3 3 3 4 4 5 5 5 5 4
13 12 11 11 11 11 11 11 12 13 15 15 13 12 11 12 14 14 14 12 9 6 5 5 4 2 1 0 0 0 0 0 0 0 2 3 2 2 2 2 1 0 0 0 0 0 0 0 0 0 0 0 0 0 0 0 0 0 0 1 0 0 0 0 1 1 2 3 3 3 3 3 3 3 3 2 3 3 3 3 3 3 3 3 3 3 4 4 4 4 5 5 5 5 5 4
14 14 13 13 13 14 15 16 17 18 21 22 21 21 18 15 15 15 15 14 10 7 5 5 4 3 2 0 0 0 0 0 0 0 2 3 3 2 2 2 1 0 0 0 0 0 0 0 0 0 0 0 0 0 0 0 0 0 2 2 1 1 1 1 1 1 2 3 3 3 3 3 3 3 3 3 3 2 2 2 3 3 3 3 3 3 4 4 4 4 4 4 4 4 4 3
18 18 18 19 19 19 18 19 21 24 28 27 28 30 28 23 19 16 16 15 10 8 5 5 4 3 2 0 0 0 0 0 0 0 2 4 3 3 3 2 1 1 0 0 0 0 0 0 0 0 0 0 0 0 0 0 0 2 2 2 2 2 2 2 2 2 2 2 2 3 3 3 3 3 3 2 3 2 2 2 3 3 2 2 2 3 4 4 4 4 4 3 3 3 3 3
20 23 25 26 24 24 23 24 25 30 34 33 32 34 34 30 26 19 16 14 10 8 5 5 4 3 2 0 0 0 0 0 0 0 1 4 3 2 2 1 0 0 0 0 0 0 0 0 0 0 0 0 0 0 0 1 2 3 3 3 2 2 2 2 2 2 2 2 2 2 2 3 3 3 3 2 3 3 3 3 2 2 2 2 2 3 3 4 4 4 4 3 3 3 3 3
23 28 30 31 29 28 27 26 26 32 35 37 35 35 34 32 31 26 20 15 10 8 5 5 4 3 1 0 0 0 0 0 0 0 1 4 3 2 2 0 0 0 0 0 0 0 0 0 0 0 0 0 0 1 1 3 3 3 3 3 3 3 2 2 2 3 3 3 3 2 2 2 2 2 3 3 2 2 2 3 2 2 2 2 2 3 3 3 3 3 4 3 3 3 3 3
26 31 34 34 35 34 33 29 27 29 32 36 36 35 33 31 33 32 25 18 10 7 6 5 5 3 1 0 0 0 0 0 0 0 2 4 3 2 1 0 0 0 0 0 0 0 0 0 0 0 0 0 0 2 2 3 3 3 3 3 3 3 3 3 3 2 3 3 3 3 3 2 2 2 3 3 2 2 2 2 3 3 2 2 2 3 3 3 3 3 3 3 3 3 3 3
29 33 36 37 38 38 37 34 30 28 28 31 34 36 33 29 31 33 25 17 10 7 6 5 5 2 1 0 0 0 0 0 0 0 3 3 3 2 0 0 0 0 0 0 0 0 0 0 0 0 0 0 0 2 2 3 2 2 2 3 3 3 3 3 3 2 2 2 2 3 3 3 3 3 3 3 3 2 2 2 3 3 2 2 2 2 3 3 3 3 3 3 3 3 3 4
29 32 35 36 36 37 36 33 32 28 24 26 29 32 30 26 24 27 19 12 9 7 5 5 5 2 2 1 0 0 0 0 0 2 3 3 2 1 0 0 0 0 0 0 0 0 0 0 0 0 0 0 1 1 2 3 2 2 2 3 3 2 2 2 3 3 2 2 2 3 3 3 3 3 3 3 3 3 3 3 3 2 2 2 2 2 2 3 3 3 3 3 3 3 3 3
26 30 34 34 33 34 33 28 29 26 22 22 24 27 26 24 20 18 12 8 7 6 5 5 5 3 3 2 1 0 0 0 1 3 4 3 2 0 0 0 0 0 0 0 0 0 0 0 0 0 0 0 1 1 2 3 3 3 3 2 3 2 2 2 3 2 3 3 3 3 3 3 3 3 3 3 3 3 3 3 3 2 2 2 2 3 2 3 3 3 3 3 2 2 2 3
26 30 35 36 33 31 29 27 26 25 23 21 22 24 23 21 18 12 7 6 5 5 5 5 5 3 3 3 3 2 1 2 3 3 4 3 2 0 0 0 0 0 0 0 0 0 0 0 0 0 0 1 1 2 2 3 2 2 2 2 3 3 3 3 3 2 3 3 3 3 3 3 3 3 3 3 3 3 3 3 3 3 2 2 2 2 3 3 3 3 3 3 2 2 2 2
27 32 37 40 39 33 29 28 27 28 25 22 20 20 18 17 13 9 6 5 5 5 5 5 5 4 4 4 4 3 3 3 4 4 3 2 2 0 0 0 0 0 0 0 1 2 1 1 1 2 2 2 2 2 3 3 2 2 2 3 3 3 3 3 2 2 3 3 3 3 3 3 3 3 3 3 3 3 3 2 2 2 2 2 2 2 3 3 3 3 3 3 3 3 2 2
29 31 35 39 41 37 31 30 29 29 27 23 22 19 16 13 9 6 5 5 5 5 4 4 4 4 4 4 4 4 4 3 3 3 3 2 1 0 0 0 0 0 1 4 4 5 3 2 2 2 2 2 2 2 3 3 3 3 3 3 3 3 2 2 2 2 3 3 3 3 3 3 3 3 3 3 3 3 3 2 2 2 2 2 2 2 3 3 3 3 3 3 3 3 3 3
29 29 32 37 39 39 35 32 31 28 25 23 23 21 17 11 7 5 5 5 5 5 4 4 4 4 4 4 4 4 4 3 3 3 3 2 1 0 0 0 0 0 4 6 6 5 3 3 3 3 3 3 3 3 3 3 2 2 2 3 3 3 2 2 2 3 3 3 3 3 3 3 2 2 2 3 2 3 3 3 2 2 2 2 2 2 2 3 3 3 3 3 3 3 3 3
29 27 29 35 39 40 38 32 29 26 23 21 20 19 17 11 6 5 5 5 5 5 4 4 4 4 4 4 4 4 3 3 3 3 3 2 0 0 0 0 0 1 7 7 6 4 3 3 3 3 3 3 3 3 2 3 2 2 2 3 3 3 3 3 3 3 2 2 2 3 3 3 2 2 2 3 2 2 2 2 2 2 2 2 2 2 2 3 3 3 3 3 3 3 3 3
26 26 27 33 38 40 39 31 27 25 21 20 17 16 15 11 5 5 5 5 4 4 4 4 4 4 4 4 4 4 3 2 2 2 3 2 0 0 0 0 0 1 6 6 6 4 2 2 2 3 3 3 3 3 2 3 3 3 3 3 3 2 2 2 3 3 2 2 2 3 3 2 2 2 3 3 2 2 2 2 2 2 2 2 2 2 2 2 2 3 3 2 2 2 3 3
27 26 26 33 37 39 37 31 26 24 22 20 17 15 13 9 5 5 5 5 4 4 4 4 4 4 4 4 4 3 3 2 2 2 3 2 0 0 0 0 0 0 4 6 5 3 2 2 2 3 3 3 3 3 3 3 2 2 2 2 2 2 2 2 3 3 3 3 3 3 3 2 2 2 3 3 2 2 2 3 3 2 2 2 2 2 2 2 2 2 3 2 2 2 3 3
31 27 26 33 37 38 35 31 27 24 22 22 19 15 11 7 5 5 5 5 4 4 4 4 4 4 4 3 3 2 3 3 3 3 2 2 1 0 0 0 0 0 1 4 4 2 2 2 2 2 3 3 3 3 3 3 2 2 2 2 2 2 2 2 3 3 3 2 2 2 2 2 3 3 3 3 2 3 3 3 3 2 2 2 2 2 2 2 2 2 2 2 3 3 3 3
33 30 27 30 36 37 35 33 30 26 22 21 19 14 10 6 5 5 5 5 4 4 4 4 4 4 4 3 3 2 2 2 3 3 2 2 2 0 0 0 0 0 0 1 2 1 1 1 1 2 3 3 3 3 3 2 2 2 2 2 2 3 3 3 3 3 3 2 2 2 2 2 3 3 3 3 2 3 3 2 2 2 2 2 2 2 2 2 2 2 2 2 2 2 3 3
31 30 27 25 29 32 33 33 32 28 19 17 15 10 6 5 5 5 5 4 4 4 4 4 4 3 3 3 3 3 2 2 3 3 3 3 2 2 0 0 0 0 0 0 0 0 0 0 1 1 2 3 3 3 3 2 2 2 2 2 2 3 3 3 3 3 3 3 3 3 2 2 3 3 2 2 3 3 3 2 2 2 2 2 2 2 2 2 2 2 2 2 2 2 3 3
27 26 23 21 21 23 27 28 31 27 16 12 9 7 5 5 5 5 5 4 4 4 3 3 3 3 3 3 3 3 2 2 3 3 3 3 3 2 2 0 0 0 0 0 0 0 0 0 0 0 0 2 3 3 2 2 2 2 2 2 2 2 2 2 2 3 3 3 3 3 2 2 3 3 2 2 3 3 3 3 3 2 2 2 2 2 2 2 2 2 2 2 2 2 3 3
27 21 20 18 17 18 20 24 29 26 14 8 6 5 5 5 5 4 4 4 4 3 3 3 3 3 3 2 2 2 2 2 3 3 3 3 3 2 2 2 0 0 0 0 0 0 0 0 0 0 0 0 2 2 1 2 2 2 2 2 2 2 2 2 2 2 3 3 3 3 3 2 3 3 3 3 3 3 3 3 3 2 2 2 2 2 2 2 2 2 2 2 2 2 3 3
29 20 18 18 18 17 17 20 25 22 12 6 4 4 4 5 5 4 4 4 4 3 3 3 2 2 3 2 2 2 2 2 3 3 3 3 3 3 3 3 2 0 0 0 0 0 0 0 0 0 0 0 1 1 0 1 2 2 2 3 3 2 2 2 2 2 3 3 3 3 3 3 3 3 3 3 3 3 3 3 3 2 2 2 2 2 2 2 2 2 2 2 2 2 3 3
24 21 18 18 19 18 16 16 18 15 8 5 4 4 4 4 4 4 4 4 3 3 3 3 2 2 3 2 2 2 3 3 3 3 3 3 3 3 3 3 2 2 0 0 0 0 0 0 0 0 0 0 0 0 0 0 1 2 2 2 3 3 2 2 2 2 3 3 3 3 3 3 3 3 3 3 2 3 3 3 3 2 2 2 2 2 2 2 2 2 2 2 3 3 3 3
17 20 17 15 17 19 16 13 12 9 5 5 4 4 4 4 4 4 4 4 3 3 3 3 3 2 3 2 2 2 3 3 3 3 3 3 3 3 3 3 3 2 1 0 0 0 0 0 0 1 0 0 0 0 0 0 0 1 1 2 2 2 3 3 3 3 3 3 3 3 3 3 3 3 3 3 2 3 3 3 3 2 2 2 2 2 2 2 2 2 2 2 3 3 3 3
13 14 15 12 13 14 12 9 7 6 5 5 4 4 4 4 4 4 4 4 3 3 3 3 2 2 3 3 3 3 3 3 3 3 3 2 3 3 5 5 3 2 2 2 1 1 0 0 0 2 0 0 0 0 0 0 0 0 0 1 2 2 3 3 3 3 3 2 2 2 2 3 3 3 3 3 2 2 2 2 2 2 2 2 2 2 2 2 2 2 2 2 2 2 3 3
11 11 11 10 10 9 8 6 5 5 4 4 4 4 4 4 4 4 4 4 3 3 3 3 2 2 2 3 3 3 3 3 3 3 3 2 3 4 6 6 3 3 3 3 3 2 2 2 2 1 0 0 0 0 0 0 0 0 0 0 1 2 3 3 2 2 3 2 2 2 2 3 2 2 2 3 3 2 2 2 2 2 2 2 2 2 2 2 2 2 2 2 2 2 2 2
8 8 8 7 7 6 5 5 4 4 4 4 4 4 4 4 4 4 4 4 3 3 3 3 3 2 2 3 3 3 3 3 3 3 3 3 3 5 6 5 3 3 3 3 3 2 2 2 2 1 0 0 0 0 0 0 0 0 0 0 0 0 2 2 2 2 3 2 2 2 3 3 2 2 2 3 2 2 2 2 2 2 2 2 2 2 2 2 2 2 2 2 2 2 2 2
6 6 6 5 5 4 3 3 2 2 3 3 4 4 4 4 4 4 4 4 3 3 3 3 3 3 3 3 3 3 2 2 2 2 2 3 3 6 6 3 3 3 3 3 3 2 2 2 2 2 0 0 0 0 0 0 0 0 0 0 0 0 0 1 2 2 3 2 2 2 3 3 3 3 3 3 2 2 2 2 2 2 2 2 2 2 2 2 2 2 2 2 2 2 2 2
5 5 5 5 4 4 3 2 2 2 3 3 3 3 3 3 4 4 4 4 3 3 3 3 3 3 3 3 3 2 2 2 2 2 2 3 3 6 5 3 3 3 3 3 3 3 3 2 2 2 0 0 0 0 0 0 0 0 0 0 0 0 0 0 1 2 2 3 3 3 3 3 3 3 3 2 3 3 3 2 2 2 2 2 2 2 2 2 2 2 2 2 2 2 2 2
5 5 4 4 4 3 3 3 3 3 3 2 2 2 3 3 4 3 3 3 3 3 3 3 3 3 3 3 3 2 2 3 3 3 3 3 5 6 4 3 3 3 3 3 3 3 3 2 2 2 1 1 1 0 0 0 0 0 0 0 0 0 0 0 0 1 1 2 2 3 3 2 2 2 3 2 3 3 3 2 2 2 2 2 2 2 2 1 1 1 1 2 2 2 2 2
5 4 4 4 4 3 3 3 3 3 3 2 2 2 3 3 3 3 3 3 3 3 3 3 3 3 3 3 3 3 2 3 3 3 3 3 6 5 3 3 3 3 3 3 3 3 3 2 2 2 2 2 2 2 1 0 0 0 0 0 0 0 0 0 0 0 0 1 2 2 2 2 2 2 3 3 2 2 2 2 2 2 2 2 2 1 1 1 1 1 1 1 1 1 1 1
5 4 4 4 3 3 3 3 3 3 3 2 2 2 3 3 3 3 3 3 3 3 3 3 3 3 3 3 3 3 2 2 3 3 3 4 6 4 3 3 3 3 3 3 3 3 3 3 3 3 3 3 3 3 3 0 0 0 0 0 0 0 0 0 0 0 0 0 1 1 2 3 3 3 2 2 2 2 2 2 2 2 2 2 1 1 1 1 1 1 1 1 1 1 1 1
5 4 4 4 3 3 3 3 3 3 3 2 2 2 3 3 3 3 3 3 3 3 2 2 2 3 3 3 3 3 2 2 3 3 3 6 5 3 3 3 3 3 3 3 4 4 3 3 3 3 3 3 3 3 3 2 1 0 0 0 0 0 0 0 0 0 0 0 0 0 1 2 2 2 2 2 2 2 2 2 2 2 1 1 1 1 1 1 1 1 1 1 1 1 1 1
4 4 3 3 3 3 3 3 3 2 2 2 2 2 3 3 2 2 2 3 3 3 2 2 2 3 3 3 3 3 2 2 3 3 4 6 3 3 3 3 3 3 4 5 5 4 4 4 4 4 4 4 3 3 3 3 2 2 0 0 0 0 0 0 0 0 0 0 0 0 0 1 2 1 1 1 1 1 1 1 1 1 1 0 0 0 0 1 1 1 1 1 1 1 1 1
4 4 3 3 3 3 3 2 2 2 2 3 3 3 3 3 2 2 2 3 3 3 3 3 3 2 2 3 3 3 2 2 3 3 5 5 2 3 3 3 3 4 6 6 5 5 4 4 4 4 4 4 4 4 4 4 3 2 2 0 0 0 0 0 0 0 0 0 0 0 0 0 0 0 0 0 0 0 0 0 0 1 0 0 0 0 0 0 0 1 1 1 1 1 1 1
4 3 3 3 3 3 2 2 2 2 2 3 3 3 3 3 3 2 2 2 3 3 3 3 2 2 2 3 3 3 3 3 3 5 5 3 3 3 3 3 4 5 5 5 5 4 5 4 4 4 3 4 4 4 4 3 3 2 1 0 0 0 0 0 0 0 0 0 0 0 0 0 0 0 0 0 0 0 0 0 0 0 0 0 0 0 0 0 0 1 1 1 1 1 1 1
4 3 3 3 3 3 2 2 2 2 2 3 3 3 3 3 3 2 2 2 3 3 3 3 2 3 3 3 3 3 3 3 4 5 5 4 3 3 3 3 5 5 5 5 5 4 5 4 4 3 2 3 3 3 3 3 2 1 0 0 0 0 0 0 0 0 0 0 0 0 0 0 0 0 0 0 0 0 0 0 0 0 0 0 0 0 0 0 0 1 1 1 1 1 1 1
3 3 3 3 3 3 2 2 2 2 2 2 2 2 3 3 3 3 3 2 2 2 2 2 3 3 2 2 2 3 3 3 5 5 5 4 3 3 3 4 6 6 5 5 6 5 5 5 4 2 0 1 2 2 2 2 2 0 0 0 0 0 0 0 0 0 0 0 0 0 0 0 0 0 0 0 0 0 0 0 0 0 0 0 0 0 0 0 0 0 0 1 1 1 1 1
3 3 3 3 3 3 2 2 2 2 2 2 2 2 2 2 2 2 2 2 2 2 2 2 3 3 2 2 2 3 3 5 5 5 5 4 3 3 3 5 6 6 6 6 6 6 5 5 4 1 0 0 1 1 1 1 0 0 0 0 0 0 0 0 0 0 0 0 0 0 0 0 0 0 0 0 0 0 0 0 0 0 0 0 0 0 0 0 0 0 0 0 0 0 1 1
3 3 2 2 2 2 2 2 2 2 2 2 2 2 2 2 2 2 2 2 2 2 2 2 2 3 3 3 3 3 4 5 5 5 4 3 3 3 4 5 7 7 6 6 5 5 5 4 3 2 0 0 0 0 0 0 0 0 0 0 0 0 0 0 0 0 0 0 1 0 0 0 0 0 0 0 0 0 0 0 0 0 0 0 0 0 0 0 0 0 0 0 0 0 0 0
3 2 2 2 2 2 2 2 2 2 2 2 2 2 2 2 2 2 2 2 2 2 2 2 2 2 2 2 2 3 5 5 5 4 3 3 4 5 5 5 7 7 6 6 5 4 4 2 2 2 0 0 0 0 0 0 0 0 0 0 0 0 0 0 0 0 0 0 1 0 0 0 0 0 0 0 0 0 0 0 0 0 0 0 0 0 0 0 0 0 0 0 0 0 0 0
2 2 2 2 2 2 2 2 2 2 2 2 1 1 1 2 1 1 1 1 1 1 1 1 2 2 2 2 3 5 5 4 5 3 3 4 5 6 6 6 7 6 6 6 5 3 2 1 1 1 0 0 0 0 0 0 0 0 0 0 0 0 0 0 0 0 0 1 0 0 0 0 0 0 0 0 0 0 0 0 0 0 0 0 0 0 0 0 0 0 0 0 0 0 0 0
2 2 2 2 2 2 2 2 2 2 1 1 1 1 1 1 1 1 1 1 1 1 1 1 2 2 2 3 5 5 4 3 3 3 3 5 6 6 6 7 7 6 5 5 4 2 1 0 0 0 0 0 0 0 0 0 0 0 0 0 0 0 0 0 0 0 1 1 0 0 0 0 0 0 0 0 0 0 0 0 0 0 0 0 0 0 0 0 0 0 0 0 0 0 0 0
2 2 2 2 2 2 2 2 2 1 1 1 1 1 1 1 1 1 1 1 1 1 1 1 2 2 3 5 5 3 3 3 3 3 4 5 6 7 7 7 6 6 5 5 3 2 1 0 0 0 0 0 0 0 0 0 0 0 0 0 0 0 0 0 0 1 1 0 0 0 0 0 0 0 0 0 0 0 0 0 0 0 0 0 0 0 0 0 0 0 0 0 0 0 0 0
2 2 2 2 2 2 1 1 1 1 1 1 1 1 1 1 1 1 1 1 1 1 1 1 2 3 5 6 4 2 3 3 3 3 5 6 7 7 7 7 6 5 5 4 3 1 0 0 0 0 0 0 0 0 0 0 0 0 0 0 0 0 1 1 1 2 1 0 0 0 0 0 0 0 0 0 0 0 0 0 0 0 0 0 0 0 0 0 0 0 0 0 0 0 0 0
2 2 2 2 2 1 1 1 1 1 1 1 1 1 1 1 1 1 1 1 1 1 1 1 2 4 5 4 3 2 3 3 3 4 5 6 6 6 6 6 6 5 4 4 2 1 0 0 0 0 0 0 0 0 0 0 0 0 0 0 1 1 1 1 2 2 0 0 0 0 0 0 0 0 0 0 0 0 0 0 0 0 0 0 0 0 0 0 0 0 0 0 0 0 0 0
2 2 1 1 1 1 1 1 1 1 1 1 1 1 1 1 1 1 1 1 1 1 1 1 3 5 5 3 3 2 3 3 5 5 6 6 6 6 6 6 5 5 4 4 2 0 0 0 0 0 0 0 0 0 0 0 0 0 0 1 1 1 2 2 2 2 0 0 0 0 0 0 0 0 0 0 0 0 0 0 0 0 0 0 0 0 0 0 0 0 0 0 0 0 0 0
2 1 1 1 1 1 1 1 1 1 1 1 1 1 1 1 1 1 1 1 1 1 1 2 5 5 3 3 3 3 3 4 5 5 6 5 6 6 6 6 5 5 4 4 1 0 0 0 0 0 0 0 0 0 0 0 0 1 1 1 1 2 2 2 2 1 0 0 0 0 0 0 0 0 0 0 0 0 0 0 0 0 0 0 0 0 0 0 0 0 0 0 0 0 0 0
1 1 1 1 1 1 1 1 1 1 1 1 1 1 1 1 1 1 1 1 1 1 2 4 5 4 3 3 3 3 4 5 5 5 6 5 6 6 6 6 5 5 4 2 0 0 0 0 0 0 0 0 0 0 0 1 1 1 1 1 2 2 2 2 2 1 0 0 0 0 0 0 0 0 0 0 0 0 0 0 0 0 0 0 0 0 0 0 0 0 0 0 0 0 0 0
1 1 1 1 1 1 1 1 1 1 1 1 1 1 1 1 1 1 1 1 1 1 4 5 5 3 3 3 3 3 4 6 6 6 6 5 6 6 6 6 5 4 3 0 0 0 0 0 0 0 0 0 0 0 0 1 1 1 1 1 2 2 2 2 1 0 0 0 0 0 0 0 0 0 0 0 0 0 0 0 0 0 0 0 0 0 0 0 0 0 0 0 0 0 0 0
1 1 1 1 1 1 1 1 1 1 1 1 1 1 1 1 1 1 1 1 1 2 5 5 4 3 3 3 3 4 6 7 6 6 6 6 6 6 6 6 5 4 1 0 0 0 0 0 0 0 0 0 0 0 0 0 1 1 1 1 2 2 2 2 1 0 0 0 0 0 0 0 0 0 0 0 0 0 0 0 0 0 0 0 0 0 0 0 0 0 0 0 0 0 0 0
1 1 1 1 1 1 1 1 1 1 1 1 1 1 1 1 1 1 1 1 1 4 5 4 3 2 3 3 3 5 7 7 6 6 6 6 6 6 6 7 6 4 0 0 0 0 0 0 0 0 0 0 0 0 0 0 1 1 1 2 2 2 2 1 1 0 0 0 0 0 0 0 0 0 0 0 0 0 0 0 0 0 0 0 0 0 0 0 0 0 0 0 0 0 0 0
1 1 1 1 1 1 1 1 1 1 1 1 1 1 1 1 1 1 1 1 4 5 4 3 3 2 3 3 3 5 7 6 6 6 6 6 7 7 7 7 7 6 4 1 0 0 0 0 0 0 0 0 0 0 0 0 1 1 1 2 2 2 1 1 0 0 0 0 0 0 0 0 0 0 0 0 0 0 0 0 0 0 0 0 0 0 0 0 0 0 0 0 0 0 0 0
1 1 1 1 1 1 1 1 1 1 1 1 1 1 1 1 1 1 1 3 5 5 4 3 2 3 3 3 4 4 6 6 6 6 6 7 8 8 8 8 8 8 7 5 3 1 0 0 0 0 0 0 0 0 0 0 1 1 1 2 2 1 1 0 0 0 0 0 0 0 0 0 0 0 0 0 0 0 0 0 0 0 0 0 0 0 0 0 0 0 0 0 0 0 0 0
1 1 1 1 1 1 1 1 1 1 1 1 1 1 1 1 1 1 2 5 5 4 3 3 2 3 3 4 4 5 5 5 6 6 7 8 8 9 9 9 9 8 8 8 6 4 2 1 0 0 0 0 0 0 0 0 1 1 1 2 2 1 0 0 0 0 0 0 0 0 0 0 0 0 0 0 1 0 0 0 0 0 0 0 0 0 0 0 0 0 0 0 0 0 0 0
1 1 1 1 1 1 1 1 1 1 1 1 1 1 1 1 1 1 4 6 4 3 3 3 3 3 3 4 4 5 5 5 6 7 8 8 9 9 9 10 9 9 8 8 8 6 5 3 1 1 0 0 0 0 0 0 1 1 1 2 1 1 0 0 0 0 0 0 0 0 0 0 0 0 0 0 2 1 1 0 0 0 0 0 1 1 1 0 0 0 0 0 0 0 0 0
1 1 1 1 1 1 1 1 1 1 1 1 1 1 1 1 1 4 5 4 2 2 3 3 3 3 4 4 4 5 5 6 7 8 9 9 9 10 10 10 10 10 9 9 8 7 6 5 4 3 2 1 0 0 0 0 1 2 2 2 0 0 0 0 0 0 0 0 0 0 0 0 0 0 0 2 2 1 1 1 1 1 1 1 1 1 1 1 1 1 0 0 0 0 0 0
1 1 1 1 1 1 1 1 1 1 1 1 1 1 1 1 3 6 5 2 2 2 3 3 3 4 4 4 4 5 6 6 8 8 9 10 10 11 11 11 11 11 10 10 9 9 7 6 5 4 3 2 1 1 0 0 0 2 2 0 0 0 0 0 0 0 0 0 0 0 0 0 0 0 0 2 2 2 2 1 1 2 2 2 1 1 2 1 1 1 0 0 0 0 0 0
1 1 1 1 1 1 1 1 1 1 1 1 1 1 1 2 5 5 3 2 2 2 3 3 3 4 4 5 5 5 6 7 8 8 9 10 11 11 11 11 12 12 12 12 12 11 10 8 6 6 5 4 3 2 1 0 0 2 2 0 0 0 0 0 0 0 0 0 0 0 0 0 0 0 0 2 2 2 2 2 2 4 2 2 2 1 1 1 1 1 1 0 0 0 0 1
1 1 1 1 1 1 1 1 1 1 1 1 1 1 1 4 5 3 2 2 3 3 3 3 3 4 5 5 5 5 6 7 9 9 9 11 12 12 12 12 12 12 13 13 13 12 11 11 9 8 7 6 4 3 2 0 0 2 2 0 0 0 0 0 0 0 0 0 0 0 0 0 0 0 0 2 2 3 3 3 4 4 2 2 2 2 1 1 1 1 1 1 1 1 1 1
1 1 1 1 1 1 1 1 1 1 1 1 1 2 3 5 4 2 2 2 3 3 3 3 4 5 5 5 5 5 6 8 9 9 9 10 11 11 11 11 12 12 13 13 12 12 12 12 11 11 10 8 6 5 3 0 0 1 1 0 0 0 0 0 0 0 0 0 0 0 0 0 0 0 0 2 2 3 3 4 4 3 2 2 2 2 1 1 1 1 1 1 1 1 1 1
1 1 1 1 1 1 1 1 1 2 2 2 2 4 5 5 2 2 2 3 3 4 4 4 4 5 6 6 6 6 7 8 8 8 9 10 11 11 11 11 12 13 13 13 12 13 13 12 12 12 12 11 9 6 4 0 2 1 1 0 0 0 0 0 0 0 0 0 0 0 0 0 0 0 0 1 2 3 4 4 3 2 3 3 2 2 2 1 1 1 1 1 2 2 2 2
1 1 1 1 1 1 1 2 2 2 2 3 4 5 5 3 2 2 2 3 4 4 4 4 5 5 6 6 6 7 7 8 8 8 8 9 11 11 11 11 12 13 13 13 13 13 13 13 13 13 12 11 9 5 3 2 2 1 1 0 0 0 0 0 0 0 0 0 0 0 0 0 0 0 1 1 2 4 5 3 3 3 2 2 2 2 2 2 2 2 2 2 2 2 2 2
1 1 1 1 1 2 2 2 2 2 2 4 6 6 5 2 2 3 3 3 4 4 5 5 5 6 6 7 7 7 8 8 8 8 8 9 10 11 11 12 12 12 12 12 12 13 13 13 13 13 12 11 7 3 3 2 2 1 1 0 0 0 0 0 0 0 0 0 0 0 0 0 0 2 2 2 2 4 3 3 3 2 2 2 2 2 2 2 2 2 2 2 2 2 2 2
1 1 1 1 1 2 2 2 2 2 4 5 6 6 4 2 3 3 3 3 4 4 5 5 5 6 7 7 8 8 8 8 8 8 8 8 9 10 11 11 12 12 12 12 12 12 12 13 13 12 11 9 5 3 3 2 1 1 1 0 0 0 0 0 0 0 0 0 0 0 0 0 0 2 2 2 2 3 2 2 2 2 2 2 2 2 2 2 2 2 2 2 2 2 1 0
1 1 1 1 1 2 2 2 2 3 5 6 5 4 2 2 3 3 3 4 4 5 5 5 5 6 7 8 8 8 8 8 8 8 8 8 8 9 10 11 12 12 12 12 12 12 12 12 12 12 10 7 3 3 3 2 1 1 1 1 0 0 0 0 0 0 0 0 0 0 0 0 0 2 3 3 2 2 2 2 2 2 2 2 2 2 2 2 2 2 2 1 1 0 0 0
1 1 1 1 1 2 2 2 3 5 5 5 4 2 2 2 3 3 3 4 4 5 6 6 6 7 7 8 8 8 8 8 8 8 8 8 8 9 9 11 11 11 11 11 11 11 11 11 11 11 8 5 2 2 2 1 1 1 1 0 0 0 0 0 0 0 0 0 0 0 0 0 2 2 2 2 2 2 2 2 2 2 2 2 2 2 3 2 2 2 2 0 0 0 0 0
1 1 1 1 1 2 2 2 3 5 4 4 2 2 2 2 3 3 3 4 5 6 6 6 6 7 7 8 8 8 8 8 8 8 8 8 8 9 9 10 11 11 11 11 11 10 10 9 9 9 6 3 2 2 2 1 1 0 0 0 0 0 0 0 0 0 0 0 0 0 0 0 3 3 2 2 2 2 2 2 2 2 2 2 2 2 3 2 2 1 0 0 0 0 0 0
1 1 1 1 1 2 2 3 4 5 4 3 2 2 2 2 3 3 3 4 5 6 6 6 6 7 7 8 8 8 8 8 8 8 8 8 8 9 9 10 11 11 11 11 11 10 9 8 8 8 5 3 2 2 2 1 0 0 0 0 0 0 0 0 0 0 0 0 0 0 0 0 2 2 2 2 2 2 2 2 2 2 2 2 2 2 3 2 2 0 0 0 0 0 0 0
1 1 1 1 1 2 2 4 5 5 4 2 2 2 2 2 3 4 4 4 6 6 6 6 6 7 7 7 7 7 8 8 8 8 8 8 8 9 9 9 11 11 11 11 10 9 8 7 6 6 3 2 2 2 2 1 0 0 0 0 0 0 0 0 0 0 0 0 0 0 0 1 2 2 2 2 2 2 2 2 2 2 2 2 2 2 2 2 0 0 0 0 0 0 0 0
1 1 1 1 1 2 2 5 5 4 2 2 2 2 2 3 3 4 4 5 6 6 6 6 6 7 7 7 7 6 7 8 8 8 8 8 8 9 9 9 11 11 10 10 10 9 8 7 5 3 3 2 2 2 1 0 0 0 0 0 0 0 0 0 0 0 0 0 0 0 1 2 2 2 2 2 2 1 1 1 1 2 2 2 2 2 1 0 0 0 0 0 0 0 0 0
1 1 1 1 2 2 4 5 3 2 2 2 2 2 2 3 3 4 4 5 6 6 6 6 7 7 7 7 7 6 7 8 8 8 8 8 9 10 10 10 10 10 10 10 10 9 8 7 4 3 2 2 1 1 1 0 0 0 0 0 0 0 0 0 0 0 0 0 0 0 1 2 2 2 2 2 1 1 1 1 1 1 2 2 2 1 0 0 0 0 0 0 0 0 0 0
