geo_cache/3-2/elevation.txt
ncols         942
nrows         918
xllcorner     -72.06666666666666
yllcorner     42.256
cellsize      1.0E-5
NODATA_value  -9999
[rows 420 to 461 of 918, columns 752 to 845 of 942]
119 117 117 117 117 117 119 123 128 135 142 146 151 156 161 167 169 172 175 178 180 183 184 185 186 185 183 181 179 177 174 172 168 165 161 158 155 154 154 153 153 153 152 154 155 156 156 155 154 153 153 150 146 146 143 138 135 133 133 135 140 144 144 147 151 152 151 150 149 142 136 134 134 134 134 134 134 134 136 138 138 139 139 139 140 143 143 144 144 144 144 144 145 146
118 117 117 117 117 118 119 121 128 135 143 147 152 157 162 167 170 172 176 179 182 184 185 186 186 185 184 183 181 178 174 172 169 166 162 158 156 155 155 154 153 153 154 155 156 157 157 156 156 155 154 152 147 148 145 140 137 135 137 140 142 145 146 147 149 151 153 154 151 143 136 135 135 134 134 134 135 136 137 139 140 140 140 140 140 142 142 143 143 143 143 143 144 145
117 117 117 117 117 117 118 122 131 138 143 148 154 158 163 167 170 173 177 180 183 184 186 187 187 186 185 184 182 179 175 172 170 167 163 159 157 156 155 154 154 154 155 156 158 158 158 158 157 157 156 153 149 150 146 142 139 137 140 143 144 145 146 147 148 151 155 157 152 143 137 137 138 135 134 135 138 140 141 141 142 143 143 143 142 142 142 143 143 143 143 143 143 144
117 117 117 117 117 117 120 126 136 140 143 149 155 159 163 167 170 174 177 180 183 185 186 188 188 186 186 184 184 180 176 174 171 167 163 160 158 157 156 155 155 155 155 157 159 159 159 159 158 158 156 153 151 153 148 143 140 138 140 144 145 146 146 147 147 151 156 157 152 142 137 138 138 136 134 137 141 143 144 144 144 144 145 145 144 144 143 143 143 143 143 143 143 143
117 117 117 117 117 117 123 131 137 141 144 150 156 160 164 168 170 174 178 181 184 185 186 188 188 187 186 186 184 181 177 175 171 168 163 160 158 157 157 157 157 157 157 157 159 159 159 159 159 159 157 153 152 153 149 145 141 139 140 143 145 146 146 146 146 150 156 157 152 143 138 138 138 135 134 139 142 144 146 146 147 147 147 147 146 145 145 144 143 143 143 143 143 143
117 117 117 117 117 118 124 133 138 141 145 151 157 160 164 168 170 174 179 182 184 186 187 188 188 187 187 187 185 182 177 175 172 168 163 160 159 158 158 158 158 158 158 158 159 160 160 160 160 160 157 154 154 154 149 145 143 141 142 143 145 146 146 146 146 149 154 156 152 143 138 138 136 135 135 140 143 145 147 147 148 148 148 148 148 147 146 145 144 144 144 143 143 143
117 117 117 117 117 119 125 133 138 141 147 152 157 161 164 168 171 175 179 183 185 186 187 188 189 187 187 187 185 182 178 175 172 168 164 160 159 158 159 160 160 160 160 160 160 160 160 161 161 160 158 155 156 155 150 146 144 143 143 144 146 146 146 146 146 148 151 152 151 144 139 138 136 135 137 141 144 146 148 149 150 150 150 150 149 148 147 146 146 146 146 145 143 143
117 117 117 117 117 120 127 132 138 142 148 153 157 162 165 169 172 176 180 183 185 186 188 189 190 189 188 187 185 183 178 175 172 169 164 160 159 159 160 161 161 161 161 161 161 161 161 161 162 160 158 156 157 155 150 147 145 144 143 144 145 145 146 146 147 147 148 150 150 144 140 138 137 136 138 142 145 147 149 150 151 151 151 151 150 149 148 147 147 148 148 147 146 144
117 117 117 117 118 122 128 134 140 144 149 154 158 162 166 169 172 176 180 183 185 186 188 190 190 189 188 187 186 183 178 175 170 168 163 160 160 160 161 161 161 162 162 161 161 161 161 162 161 160 158 157 157 154 150 147 146 144 145 147 146 146 146 146 146 146 147 150 150 144 141 139 139 138 139 143 146 148 150 152 152 153 153 152 151 150 149 149 149 149 149 149 148 146
119 118 117 117 119 123 129 134 141 146 150 155 159 163 167 170 173 177 181 183 185 186 189 191 190 189 188 187 187 183 178 174 170 167 163 161 161 161 161 162 162 162 162 161 160 160 161 162 160 159 157 157 155 153 150 147 146 145 146 148 147 147 147 147 146 146 150 152 150 145 143 142 142 139 140 144 147 150 152 153 153 153 154 153 152 151 150 150 150 150 150 150 149 148
119 119 117 117 120 126 130 136 142 147 151 156 159 163 168 171 173 177 181 183 186 187 189 190 190 188 186 187 187 182 178 174 169 165 162 161 161 161 161 163 163 163 162 160 159 159 160 159 158 157 156 155 154 151 149 147 147 146 146 148 147 147 148 148 149 149 152 153 151 147 145 144 143 140 140 145 149 151 153 154 155 155 155 154 153 152 152 151 152 152 152 152 151 149
117 118 117 117 122 127 131 137 144 148 152 156 160 164 169 171 173 177 181 183 186 187 189 190 189 186 185 187 186 182 178 174 169 165 162 161 161 161 161 162 164 164 162 160 158 158 158 157 157 156 155 154 152 150 148 147 147 147 147 146 147 149 151 152 153 152 153 153 151 148 146 145 144 141 142 146 150 152 154 155 156 156 156 155 154 153 153 152 153 153 154 153 153 150
117 117 117 119 123 128 132 138 145 150 153 157 160 165 168 171 173 177 181 183 186 187 189 190 187 185 185 187 185 181 178 175 169 165 162 161 161 161 161 162 164 164 162 159 157 156 156 156 156 155 154 153 152 149 147 147 147 147 147 146 147 151 154 156 156 157 156 154 153 149 147 145 144 142 143 147 150 152 155 156 157 157 156 156 155 154 154 154 154 155 155 155 154 152
117 117 117 120 124 129 133 139 145 151 154 157 160 164 167 171 174 177 181 184 186 187 189 189 185 183 184 186 184 180 178 175 170 165 162 162 162 162 162 163 164 164 161 158 156 155 155 155 155 155 154 153 151 149 147 147 147 147 147 147 149 151 154 157 159 160 158 157 154 149 147 146 144 143 144 147 150 152 155 157 158 158 157 157 156 155 155 155 156 156 156 156 156 155
117 117 118 120 125 129 133 139 146 151 155 157 160 163 167 171 174 177 181 184 186 187 189 186 182 181 183 185 183 180 178 174 169 164 162 162 162 162 162 163 163 163 160 158 155 154 154 154 153 154 153 152 151 150 146 146 146 146 147 148 150 151 154 156 160 160 158 156 153 149 147 145 143 143 144 147 150 153 156 158 158 158 158 158 157 156 156 157 157 158 158 158 158 157
117 117 118 121 126 131 134 139 146 151 155 157 161 164 167 171 174 177 181 184 186 187 186 183 180 180 183 185 182 180 177 174 169 164 162 162 162 162 162 163 163 162 160 158 155 153 153 153 153 153 152 152 151 149 146 146 146 146 147 149 151 151 154 155 159 160 158 156 153 148 146 144 143 143 145 149 152 155 157 159 159 159 159 159 157 157 157 157 158 159 159 159 159 159
117 117 118 121 127 132 135 139 146 151 154 157 161 165 168 171 174 178 181 184 186 186 183 180 178 179 182 182 181 179 176 172 168 163 161 162 162 162 162 162 162 162 160 158 154 152 152 152 152 152 152 150 150 148 146 146 146 148 149 150 151 152 154 155 159 161 160 156 151 148 146 144 143 144 148 151 153 156 158 159 160 160 160 159 158 158 158 159 160 161 161 161 161 160
117 117 117 121 127 132 135 140 146 150 153 157 161 164 169 172 175 178 181 184 185 185 181 177 176 178 179 179 180 179 175 172 167 163 161 161 161 161 161 162 161 161 159 156 153 152 152 151 151 151 150 149 149 147 146 146 146 148 149 151 152 153 154 156 159 163 161 157 151 149 147 145 143 145 149 153 155 158 159 160 160 160 160 160 159 159 159 160 161 162 162 162 162 161
116 116 117 121 126 132 135 140 145 150 153 156 160 164 169 172 175 179 182 184 184 183 179 176 175 176 176 178 179 178 174 170 166 162 161 161 161 161 161 162 161 161 157 154 152 151 151 150 150 150 149 149 149 146 146 146 146 147 149 151 152 153 154 156 159 163 162 157 154 152 150 147 145 148 152 155 158 159 160 161 161 161 161 160 160 160 160 160 161 162 162 162 162 162
116 116 117 120 126 132 135 139 145 149 152 156 159 164 169 173 176 179 182 184 184 182 176 174 173 174 175 177 178 177 173 170 165 161 159 160 160 160 161 162 161 161 157 154 151 150 150 149 149 149 149 149 148 146 146 146 146 147 149 151 152 153 155 157 160 163 162 159 157 155 153 149 147 150 154 157 160 161 161 162 162 161 161 161 160 160 161 161 162 163 163 163 162 162
117 117 117 120 125 131 134 138 144 148 151 155 159 164 169 174 177 179 182 183 182 178 174 171 171 171 173 176 178 176 172 168 163 160 159 159 159 160 161 162 161 160 156 153 150 149 149 148 148 148 147 147 147 146 146 146 146 148 150 151 152 153 155 159 161 163 163 161 158 156 155 151 148 151 155 159 161 162 162 163 162 162 162 161 161 161 161 162 162 163 163 163 163 162
117 117 117 119 124 131 133 137 143 146 149 153 157 164 169 174 177 179 180 180 179 176 173 170 169 169 171 175 176 175 171 167 163 159 158 158 159 160 161 162 161 159 155 153 149 148 148 147 147 147 146 146 146 146 146 146 147 149 150 152 152 153 155 160 163 162 161 161 159 157 155 152 150 152 156 160 162 163 164 163 163 163 162 162 162 162 162 162 163 163 163 163 163 163
117 117 117 119 124 130 133 137 143 145 148 150 155 163 169 174 176 178 178 178 176 174 171 168 167 167 170 174 175 173 169 165 161 158 157 157 158 159 161 162 161 159 155 152 149 148 147 146 146 146 146 146 146 146 146 146 147 149 150 152 153 154 154 160 162 161 161 161 160 157 155 153 151 152 157 160 162 163 164 164 164 164 163 163 163 163 163 163 163 164 164 164 164 163
117 117 117 118 123 129 133 137 142 144 146 149 154 162 168 173 176 175 175 175 173 171 169 165 164 165 168 172 173 171 167 163 161 158 156 157 157 159 160 162 161 159 155 152 149 148 147 146 145 145 145 145 145 145 146 146 147 150 151 152 154 155 155 158 158 160 162 163 162 158 155 153 151 151 156 160 162 164 165 165 165 164 164 164 163 163 163 163 164 164 164 164 164 164
117 117 117 118 123 128 133 137 141 143 144 147 153 160 166 172 174 172 172 172 170 168 166 162 162 163 166 171 172 170 166 162 159 156 156 156 157 159 160 161 161 159 154 152 149 148 147 146 144 144 144 144 145 146 145 145 147 150 151 153 153 154 152 153 156 160 163 164 163 158 154 153 153 154 156 160 163 165 166 167 166 165 164 164 164 164 164 164 164 165 165 165 165 164
117 117 117 118 122 128 132 137 140 141 143 145 152 160 166 171 171 169 169 168 166 164 162 161 160 161 164 169 172 170 164 160 158 156 155 156 157 159 160 161 160 158 154 152 149 148 147 144 142 143 144 145 145 146 145 144 147 150 151 152 151 148 146 149 156 161 163 164 163 158 155 154 155 156 157 161 165 167 168 168 168 166 165 164 164 164 164 165 166 167 166 166 167 166
117 117 117 118 122 127 132 136 138 140 141 144 150 158 166 169 167 165 165 164 162 161 160 158 158 159 163 167 170 167 162 158 156 154 154 155 156 158 159 160 159 157 153 150 149 147 145 143 141 141 144 145 145 145 143 143 146 150 150 151 149 144 145 148 155 161 163 164 162 158 155 155 156 157 159 164 167 168 169 169 169 168 166 166 165 165 165 165 166 167 167 167 167 167
117 117 117 118 121 126 131 134 137 139 140 142 147 155 164 166 163 161 161 161 160 159 158 157 156 158 161 164 166 163 159 155 154 153 153 154 155 157 158 158 158 156 153 150 148 146 144 142 140 139 140 142 141 139 139 141 145 149 150 150 147 143 143 147 154 160 162 163 161 158 156 156 158 159 161 165 167 168 169 170 170 169 168 167 166 166 166 166 166 166 166 166 167 166
117 117 117 117 120 126 130 133 136 137 137 139 144 152 159 161 160 157 158 158 157 157 156 155 155 156 159 162 162 160 156 153 152 152 153 153 155 156 157 157 157 155 152 149 147 144 142 140 138 137 137 137 136 136 136 136 143 148 149 147 145 142 141 146 154 158 161 161 159 157 156 157 159 160 162 165 167 168 170 171 170 170 169 168 167 167 167 166 166 166 166 166 166 165
117 117 117 117 119 124 130 132 134 134 135 138 142 149 154 156 156 155 154 155 155 155 155 154 152 154 157 158 158 157 154 152 152 152 152 153 154 155 155 155 155 154 151 149 146 143 141 139 136 135 135 134 133 132 132 134 141 147 146 144 144 142 141 145 153 156 158 158 157 156 155 157 160 161 161 164 166 169 170 171 170 170 169 169 168 168 167 167 167 166 165 165 165 165
117 117 117 117 118 123 129 131 132 134 135 137 140 146 148 151 152 151 150 151 152 153 153 152 150 151 154 155 154 154 152 151 151 151 152 152 153 153 154 154 154 152 150 148 145 142 140 138 135 134 134 132 132 131 131 134 140 143 142 142 142 142 141 145 151 153 154 155 157 155 155 158 160 161 161 163 165 168 170 171 170 170 170 170 169 169 168 168 167 166 165 165 165 164
117 117 117 117 117 121 126 129 131 133 134 136 138 141 144 147 148 148 147 148 150 151 151 150 148 149 151 152 152 152 151 149 150 150 151 151 151 152 152 152 152 151 149 147 144 142 139 137 134 132 132 131 130 130 131 134 137 139 139 140 141 141 141 144 149 151 152 154 157 155 155 159 161 161 162 163 165 167 169 171 171 171 171 170 170 169 169 168 167 166 165 165 164 164
117 117 117 117 117 118 122 126 129 133 134 134 135 137 139 143 144 144 144 145 148 150 149 148 147 147 148 149 150 149 149 149 149 150 150 150 150 150 151 151 150 149 148 147 144 141 138 135 133 131 130 129 128 129 131 133 135 137 138 139 140 141 140 143 147 150 151 153 155 155 155 158 161 162 163 165 167 168 169 171 172 172 172 171 170 169 169 168 167 165 165 165 164 164
117 117 117 117 117 117 119 122 127 130 131 130 131 134 138 140 141 142 142 144 147 147 146 146 146 146 146 147 148 148 148 148 148 148 148 148 148 149 149 149 148 148 147 145 143 140 137 135 133 131 129 128 128 129 131 133 134 136 137 138 139 139 138 140 144 149 151 153 154 155 155 157 160 164 165 167 169 170 171 171 173 173 172 172 170 169 169 168 167 166 165 165 164 164
117 117 117 117 117 117 117 119 124 126 127 126 127 130 135 138 139 140 142 144 145 146 145 145 145 145 145 146 147 147 147 147 147 147 147 147 147 148 148 147 147 147 146 144 142 139 137 134 131 130 129 128 128 129 131 132 133 135 136 137 138 137 137 139 143 149 151 152 153 155 155 157 163 166 167 169 170 171 172 172 174 174 173 173 171 170 169 168 167 166 166 165 165 165
117 117 117 117 117 117 117 117 119 120 122 124 124 127 131 135 138 139 142 144 145 145 144 143 143 144 144 145 146 146 146 146 146 146 146 147 147 147 146 146 146 146 145 143 141 138 136 132 130 130 128 128 128 128 129 130 132 133 135 135 136 136 136 138 143 149 152 152 153 154 155 158 164 167 168 170 171 172 173 173 174 174 174 173 171 170 170 168 167 167 167 166 166 165
117 117 117 117 117 117 117 117 117 117 117 119 120 124 129 135 139 141 142 144 145 145 144 143 143 144 144 144 145 145 146 146 146 146 145 145 145 146 146 146 146 146 144 143 140 138 135 132 130 129 128 128 128 128 129 130 131 132 134 135 135 135 135 137 142 148 151 151 152 154 155 159 164 167 169 171 171 172 173 173 173 173 173 173 171 170 170 169 168 168 167 167 167 166
117 117 117 117 117 117 117 117 117 117 117 117 119 124 132 139 143 143 142 144 144 144 144 143 143 143 143 143 144 144 146 146 146 145 144 144 144 145 145 145 145 145 144 142 140 137 135 132 129 129 128 128 128 128 128 128 129 131 134 134 134 134 134 137 141 145 148 149 152 154 156 159 164 167 169 170 171 172 172 173 173 173 173 173 172 171 171 170 169 168 168 168 168 167
117 117 117 117 117 117 117 117 117 117 117 117 118 126 136 143 146 145 144 144 143 143 144 143 143 143 143 143 143 144 145 145 145 144 143 143 143 144 145 145 144 144 143 142 139 136 134 131 129 128 128 128 127 127 127 128 128 130 132 132 133 132 133 136 139 143 145 148 151 152 155 158 164 167 169 170 170 171 172 172 172 172 173 173 172 171 171 170 169 169 169 169 168 167
117 117 117 117 117 117 117 117 117 117 117 117 118 130 140 147 149 148 145 144 142 142 142 142 142 141 141 141 141 142 144 144 144 143 143 143 143 144 145 145 144 143 142 140 137 134 132 129 127 127 127 126 125 125 125 126 126 128 129 130 130 130 130 133 136 140 143 146 148 149 152 157 163 166 167 168 169 170 171 171 171 171 172 172 172 171 171 171 170 169 169 169 169 168
117 117 117 117 117 117 117 117 117 117 117 117 118 131 144 151 152 149 145 143 141 141 142 142 142 141 141 139 139 141 144 144 144 143 143 143 143 144 144 144 143 142 141 139 136 133 131 129 127 126 125 125 124 124 125 124 124 126 127 127 128 128 128 129 133 138 142 143 143 144 148 154 161 164 165 165 167 169 169 170 170 170 171 172 172 171 171 171 170 170 170 170 169 168
117 117 117 117 117 117 117 117 117 117 117 117 117 130 145 152 152 149 146 142 140 140 142 141 142 141 141 139 138 140 144 145 144 142 142 142 143 143 143 143 142 141 140 138 135 133 130 128 126 125 124 124 124 124 125 124 124 125 125 125 126 127 128 128 130 136 139 138 138 140 144 151 158 161 163 163 165 167 168 169 170 170 171 172 172 171 171 171 171 171 171 171 170 169
