geo_cache/3-2/elevation.txt
ncols         942
nrows         918
xllcorner     -72.06666666666666
yllcorner     42.256
cellsize      1.0E-5
NODATA_value  -9999
[rows 630 to 671 of 918, columns 470 to 563 of 942]
271 271 271 271 272 269 266 264 262 260 260 260 260 259 257 253 250 248 248 247 247 247 248 251 255 260 264 267 269 272 274 275 276 278 281 282 283 283 284 286 287 287 288 288 288 289 289 288 288 287 285 285 283 281 279 278 278 277 276 276 277 278 281 285 286 286 286 286 286 285 283 280 279 277 276 273 271 265 257 249 245 244 244 244 245 245 245 245 245 245 245 245 245 245
272 271 271 271 272 269 265 263 262 260 259 259 259 259 256 253 249 248 248 248 248 248 248 249 253 258 263 266 269 271 273 275 276 278 280 281 282 283 284 286 286 286 287 287 287 288 288 288 287 286 285 284 282 281 279 278 278 277 276 275 276 277 280 282 284 284 285 285 286 285 284 282 280 279 277 274 271 266 259 251 246 245 245 244 245 245 245 245 245 245 245 245 245 245
274 272 271 271 271 269 265 263 262 260 259 258 259 259 256 252 248 248 248 248 248 248 248 248 252 256 260 263 266 270 272 275 276 277 279 281 282 284 285 285 285 285 286 286 286 287 287 287 286 285 284 283 282 280 279 278 277 276 275 275 275 275 277 280 282 283 284 285 285 285 285 284 282 281 279 274 270 265 258 252 246 245 245 244 245 245 245 245 245 245 245 245 246 246
277 275 273 271 270 268 265 263 262 259 257 257 258 258 256 252 248 248 248 248 248 248 248 249 252 254 257 261 264 267 270 273 274 275 278 281 282 284 285 284 283 284 284 284 286 286 286 286 286 285 283 283 281 279 278 277 276 276 275 274 273 273 275 279 281 282 282 284 285 286 285 285 284 283 280 274 268 263 257 251 246 245 245 245 245 246 246 247 248 248 248 248 249 250
281 278 276 273 270 267 266 264 262 259 257 257 257 258 256 252 248 248 248 248 248 248 248 250 251 253 255 259 262 265 268 271 273 275 278 280 282 284 285 283 282 283 283 284 285 286 286 286 286 284 283 282 281 279 278 277 276 275 275 273 272 272 273 276 279 281 282 284 285 286 286 286 285 285 281 274 266 260 254 249 245 245 245 245 246 247 248 249 250 250 251 251 252 253
284 281 279 276 272 269 266 264 262 259 257 257 257 257 255 252 248 248 247 248 248 248 248 248 249 252 253 256 260 263 267 270 273 275 277 279 282 283 284 282 281 281 281 283 285 285 285 285 285 284 282 282 280 279 277 276 276 275 275 273 272 272 272 273 275 278 281 283 284 287 287 287 287 286 282 274 265 257 253 249 246 245 245 245 247 248 248 249 252 253 254 254 255 257
287 284 282 280 277 273 269 266 263 260 258 257 257 256 254 252 250 248 247 248 248 248 248 248 248 251 252 254 256 259 265 269 271 273 275 278 280 283 284 282 280 280 281 282 284 285 285 285 284 283 282 281 280 278 277 276 276 275 275 273 272 272 272 272 273 276 280 282 284 286 288 288 288 288 282 274 265 257 253 251 248 246 245 246 247 248 248 250 253 255 257 258 259 259
289 286 284 282 279 275 272 269 266 262 260 260 258 256 254 252 250 248 248 247 247 247 247 247 248 250 251 253 254 256 261 266 269 271 273 277 279 282 284 281 279 279 280 282 283 284 284 284 283 282 281 281 279 278 277 276 276 275 275 273 272 272 272 272 272 275 279 281 284 286 287 288 289 287 282 274 266 259 254 251 249 248 247 247 249 250 251 253 255 257 259 260 261 261
291 288 285 283 280 277 274 271 268 265 263 262 260 257 254 252 251 248 248 247 247 247 247 247 248 248 251 252 254 255 258 262 265 268 272 277 280 282 283 280 278 278 279 280 281 283 283 283 283 282 281 280 278 278 277 276 276 275 275 273 272 272 272 271 271 273 276 279 282 285 287 288 288 286 280 273 265 258 255 252 251 250 249 249 250 252 254 256 258 260 261 261 261 261
292 290 286 283 280 277 275 273 270 266 263 262 259 256 254 252 249 248 248 248 248 248 248 248 248 248 250 251 252 254 256 258 262 267 272 277 280 281 282 280 277 276 277 278 279 281 282 282 282 281 280 280 278 278 277 276 276 275 275 274 273 272 272 271 271 271 274 277 280 284 286 287 286 284 277 270 263 257 254 253 253 252 251 251 252 255 257 259 261 262 263 262 261 260
293 292 288 283 279 277 276 273 271 267 263 261 257 255 252 250 248 248 248 247 248 248 248 248 248 248 248 250 251 253 255 256 260 267 272 276 279 281 281 279 275 274 274 276 279 281 282 282 281 280 280 280 278 278 278 277 276 276 276 276 275 275 273 272 270 270 272 274 277 281 284 284 282 280 274 266 261 257 254 255 256 255 253 253 255 257 260 262 263 264 263 262 261 260
295 294 290 284 280 277 276 274 271 268 263 261 256 254 250 250 249 248 248 247 248 248 248 248 248 248 248 249 251 253 254 254 258 264 270 275 278 280 280 278 274 272 273 276 279 280 281 281 281 280 280 280 279 279 278 278 278 278 278 277 277 277 277 275 272 270 270 271 273 276 279 279 278 275 270 263 259 257 256 257 258 258 256 255 257 259 262 264 265 266 264 262 260 260
296 294 291 285 282 278 276 274 272 269 265 263 258 255 252 252 252 249 248 248 248 248 248 248 248 248 248 248 249 254 254 252 256 261 267 272 276 278 278 277 272 270 273 276 278 279 280 280 281 280 280 280 280 279 279 279 279 278 278 279 279 280 280 279 277 273 270 268 268 270 272 273 272 269 265 261 259 258 258 258 260 261 259 257 258 261 264 265 266 267 264 261 260 260
295 293 291 287 284 280 278 275 272 269 266 264 260 256 254 254 254 252 250 250 248 248 248 248 248 248 248 248 248 251 251 250 254 258 264 270 274 276 276 274 270 269 273 276 278 279 279 280 280 281 281 281 281 281 281 281 281 281 281 282 282 283 283 283 282 278 275 270 266 266 266 267 266 264 262 260 260 259 259 261 263 264 261 259 260 263 265 265 267 267 263 260 260 260
293 293 291 288 286 282 281 277 273 269 266 264 261 257 256 255 255 254 254 253 249 248 248 248 248 248 248 248 248 248 248 249 252 255 260 266 271 273 273 271 268 270 274 276 278 278 279 279 280 281 281 281 282 283 283 284 284 285 285 285 286 287 287 287 285 283 279 275 270 267 263 262 262 261 260 258 259 259 260 263 266 266 263 260 261 263 264 265 268 266 262 260 260 260
293 293 292 290 287 284 283 280 276 272 268 266 262 260 257 256 256 256 256 254 251 248 248 248 248 248 248 248 248 248 248 248 250 253 257 262 266 269 269 267 267 272 275 276 277 278 278 279 280 281 282 282 283 285 286 287 288 288 289 289 289 289 289 289 287 286 283 279 275 270 264 260 259 259 258 257 258 259 261 265 267 266 263 261 262 263 262 264 265 263 260 260 260 260
294 293 292 290 288 286 284 282 278 275 271 269 265 262 259 257 257 256 256 254 252 249 248 248 248 248 248 248 248 248 248 248 248 251 255 259 262 264 263 265 269 273 275 276 277 277 277 279 279 280 282 282 285 287 288 289 290 290 291 292 291 291 292 290 290 289 286 282 277 273 268 260 258 258 257 257 257 259 262 266 267 265 263 262 261 262 261 262 262 261 260 260 260 260
296 295 294 291 290 287 285 283 280 277 273 271 267 263 260 257 257 256 255 254 251 248 248 248 248 248 248 248 248 248 248 248 248 250 253 255 258 258 260 265 270 272 274 275 276 276 277 277 278 280 281 282 286 288 290 291 291 293 294 294 293 293 294 292 292 291 289 284 278 274 269 262 258 257 257 257 257 259 262 265 265 264 263 262 260 260 260 260 260 260 260 260 260 260
298 296 295 294 293 290 286 284 282 277 274 273 269 265 260 257 257 256 255 253 249 248 248 248 247 247 247 248 248 247 248 248 248 250 252 252 254 255 259 265 268 269 272 274 275 274 275 276 277 279 281 282 286 289 291 291 293 295 296 296 294 294 295 294 293 293 291 286 279 273 268 262 257 256 256 256 257 258 261 263 263 262 262 262 261 260 260 260 260 260 260 260 260 261
298 298 296 297 297 294 290 286 283 278 274 272 269 265 261 257 257 256 254 253 248 248 248 248 247 247 247 248 248 247 248 248 248 249 250 250 251 254 259 263 264 266 270 272 272 272 274 275 276 278 280 282 286 289 291 292 294 296 296 296 295 294 295 293 292 293 291 285 278 272 266 260 256 256 256 256 257 258 259 261 261 262 262 263 262 260 260 260 260 260 260 260 260 261
298 298 298 299 299 298 294 290 286 281 275 272 268 266 261 257 257 256 254 251 248 248 248 248 248 249 249 249 248 248 248 248 249 249 248 249 251 254 256 258 260 264 268 269 269 271 272 274 275 277 279 281 284 288 290 292 294 295 295 296 293 292 292 290 290 290 288 282 275 270 264 259 255 255 256 258 258 258 259 260 261 261 261 263 262 260 260 260 260 260 260 260 260 261
299 299 299 300 301 301 296 293 290 285 278 275 269 266 261 258 256 255 253 251 249 248 248 249 252 254 254 252 250 251 252 251 250 249 248 249 251 253 254 255 258 262 265 266 266 269 271 272 273 276 278 279 283 286 288 290 291 292 293 293 289 289 289 287 286 286 283 278 272 267 262 257 254 255 257 258 258 259 259 259 260 260 261 262 261 259 260 260 260 260 260 260 261 261
300 299 299 300 302 302 298 295 292 288 282 279 272 266 262 259 256 255 253 250 249 249 250 252 255 257 257 254 251 253 254 254 252 249 248 248 250 252 252 254 257 260 261 262 264 267 268 270 272 274 277 278 280 283 285 287 288 289 289 288 284 284 284 282 281 281 278 274 269 264 259 255 254 255 258 259 259 259 259 258 258 259 260 260 259 259 260 260 260 261 262 262 262 262
299 298 298 301 303 303 300 297 295 290 285 282 276 270 264 259 257 256 253 250 248 248 250 253 255 256 257 256 251 251 253 253 253 251 248 248 248 250 251 254 256 258 259 260 262 265 265 266 269 272 274 275 276 278 281 282 283 284 284 282 279 278 278 278 277 276 273 270 266 261 256 253 253 256 258 259 259 259 259 257 257 258 259 260 259 259 260 260 261 263 264 264 262 262
299 297 298 301 304 304 300 298 297 293 288 285 280 274 267 260 256 255 252 249 247 247 250 252 254 256 256 256 252 251 251 251 252 252 250 247 247 248 250 253 255 256 256 258 261 262 260 261 264 268 269 270 271 271 273 275 275 277 277 276 274 274 275 275 274 271 269 266 262 258 253 252 252 256 258 259 260 259 258 257 257 258 259 260 260 261 262 262 263 264 265 264 263 263
298 297 297 300 303 304 300 299 299 296 291 288 283 278 271 263 255 253 250 246 245 246 250 251 254 256 256 256 254 252 251 251 251 252 250 247 246 246 248 250 252 253 254 257 258 257 254 255 258 260 262 263 263 263 264 266 267 268 269 269 268 269 270 270 269 266 264 262 259 255 251 251 252 255 257 258 260 259 257 256 257 258 260 261 262 263 265 264 264 265 266 265 264 264
298 297 297 299 301 301 299 301 301 298 293 291 286 281 274 267 259 252 248 245 245 246 249 251 253 255 256 257 257 255 254 252 251 251 249 247 245 245 246 247 248 250 253 254 254 252 250 251 252 253 253 254 254 254 255 257 258 259 259 259 259 261 263 263 262 261 259 258 255 252 251 251 251 254 256 257 257 257 256 256 259 261 262 263 265 266 267 266 266 267 267 267 266 266
297 297 295 297 298 298 299 303 303 300 296 293 289 284 277 271 264 255 249 245 245 246 248 251 252 254 255 257 258 257 256 254 253 251 249 247 246 244 244 245 244 247 250 251 250 248 247 247 247 247 247 247 248 249 250 250 250 250 250 250 251 253 255 255 255 255 254 253 252 251 251 251 251 252 255 255 255 255 255 258 261 263 264 266 268 268 268 267 267 267 269 269 268 267
298 297 295 295 296 296 299 304 305 303 299 296 291 286 280 274 267 259 251 246 245 245 248 250 252 253 254 256 257 257 256 253 251 249 248 247 246 244 242 242 242 243 246 247 246 245 243 243 244 244 244 244 245 246 246 247 247 246 247 247 248 249 250 250 250 251 251 250 250 251 251 251 251 251 253 253 253 254 256 260 262 265 267 268 270 270 268 268 268 269 271 271 270 269
299 298 295 293 295 295 296 302 305 304 301 299 294 288 284 277 270 262 254 247 245 245 246 249 251 252 253 254 255 256 255 251 249 246 246 246 245 243 241 240 241 241 243 243 243 243 242 242 243 243 244 244 244 245 246 246 247 247 247 248 249 248 248 249 249 250 250 250 250 251 251 251 251 251 251 251 252 256 259 262 264 267 269 270 271 270 269 268 270 271 273 273 272 270
299 297 294 292 293 293 293 298 304 304 302 301 296 291 286 280 273 265 256 249 245 245 245 248 249 250 251 252 253 254 253 250 247 244 244 244 243 242 240 239 239 240 241 241 241 241 241 243 244 244 245 246 247 248 249 249 250 251 251 252 252 251 250 249 250 250 250 251 251 251 251 251 251 251 251 252 255 259 262 265 266 269 271 272 271 270 270 270 272 273 275 275 273 270
298 297 294 292 291 291 291 294 301 303 302 302 298 293 287 282 276 268 259 251 246 244 244 246 247 248 248 249 250 251 251 249 245 242 241 241 241 240 239 238 238 239 239 239 240 241 242 244 245 246 246 247 249 250 252 252 253 254 256 257 256 254 253 251 250 251 251 251 251 251 251 251 251 251 252 256 259 262 265 267 269 271 273 274 272 271 270 272 274 275 277 276 274 271
298 297 294 292 289 288 289 292 298 302 302 302 299 294 289 284 278 271 262 253 247 244 243 244 244 245 245 246 246 248 248 246 244 241 239 239 239 239 238 237 238 239 239 240 241 242 244 246 247 248 248 248 251 253 255 257 259 260 262 262 261 258 256 254 251 251 251 251 251 251 251 251 251 254 256 259 262 265 268 270 271 273 274 275 272 272 272 273 274 276 277 276 274 272
299 297 295 292 287 286 287 289 294 299 302 302 299 296 291 286 280 273 265 256 249 245 243 242 242 243 243 243 243 245 246 245 243 241 239 239 239 238 237 237 238 241 242 243 243 244 246 248 248 248 249 250 253 256 260 262 265 268 270 269 265 261 258 256 253 251 252 252 251 252 252 252 254 257 260 262 265 268 271 273 274 275 276 276 272 272 272 274 275 277 278 277 275 273
301 299 296 293 288 285 285 287 290 296 300 301 299 297 293 287 281 275 268 258 250 245 243 242 242 242 242 242 242 244 245 245 243 241 239 239 239 238 237 237 240 244 246 246 245 245 247 248 249 250 251 252 255 260 264 267 271 274 275 273 268 263 260 257 254 253 253 253 254 255 256 257 257 259 263 266 269 272 274 275 276 277 278 276 273 272 273 275 276 277 278 277 277 275
302 300 297 294 290 286 284 285 287 292 297 299 299 298 294 289 283 277 270 260 252 247 244 242 241 241 241 241 241 246 247 245 243 241 239 239 238 237 237 238 242 246 248 247 246 246 247 249 250 250 252 254 258 263 269 272 275 277 277 274 269 264 260 257 254 254 254 255 257 258 260 261 261 262 265 269 272 274 276 277 278 278 278 277 273 272 274 275 276 277 277 278 278 276
303 301 299 295 291 287 284 284 285 289 294 296 298 297 294 290 284 278 272 262 254 250 245 242 241 241 241 241 241 247 248 246 244 242 240 238 238 236 236 238 242 246 248 246 246 247 248 249 250 251 253 255 261 267 273 275 277 278 277 273 268 263 260 257 255 256 257 258 260 262 263 265 266 267 268 271 275 277 278 279 280 279 279 277 274 273 274 275 276 277 277 278 278 278
304 302 299 295 292 287 284 283 284 286 290 293 295 296 294 290 286 280 273 264 257 253 247 243 242 240 240 240 241 246 247 246 245 243 241 238 237 236 235 237 241 244 247 246 245 248 249 250 250 252 254 257 263 270 275 277 278 277 274 270 265 262 260 257 257 259 261 263 265 267 267 269 271 271 271 273 277 279 279 280 280 279 279 277 275 273 274 275 276 277 277 277 277 277
304 303 299 295 292 288 285 282 282 284 287 289 292 293 292 290 287 281 275 266 260 256 250 246 243 241 240 239 241 245 245 245 244 243 241 238 237 236 235 235 238 241 244 245 245 250 252 251 251 253 256 259 265 271 275 276 275 273 270 266 263 262 260 259 260 263 266 268 270 271 271 272 274 274 273 275 278 280 280 280 280 280 280 279 276 274 274 275 275 276 276 276 276 275
304 302 299 295 292 288 284 282 281 282 285 286 288 289 288 288 286 281 275 267 262 258 252 248 244 242 240 239 239 242 243 242 242 241 240 238 238 236 235 234 235 239 241 242 246 252 253 251 251 254 258 260 267 271 272 273 271 268 265 263 262 262 261 261 264 268 271 273 274 274 275 276 276 276 275 276 279 280 281 281 281 281 281 279 277 275 274 274 275 276 275 275 275 275
304 302 299 295 292 288 284 282 281 281 283 283 284 285 286 286 284 280 275 268 263 260 254 249 246 243 241 239 238 239 240 240 239 239 238 237 237 238 235 234 234 237 239 240 245 252 251 250 250 254 259 261 266 267 267 267 265 263 262 262 262 262 262 265 269 272 274 276 277 278 278 278 279 279 277 277 278 280 280 281 281 282 282 281 279 276 275 275 275 276 275 275 275 275
305 302 299 295 291 287 284 282 281 280 281 281 282 283 284 284 282 279 275 269 264 261 256 251 247 244 241 239 238 237 238 238 238 237 236 236 237 236 234 233 235 236 237 239 245 251 251 250 250 254 258 260 263 262 261 260 259 259 260 261 263 263 266 270 273 276 278 279 280 281 281 281 282 282 279 277 277 278 279 280 282 283 284 283 280 277 275 275 275 275 275 275 275 275
