geo_cache/3-2/elevation.txt
ncols         942
nrows         918
xllcorner     -72.06666666666666
yllcorner     42.256
cellsize      1.0E-5
NODATA_value  -9999
[rows 294 to 335 of 918, columns 564 to 657 of 942]
247 245 244 243 242 241 237 232 231 228 227 227 227 226 224 224 223 222 221 221 223 222 220 218 217 215 212 212 212 212 212 212 212 212 212 212 212 212 212 213 217 218 220 220 221 220 219 218 217 216 215 214 212 212 212 212 212 212 212 212 212 212 212 214 221 224 222 219 215 215 215 215 215 215 215 215 214 214 213 212 210 209 209 209 208 208 207 206 204 204 203 202 201 201
246 245 244 243 241 239 236 232 230 228 226 226 227 226 224 224 223 222 222 222 223 222 219 218 217 215 213 212 212 212 212 212 212 212 212 212 212 212 212 214 218 219 220 221 223 223 222 221 220 219 218 216 214 212 212 212 212 211 211 211 212 212 212 216 223 226 222 217 215 215 215 215 215 216 215 215 214 213 212 211 210 209 209 209 208 209 206 205 204 204 203 203 202 202
246 245 243 243 241 238 235 232 230 229 226 226 226 226 224 224 223 223 223 223 223 222 219 218 217 216 214 212 212 212 212 212 212 212 212 212 212 212 212 214 217 219 220 221 223 224 224 224 223 222 220 218 215 212 212 212 212 211 211 211 212 212 212 217 225 228 221 216 215 215 215 215 216 217 216 216 214 213 212 211 210 209 209 209 209 209 207 206 206 205 205 204 203 203
246 245 243 242 241 238 235 231 229 228 226 226 227 227 224 223 223 222 223 223 223 221 219 218 217 216 214 212 212 212 212 212 212 212 212 212 212 212 212 213 216 218 219 221 223 224 225 225 224 223 221 219 216 213 212 212 212 212 212 212 212 212 214 220 226 227 220 215 214 214 215 216 218 218 217 217 215 214 212 211 211 210 210 210 209 209 208 207 208 207 206 204 203 203
247 245 243 242 241 238 235 231 228 227 226 225 227 228 226 223 222 221 221 222 222 220 218 218 217 217 215 212 212 212 212 212 212 212 212 212 212 212 212 213 215 217 218 219 221 224 225 225 225 224 222 220 218 215 212 212 212 212 212 212 212 213 217 223 227 225 218 214 214 214 215 216 219 219 218 217 215 215 213 213 212 210 210 210 210 210 209 208 209 208 207 204 203 203
248 246 243 241 240 238 234 231 228 226 225 224 227 229 228 225 222 221 221 220 220 219 217 217 217 217 216 213 212 212 211 211 211 211 212 212 212 212 212 213 215 216 218 218 220 223 225 226 226 225 224 222 219 216 213 213 212 212 212 212 213 217 221 226 227 222 217 215 215 214 214 215 218 218 218 217 216 215 214 215 212 211 211 212 212 211 210 210 211 209 207 205 203 203
248 246 243 240 238 236 233 230 228 226 224 224 228 230 230 226 223 221 220 219 218 218 217 217 217 217 216 214 213 211 211 211 211 211 211 212 212 212 212 213 215 216 218 218 219 222 225 226 226 226 224 222 220 218 216 215 213 213 213 214 217 220 224 227 226 221 216 215 215 214 214 215 218 218 218 217 216 215 215 216 213 212 212 212 213 212 211 211 211 210 208 206 205 205
248 246 243 240 238 235 233 231 228 226 224 223 227 230 231 227 223 221 220 219 218 216 216 216 216 216 216 215 213 211 212 212 211 211 211 212 212 212 212 213 215 216 217 218 219 222 225 227 227 227 226 224 222 220 219 218 215 215 216 218 220 223 226 227 225 221 217 215 215 215 214 215 218 218 217 216 215 215 216 218 215 212 212 212 213 213 212 211 210 209 209 208 208 208
247 246 243 241 239 236 233 231 229 227 224 223 225 229 230 227 222 219 219 219 217 215 215 215 215 216 216 215 213 212 212 212 212 212 212 212 212 212 212 213 215 216 217 217 218 221 225 227 228 228 227 225 223 223 222 219 217 218 219 220 223 226 227 227 225 221 218 217 217 217 216 216 216 216 215 214 214 214 216 218 216 212 212 212 212 213 212 211 211 211 211 211 211 211
247 245 243 242 240 236 233 231 229 227 224 223 223 227 228 225 220 219 219 219 217 215 215 215 215 215 215 215 213 212 212 212 212 212 212 211 211 212 212 213 215 216 217 217 218 221 225 228 229 229 228 226 225 224 223 221 219 220 220 222 225 227 226 226 223 220 220 220 220 220 219 218 216 215 215 214 214 214 215 217 214 212 212 212 212 213 213 214 215 215 214 213 213 213
245 244 243 242 239 236 233 231 229 227 224 223 223 224 225 222 218 218 218 218 217 215 215 215 215 215 215 214 213 212 212 212 212 212 212 211 211 212 212 213 215 216 216 217 217 220 223 227 229 230 229 227 226 225 224 222 221 222 222 224 228 229 226 223 221 220 222 223 223 223 222 221 218 215 215 214 214 213 213 213 212 212 213 214 214 215 217 218 218 218 217 216 215 215
244 243 242 241 239 236 234 231 229 227 224 222 222 223 222 220 217 217 217 216 216 215 214 214 214 214 214 213 213 212 212 212 212 212 212 212 212 212 212 213 215 216 216 216 217 219 222 225 228 230 229 227 226 226 225 223 222 223 225 228 230 229 225 221 220 221 224 225 226 225 225 224 221 217 215 215 215 214 213 212 212 213 214 215 216 218 219 220 221 220 218 218 217 216
244 242 241 240 239 236 234 232 230 228 225 222 222 222 221 219 216 215 214 213 213 213 214 214 214 213 213 212 212 212 212 212 212 212 212 212 212 212 212 213 215 216 216 217 218 219 221 223 225 227 228 227 226 224 224 224 224 226 228 229 230 229 223 219 219 223 226 229 229 229 228 226 224 221 218 217 217 216 215 214 214 215 215 216 217 218 220 222 223 221 220 219 219 218
246 242 240 240 238 235 234 232 231 229 227 223 221 221 220 217 215 213 212 212 212 213 214 214 214 213 212 212 212 212 212 211 211 211 212 212 213 213 213 213 215 216 217 217 218 219 221 222 222 224 225 226 224 223 223 224 225 227 228 229 229 226 221 219 220 224 228 230 231 231 230 228 226 223 220 218 218 218 218 217 217 217 217 217 217 218 221 223 224 222 221 220 220 220
246 243 239 238 238 235 233 232 232 230 228 225 222 221 219 216 214 212 212 212 212 213 213 214 213 213 213 214 213 212 212 211 211 211 212 212 213 213 213 213 215 216 217 217 218 219 220 221 220 221 222 223 222 221 222 225 228 228 228 229 226 223 219 218 221 225 229 232 233 232 231 229 228 225 222 220 220 221 221 220 220 220 220 218 218 218 221 222 223 223 222 221 221 221
248 244 240 238 237 235 234 232 232 231 229 227 224 221 219 217 214 212 212 212 212 212 212 213 213 212 212 213 213 212 212 212 212 212 212 212 213 213 213 213 215 216 217 217 218 219 219 220 219 219 220 220 220 220 222 226 229 228 228 227 224 220 217 217 221 226 230 233 234 233 233 232 231 227 224 222 222 222 224 224 224 223 223 221 219 219 221 222 222 223 223 222 222 222
250 245 240 237 236 235 234 233 232 231 229 227 225 222 219 217 214 212 212 212 212 212 212 212 212 211 211 211 211 211 212 212 212 212 212 212 212 212 212 212 215 216 216 217 218 218 218 218 218 217 217 218 218 219 222 224 226 226 225 224 222 218 215 216 221 226 231 234 234 235 234 234 232 229 225 224 223 223 226 228 228 227 226 223 220 220 221 222 223 224 224 223 223 223
252 246 241 237 236 234 234 233 233 231 229 227 225 222 220 217 213 212 212 212 212 212 211 211 211 211 211 211 211 211 212 212 213 213 212 212 212 212 212 212 214 216 216 216 216 216 216 217 217 216 216 217 218 219 221 222 223 223 221 221 219 216 215 216 220 226 231 234 235 235 235 236 234 230 227 225 224 224 227 230 232 231 227 224 223 222 222 223 224 225 225 224 223 223
253 248 243 238 236 233 232 233 231 230 228 226 224 222 220 216 212 212 212 212 212 212 211 211 211 211 211 211 211 212 213 214 215 214 214 213 212 212 212 212 213 214 214 214 214 214 215 216 215 215 216 217 217 218 220 219 219 219 217 217 216 215 214 215 220 226 232 235 236 237 236 236 234 231 228 226 226 226 228 231 233 233 229 226 225 225 224 225 225 225 225 224 224 223
255 249 243 238 235 232 230 230 228 227 225 223 222 221 220 217 213 212 212 212 211 211 211 211 211 211 211 211 212 214 215 216 216 216 215 215 214 213 212 212 212 212 212 212 213 213 214 215 215 215 216 217 217 217 219 218 216 216 216 216 214 213 214 217 221 227 232 236 237 237 237 236 234 231 228 228 229 229 231 233 235 235 232 229 228 227 226 226 226 226 226 225 224 224
257 251 245 239 235 231 229 228 228 227 224 222 220 219 219 218 215 214 214 212 211 211 211 211 211 211 211 211 213 216 217 218 219 219 218 216 215 214 213 212 211 211 211 211 212 212 213 214 214 213 214 215 216 217 218 217 215 214 214 214 213 213 214 218 222 228 233 236 237 237 236 235 233 232 229 229 230 231 233 235 237 238 236 233 231 229 227 227 227 226 226 225 224 224
259 252 247 242 237 234 233 232 231 229 226 223 220 219 219 218 216 216 216 212 211 211 211 211 211 211 211 212 215 218 219 220 221 220 219 218 216 215 214 213 212 211 211 211 211 211 213 213 213 213 213 214 215 216 216 215 213 213 213 214 213 213 214 218 222 228 233 235 236 235 234 234 232 232 230 230 232 233 235 238 240 240 239 236 233 230 228 227 226 226 226 226 225 225
263 256 251 247 242 238 237 236 234 232 229 225 221 219 218 217 214 214 215 212 211 211 211 211 211 211 211 213 215 218 220 222 223 222 221 220 218 217 215 214 213 212 211 211 210 210 212 213 213 212 212 213 214 215 215 212 212 213 214 214 212 212 215 218 222 227 230 232 233 232 232 232 232 232 231 231 233 234 237 240 242 243 241 238 234 231 228 227 225 225 226 226 224 223
269 263 257 253 248 244 241 239 237 234 231 228 224 219 217 215 211 211 212 212 211 211 211 211 211 211 212 213 215 218 221 223 224 224 224 222 219 218 217 215 214 213 211 211 210 209 211 213 213 211 211 212 213 213 212 212 212 213 214 213 212 212 213 217 221 225 227 229 230 230 231 232 232 232 232 233 235 236 239 242 244 244 242 239 235 231 228 226 225 225 226 225 223 222
273 268 263 258 253 248 245 243 240 235 233 229 225 220 216 213 211 211 211 211 211 211 211 211 211 210 211 213 215 218 221 224 225 225 225 224 221 220 219 217 216 214 213 211 210 209 211 212 212 211 209 210 211 210 210 211 212 214 214 212 211 211 213 216 220 223 225 226 227 228 229 231 232 232 233 234 236 237 240 243 245 245 242 239 235 231 227 225 224 224 224 222 221 220
276 272 268 263 258 253 249 247 243 238 234 230 225 221 216 212 211 211 211 211 211 211 211 211 211 210 211 212 215 217 220 223 225 225 226 225 223 222 220 218 216 215 213 212 210 209 210 212 213 211 209 209 210 209 209 211 213 213 212 211 210 211 212 215 218 221 223 223 224 226 228 231 232 233 235 237 239 239 241 243 245 245 242 239 234 230 226 224 223 222 222 221 220 219
278 275 272 267 262 258 253 249 245 240 235 230 225 221 216 211 211 211 211 211 211 211 211 211 211 210 211 211 213 216 219 221 223 225 227 227 225 224 222 220 218 216 214 212 210 209 209 211 213 212 210 209 209 209 209 210 211 211 210 210 210 210 212 214 217 219 222 223 224 226 229 231 232 234 236 238 240 240 241 243 245 244 241 237 233 230 225 223 223 221 221 220 219 218
278 275 273 271 266 262 257 253 248 243 237 231 225 220 216 212 211 211 211 211 211 211 211 211 211 211 211 211 212 214 217 220 223 225 227 228 227 226 224 222 220 217 215 213 210 209 209 210 212 212 209 208 209 209 209 209 210 210 210 210 210 210 212 213 216 219 222 224 225 227 229 231 233 235 238 239 241 241 241 243 244 243 239 236 232 230 226 224 223 221 221 219 218 218
277 275 274 273 270 265 261 257 252 246 240 233 226 220 216 212 212 211 211 211 211 211 211 211 211 210 211 211 211 212 215 219 223 225 227 228 228 228 227 224 222 219 216 213 211 209 209 209 212 212 208 208 209 209 209 209 210 210 210 210 210 210 211 213 216 220 223 225 227 228 229 231 234 237 238 239 241 241 241 243 243 241 237 234 232 229 226 225 223 222 221 219 218 217
275 275 274 274 273 269 265 261 256 251 244 236 229 222 217 213 212 211 211 211 211 211 211 211 211 210 211 211 211 211 213 218 222 225 227 229 229 229 229 227 224 220 217 214 212 209 208 208 211 211 207 207 207 208 208 209 209 209 209 209 210 210 211 213 216 220 222 225 228 230 232 234 236 239 240 240 241 241 241 242 241 239 236 233 230 228 225 224 224 222 220 218 217 215
275 275 275 275 274 272 269 264 260 255 249 242 233 225 219 216 213 212 212 211 211 210 210 210 211 210 211 211 211 211 212 217 220 223 226 229 230 230 230 229 225 222 218 215 212 210 208 208 210 211 207 207 207 208 209 209 209 209 209 209 210 210 211 214 217 220 223 226 229 232 235 236 238 241 241 240 241 241 241 241 240 237 234 232 230 227 224 223 223 222 220 217 216 215
273 274 275 275 275 273 271 268 263 259 253 246 237 228 223 219 215 212 212 211 211 210 210 210 211 210 211 211 211 211 212 215 219 222 225 229 230 231 231 230 227 223 219 216 213 210 208 207 209 211 207 207 207 208 209 209 209 209 209 210 210 210 212 216 219 223 226 229 232 235 238 239 241 242 241 239 239 240 239 238 237 235 233 230 228 226 224 223 223 222 220 217 215 214
272 273 273 274 275 273 272 270 267 262 257 250 241 233 227 222 216 213 212 211 211 211 211 211 211 211 211 211 211 211 211 215 219 222 226 230 231 232 232 231 228 223 220 217 213 210 208 207 208 209 207 207 207 208 209 210 209 209 210 212 212 213 215 218 222 226 229 232 236 239 240 242 243 243 241 239 239 239 238 237 236 234 232 229 227 225 223 223 223 222 221 217 214 213
271 270 271 272 273 273 273 271 268 264 259 253 245 237 231 224 219 214 212 211 211 211 211 211 211 211 211 211 211 211 211 215 220 222 226 230 232 232 232 232 228 224 221 218 214 211 208 207 207 207 206 206 207 207 208 210 210 211 212 214 215 216 217 221 225 228 232 235 238 241 243 245 246 244 241 237 237 238 237 235 234 232 230 228 225 224 223 222 222 221 220 217 214 213
270 269 269 270 272 274 273 272 270 266 261 256 249 241 234 227 221 216 212 211 211 211 211 211 211 211 211 211 211 211 212 215 220 222 226 229 230 231 232 232 228 225 221 219 215 211 208 206 206 206 206 206 207 208 209 211 211 212 213 215 217 218 220 223 227 230 234 237 241 244 245 246 246 244 239 236 236 236 236 235 233 231 229 227 225 223 222 222 222 221 219 217 214 212
269 268 268 269 271 272 273 272 270 267 263 258 251 244 237 229 223 218 213 211 211 211 211 211 211 211 211 211 211 211 212 216 219 222 225 228 229 230 231 230 228 225 221 219 215 211 208 206 206 206 205 206 207 209 210 211 212 212 213 216 218 219 221 225 229 233 236 240 243 246 247 246 245 241 237 234 235 235 234 233 232 231 228 226 224 222 221 221 220 219 218 217 214 212
269 267 267 267 268 270 271 271 270 268 263 258 253 247 240 232 224 219 214 211 211 211 211 211 211 211 211 211 211 211 212 215 218 221 224 226 227 227 228 229 228 225 222 219 216 211 208 206 206 206 205 206 208 210 210 212 212 212 214 217 219 220 223 227 231 234 238 242 245 247 247 245 242 238 234 234 234 234 233 232 232 230 229 226 224 222 220 220 220 219 217 216 214 212
269 267 266 266 266 268 269 269 268 267 263 258 253 248 242 234 226 220 214 211 211 211 212 212 212 211 211 211 211 212 213 214 216 220 222 224 225 225 226 226 226 224 222 220 216 212 208 206 206 206 206 206 209 210 211 212 213 213 214 217 220 221 224 227 231 235 239 243 245 246 245 242 239 235 232 232 232 232 231 231 231 232 230 227 224 222 220 219 219 218 217 215 214 212
270 268 265 265 265 266 266 267 266 265 262 258 253 249 244 236 228 221 214 211 211 211 212 212 213 212 212 212 212 212 212 213 214 218 220 221 222 222 223 223 223 222 220 219 216 212 208 205 205 205 206 207 209 210 210 211 213 214 214 217 219 221 225 228 231 236 239 243 245 244 242 238 234 231 231 231 231 231 230 230 232 233 232 229 225 222 220 219 219 218 216 214 213 211
271 268 266 265 263 263 264 264 264 263 261 258 253 250 245 238 230 223 215 211 211 211 212 212 213 212 212 212 212 212 212 212 213 216 217 218 219 219 220 220 220 219 217 216 213 212 208 205 205 205 206 207 209 209 209 209 211 213 214 216 218 221 224 228 231 235 238 241 242 240 237 233 229 228 230 229 229 228 229 230 232 234 234 231 227 223 221 219 219 218 216 214 212 211
271 269 267 265 263 261 262 262 261 260 258 256 253 250 245 239 231 224 217 212 211 211 212 212 213 212 212 212 212 212 211 211 212 213 214 215 215 215 216 217 217 217 215 212 210 210 208 205 205 204 205 207 209 209 209 209 211 213 214 216 217 219 222 226 230 233 236 238 237 235 231 227 225 226 228 228 227 227 228 230 232 235 234 233 229 226 223 221 219 218 216 214 212 210
271 269 267 265 263 260 259 259 259 258 257 254 252 249 245 240 232 225 219 213 210 210 210 212 212 211 211 212 212 212 211 211 211 211 211 212 212 212 212 213 214 214 214 211 209 208 207 205 205 204 204 206 208 208 208 209 211 213 213 215 216 218 221 225 228 231 233 234 233 230 226 223 224 225 226 225 225 226 228 230 232 235 236 234 231 227 224 222 220 218 217 215 212 210
