geo_cache/3-2/elevation.txt
ncols         942
nrows         918
xllcorner     -72.06666666666666
yllcorner     42.256
cellsize      1.0E-5
NODATA_value  -9999
[rows 630 to 671 of 918, columns 94 to 187 of 942]
249 247 247 251 255 255 253 255 259 264 266 268 269 269 271 273 276 279 281 285 286 287 287 287 290 293 296 300 304 306 309 309 308 307 306 306 306 305 306 308 309 309 308 307 307 307 306 305 303 301 300 299 298 296 295 295 294 294 294 294 294 294 294 293 292 291 290 289 289 288 286 283 279 276 273 274 275 275 276 275 275 275 275 273 270 266 262 259 257 256 252 251 250 249
247 246 249 255 258 258 255 256 259 263 266 268 270 271 272 274 277 279 281 285 285 288 288 289 291 294 296 299 303 305 307 308 308 307 306 306 305 305 306 308 310 310 309 308 307 307 306 305 303 300 299 298 297 296 295 295 294 294 294 294 294 294 294 293 292 291 289 288 288 288 286 282 278 275 272 272 274 275 275 275 275 275 274 272 268 265 261 258 256 255 252 251 250 248
246 246 252 259 262 261 260 259 260 263 266 269 271 274 274 277 280 282 282 285 285 288 289 290 292 294 296 299 302 304 306 307 307 307 306 306 305 305 306 309 310 311 309 308 307 307 306 303 302 299 299 298 297 296 295 295 295 295 295 295 295 295 294 293 292 290 289 287 287 287 285 281 277 274 271 271 274 274 274 274 274 275 274 270 267 264 260 257 255 253 252 251 250 248
245 248 254 261 265 264 263 263 263 264 267 270 273 276 277 279 283 286 284 285 285 288 290 291 293 294 296 298 301 303 305 306 306 306 306 305 304 305 306 309 310 311 310 308 307 306 305 302 300 299 298 297 297 296 296 296 295 295 295 295 295 295 294 293 292 290 288 286 286 286 284 280 276 273 270 271 273 273 273 274 275 275 274 270 266 263 259 255 253 252 251 251 249 247
245 249 256 263 266 266 265 266 266 266 268 270 275 278 280 281 285 288 286 285 285 287 289 291 293 294 295 298 301 303 304 305 306 306 305 305 304 304 305 308 309 311 310 309 307 306 303 300 299 298 298 297 297 296 296 296 296 295 295 295 295 295 294 293 292 290 288 285 285 285 282 279 275 271 270 270 271 271 272 274 276 276 274 270 265 262 258 254 252 251 251 250 248 247
244 250 258 263 265 264 265 267 267 267 269 271 275 280 282 284 286 288 287 286 286 287 289 291 293 294 296 298 300 303 304 304 305 305 305 304 303 303 304 307 309 311 310 309 307 305 302 299 299 298 298 297 297 297 296 296 296 295 295 295 295 295 295 293 292 289 287 285 284 284 281 278 274 270 269 270 270 271 272 275 276 277 274 270 265 261 257 254 252 251 251 249 247 247
244 250 256 261 262 262 264 267 267 268 269 272 276 280 284 286 287 288 288 287 287 287 289 292 294 295 296 298 300 302 303 304 305 304 304 303 303 303 304 306 309 310 309 308 307 304 301 299 299 298 298 298 297 297 296 296 295 294 295 295 295 295 295 293 291 288 287 285 283 282 281 278 274 270 269 269 269 271 273 275 276 276 273 269 264 261 257 253 251 251 250 248 246 246
244 249 253 257 261 263 266 267 267 269 270 273 276 280 284 287 288 289 289 288 287 288 290 292 294 295 296 298 299 301 302 303 304 304 303 302 302 302 303 305 308 309 309 307 305 302 300 299 298 298 298 298 297 297 296 295 294 293 294 294 294 294 294 293 291 287 286 284 283 282 281 278 274 270 268 268 269 271 273 274 275 275 272 268 264 260 256 253 251 250 248 247 246 246
244 248 252 257 261 265 268 268 268 269 270 273 276 280 284 287 289 291 291 290 289 289 290 293 295 295 296 298 299 301 302 302 303 302 302 302 301 302 302 304 306 307 306 305 303 300 299 298 298 298 298 298 298 297 295 294 293 292 293 294 294 294 294 293 290 286 285 284 283 283 281 278 274 270 268 268 269 269 271 272 272 272 269 266 262 259 255 252 249 249 247 246 246 245
243 247 252 258 263 266 268 268 268 269 270 272 275 279 283 287 290 291 292 292 292 291 291 293 295 295 296 298 299 300 301 302 301 301 301 301 301 301 301 303 304 305 304 302 301 299 299 298 297 297 297 297 299 297 295 293 292 291 292 294 294 293 293 292 289 286 285 284 284 284 282 279 276 273 270 268 268 267 268 269 269 268 266 263 260 257 254 251 249 248 247 246 245 245
243 249 254 259 264 265 266 268 269 269 269 271 275 279 282 286 290 293 294 294 294 293 292 293 295 295 296 298 299 300 300 300 299 299 300 300 301 300 300 301 302 303 302 300 299 299 299 298 297 297 297 297 299 297 294 292 290 290 292 293 293 292 292 290 287 286 285 285 286 285 284 281 278 275 272 270 268 266 265 265 265 264 262 260 257 255 252 249 248 247 246 245 245 244
244 251 256 260 264 265 266 268 268 269 269 271 275 278 282 286 290 294 295 297 297 296 294 293 295 296 297 298 298 299 299 299 299 299 300 300 300 300 300 300 301 301 300 299 299 299 298 298 297 296 296 297 298 296 293 292 290 290 291 292 292 291 291 290 288 287 287 287 287 286 285 282 280 277 274 272 269 266 263 263 262 261 259 257 254 253 251 249 247 247 245 245 245 244
246 252 257 261 263 265 266 268 268 269 269 271 275 277 281 285 289 293 297 299 299 298 296 294 295 296 297 298 298 299 299 299 299 299 300 300 300 300 299 299 299 299 299 299 298 298 298 297 297 296 296 296 297 294 292 292 290 290 290 291 291 290 289 289 289 289 289 289 288 287 286 284 282 278 276 274 271 267 262 261 260 259 257 255 252 251 249 248 246 246 245 245 244 243
246 252 257 260 263 264 266 267 268 269 269 272 275 277 279 283 287 292 297 300 300 300 297 295 295 296 297 297 298 298 298 299 299 299 300 300 300 299 299 299 299 299 299 299 298 298 298 297 296 296 295 294 295 294 293 292 290 290 290 290 290 289 288 288 288 288 289 289 288 287 286 285 283 279 276 274 271 266 262 261 260 259 257 254 252 251 249 247 246 246 244 244 243 242
246 252 257 259 262 264 265 267 268 269 269 272 275 277 279 282 285 289 294 299 300 301 299 295 295 296 296 297 297 297 298 299 300 300 301 301 300 299 298 298 298 299 299 299 298 298 298 297 296 295 294 294 294 294 294 292 290 289 289 289 289 288 288 287 288 288 288 289 288 287 286 285 283 279 276 274 270 266 263 263 262 261 260 257 254 251 249 247 245 244 244 243 242 242
245 250 255 258 261 263 265 267 268 269 269 272 275 277 278 280 283 286 291 296 298 301 299 295 295 295 296 297 297 297 298 298 300 301 302 301 300 299 298 298 298 299 299 298 298 298 298 297 296 295 294 293 293 293 294 293 291 289 288 288 287 287 287 287 287 287 288 288 287 287 286 285 282 278 276 274 270 266 266 267 267 265 264 260 256 252 250 247 246 245 244 242 242 241
247 251 255 258 261 263 265 266 267 269 269 271 274 277 277 279 281 283 288 292 294 299 299 296 296 296 296 297 297 297 297 298 301 303 302 301 299 299 298 298 298 299 299 298 298 298 297 296 295 294 294 293 293 293 292 292 291 289 287 287 287 287 287 287 287 287 288 287 286 286 285 284 281 278 276 273 270 269 270 271 271 269 266 262 258 254 251 249 246 245 244 242 242 241
249 253 257 259 262 263 265 266 267 269 270 271 274 276 277 278 279 281 285 288 290 296 299 296 295 295 296 297 297 297 297 298 302 303 302 300 299 298 298 298 298 299 299 298 298 298 297 296 295 294 294 293 292 292 292 292 291 289 287 287 287 287 287 287 287 287 287 287 286 285 284 282 279 277 275 273 271 273 274 275 274 272 268 263 259 255 251 248 246 245 245 244 243 241
249 254 257 260 262 263 264 266 268 270 270 271 273 275 276 277 278 281 284 286 288 294 297 295 295 295 296 296 296 297 297 299 303 304 303 300 299 299 299 299 299 300 300 299 298 298 297 296 295 294 294 293 292 292 291 291 291 289 287 287 287 287 287 286 286 286 286 286 285 284 282 280 278 277 275 273 273 275 277 277 276 275 270 264 259 254 251 248 245 245 245 245 243 242
248 252 256 259 261 262 263 266 268 270 270 270 271 273 274 275 278 282 284 287 289 293 296 296 296 296 296 296 296 296 297 300 303 305 303 302 300 299 299 299 300 301 301 299 299 299 297 296 295 294 294 293 292 292 291 291 290 288 287 287 287 287 287 286 286 286 286 286 284 283 282 279 277 275 274 274 274 276 279 279 278 276 271 264 259 254 251 249 247 246 246 246 245 243
248 252 255 258 261 262 264 267 269 271 271 270 270 271 273 275 277 283 286 289 289 293 296 296 296 296 296 296 296 296 298 301 304 305 304 303 301 299 299 300 300 302 302 300 299 299 297 296 296 295 294 293 292 291 291 291 290 288 287 287 287 287 287 286 286 286 286 286 284 284 282 279 276 275 275 275 275 276 279 280 280 277 272 266 261 257 254 252 249 248 247 246 245 242
250 253 256 258 261 263 265 267 269 271 271 269 269 269 272 274 278 283 286 289 290 293 296 296 296 296 296 295 296 297 299 302 304 305 305 304 303 300 299 300 301 303 303 301 299 299 299 298 297 295 294 293 292 291 291 291 290 288 287 287 287 287 287 287 286 286 286 286 285 284 283 279 276 275 275 275 275 277 279 282 282 279 274 269 265 262 258 254 251 250 248 245 244 242
252 255 258 260 263 265 266 268 269 270 270 269 269 269 272 275 278 283 286 289 290 293 295 296 296 296 296 295 296 297 299 302 305 306 306 305 304 302 300 300 301 303 303 301 300 300 300 299 297 294 294 293 292 292 291 291 291 289 287 287 287 287 287 287 286 286 286 286 286 285 284 280 277 275 275 277 278 279 281 282 283 281 276 271 268 265 261 256 252 251 248 245 244 242
252 256 259 262 264 265 266 268 269 269 269 269 269 269 272 275 278 282 286 289 290 292 295 295 295 295 295 296 296 297 300 303 306 307 308 307 306 303 302 302 302 302 302 301 301 301 301 298 296 294 294 293 292 292 292 292 291 289 288 287 287 287 287 287 287 287 287 287 287 286 284 281 277 276 277 280 282 283 284 283 283 281 277 271 268 265 261 257 253 252 247 245 243 241
253 257 260 263 264 265 266 268 268 268 268 268 269 269 271 275 278 282 286 289 290 292 294 295 295 295 295 296 296 297 300 303 306 308 309 309 307 303 302 302 302 302 302 302 301 301 301 298 296 294 293 293 292 292 292 292 291 290 289 289 287 287 287 287 287 287 287 287 287 286 284 280 277 276 280 283 285 287 287 286 284 280 276 271 267 264 260 256 253 252 245 244 242 240
253 257 261 263 263 264 265 268 268 268 268 268 268 269 271 275 278 282 286 288 289 291 294 295 295 295 295 296 296 297 299 302 306 308 309 309 307 304 303 302 302 303 303 302 302 302 301 299 296 293 293 293 293 293 293 293 292 292 291 291 289 288 288 288 288 288 288 288 287 286 284 280 278 278 282 285 287 289 289 287 284 280 277 272 268 264 259 254 250 249 244 243 241 240
253 257 261 262 262 263 265 267 267 267 267 267 268 269 271 275 278 282 285 288 289 291 293 295 295 295 295 296 296 296 298 302 305 307 308 308 306 305 304 303 303 303 303 302 302 302 302 300 296 293 293 293 293 293 294 294 293 293 293 293 291 290 289 288 288 288 288 288 287 286 284 280 280 279 282 286 289 290 290 289 287 284 280 276 271 267 260 253 248 246 244 242 241 239
253 257 260 261 260 262 265 267 267 266 266 266 268 269 271 275 279 283 285 287 288 290 293 294 295 295 296 296 296 296 297 300 304 307 308 308 306 305 304 304 304 305 304 303 303 303 303 300 296 293 293 293 293 293 295 295 295 295 294 294 293 292 290 289 289 288 288 288 288 286 284 283 283 281 283 286 289 291 291 291 290 288 284 280 275 271 264 255 247 245 243 241 240 238
253 257 259 258 259 261 264 266 266 266 266 266 268 269 272 276 279 283 285 287 287 289 292 294 296 296 297 297 296 297 298 299 303 307 308 308 307 305 304 304 304 305 304 303 303 304 303 300 296 294 293 293 293 293 294 295 295 295 295 294 294 293 291 290 290 289 289 289 288 286 285 286 286 283 283 286 289 291 292 292 292 291 287 283 277 273 267 257 248 246 243 241 239 236
253 255 256 257 259 261 263 265 265 266 266 266 268 269 273 276 279 283 285 287 287 288 291 293 296 296 297 298 298 299 299 300 303 307 310 309 307 304 303 303 304 303 302 303 305 306 305 301 297 295 293 293 293 293 294 295 297 297 296 295 295 294 293 292 291 291 290 290 287 286 286 286 287 284 283 285 289 290 292 293 295 294 291 285 279 274 267 258 249 247 244 240 237 235
251 253 254 257 259 260 262 264 264 265 265 266 268 270 273 275 279 282 285 286 286 288 290 292 295 296 297 298 299 299 300 301 303 307 310 309 306 304 303 303 303 301 301 302 305 307 305 301 298 296 293 293 293 293 294 296 298 299 298 296 295 294 294 293 292 291 291 290 286 285 285 286 287 284 282 283 287 290 293 295 297 298 293 287 281 274 266 257 250 247 244 239 235 234
249 251 253 257 259 260 262 263 263 264 265 266 269 271 274 275 278 282 285 286 286 287 289 291 294 295 297 299 299 301 302 303 304 308 309 308 306 304 303 303 303 301 300 302 305 306 304 301 298 297 295 293 293 293 295 296 298 300 299 298 297 296 296 295 294 293 292 290 285 283 283 285 286 284 281 281 285 288 292 295 297 299 295 289 281 274 265 256 250 247 243 238 234 233
247 249 253 256 258 260 261 262 263 264 265 266 269 271 274 275 278 282 284 285 285 286 288 290 293 295 297 299 300 301 302 303 305 307 308 308 306 304 303 302 302 300 300 301 304 304 302 300 298 297 296 293 293 293 295 297 299 300 300 300 298 297 297 297 296 294 293 290 284 282 283 284 285 282 280 280 282 285 290 294 297 298 295 289 281 273 263 255 249 247 243 237 233 232
247 250 253 255 258 259 260 261 262 264 265 267 269 272 274 275 278 281 283 284 285 286 288 289 292 294 296 299 300 302 302 303 306 307 307 307 307 304 302 301 300 299 299 300 302 302 301 299 298 297 297 294 293 294 296 297 299 301 302 302 300 300 300 300 298 296 294 290 284 282 282 283 284 281 278 279 280 283 288 292 295 296 294 288 280 271 262 254 249 247 242 236 232 231
247 250 252 254 257 258 259 260 262 264 265 267 269 272 274 275 277 279 281 283 284 285 287 289 291 293 296 298 300 302 302 303 305 306 306 306 306 304 302 300 299 299 299 300 301 300 299 298 297 297 297 295 294 295 297 298 300 302 303 303 303 303 303 302 300 297 295 290 284 281 281 281 281 279 278 278 279 281 285 290 293 294 292 286 278 269 261 253 247 246 241 235 232 230
247 250 251 253 255 257 258 260 262 264 265 267 270 271 273 274 275 277 279 281 282 284 287 288 290 292 295 297 299 301 302 303 305 306 306 306 305 304 302 299 299 299 299 299 299 298 298 298 297 297 297 296 296 297 298 299 300 302 304 305 305 305 305 304 302 298 295 289 284 280 280 279 279 278 277 277 277 279 282 287 290 291 289 283 275 267 259 251 246 244 239 234 231 229
246 248 251 253 254 257 258 260 262 264 265 267 269 270 271 272 273 276 278 280 282 284 287 288 290 291 293 296 298 300 302 303 305 306 305 305 305 303 302 299 299 298 299 298 298 298 298 297 297 297 297 297 297 298 299 300 301 303 304 306 306 306 306 305 302 297 294 289 284 282 280 279 278 277 277 277 277 277 280 284 287 287 285 280 272 265 257 250 245 244 238 233 231 229
247 249 251 253 255 257 258 261 262 264 266 267 268 269 270 270 273 276 279 281 282 284 287 288 289 290 292 294 297 299 301 303 304 305 305 304 304 302 300 298 298 298 298 298 298 298 298 297 297 297 297 297 298 298 299 300 302 304 305 306 306 306 306 305 301 296 293 289 287 285 283 279 278 277 277 277 277 277 278 280 283 282 281 276 270 263 255 248 243 242 236 233 231 228
248 250 252 254 255 257 258 260 263 265 266 267 268 269 270 271 274 277 279 282 282 284 287 288 289 289 290 292 295 297 300 302 303 304 303 303 302 300 298 297 297 298 298 298 298 298 298 298 298 298 298 298 298 298 299 300 302 305 306 307 307 307 306 304 299 295 293 291 290 288 285 280 278 277 277 277 276 276 276 278 279 279 277 274 268 261 254 246 241 240 235 232 230 228
250 251 253 254 255 256 258 260 262 264 266 266 268 269 270 272 274 277 279 281 282 284 286 287 288 288 289 291 293 295 298 300 302 303 303 302 300 298 297 297 297 298 298 299 298 298 298 298 298 298 298 298 298 298 298 300 302 305 306 307 308 307 306 303 300 297 295 294 292 290 287 282 279 277 277 277 276 276 275 276 277 276 275 271 266 259 252 245 241 239 234 232 230 228
251 252 253 254 254 255 256 260 262 264 265 266 268 269 270 272 274 277 279 281 282 284 286 287 288 288 288 289 291 293 296 298 301 302 301 300 298 298 298 298 298 298 299 299 299 299 299 298 298 298 298 298 298 298 298 299 302 307 308 309 309 309 305 303 301 299 298 296 294 292 288 283 279 278 278 278 277 276 274 275 275 274 273 269 263 256 250 244 240 238 234 232 230 228
251 252 253 253 253 255 257 260 262 264 266 266 268 269 271 272 274 276 278 280 281 283 285 286 287 287 286 288 290 292 294 296 299 300 299 298 297 298 298 298 299 299 299 299 299 299 299 298 298 298 298 298 298 298 298 299 303 307 309 309 309 308 305 304 302 301 300 298 296 293 289 284 280 279 279 278 277 276 273 273 274 273 271 267 260 254 248 244 239 238 234 231 230 227
