geo_cache/5-1/elevation.txt
ncols         946
nrows         918
xllcorner     -71.37777777777778
yllcorner     42.007999999999996
cellsize      1.0E-5
NODATA_value  -9999
[rows 324 to 377 of 918, columns 576 to 671 of 946]
12 13 13 14 14 14 14 14 13 13 13 13 13 13 13 13 13 13 13 14 14 14 14 14 14 14 14 16 18 20 21 23 24 26 28 30 30 30 31 36 40 41 43 42 41 42 44 43 41 41 41 43 43 43 43 43 42 42 43 43 43 44 45 47 48 48 50 50 52 53 53 54 54 55 59 59 57 57 58 58 56 52 48 48 46 45 44 43 43 43 43 43 43 44 44 44
12 13 13 15 15 14 14 14 13 13 13 13 13 13 13 13 13 13 13 14 14 14 15 15 15 15 15 16 19 21 22 24 26 28 30 32 32 30 31 37 40 41 43 42 41 40 41 40 40 40 41 43 44 43 43 42 42 42 42 42 43 44 45 47 48 49 50 50 52 53 53 54 54 55 57 58 57 57 57 57 54 50 46 46 45 44 44 43 43 42 42 42 43 44 45 45
12 13 14 15 15 15 14 14 13 13 13 13 13 13 13 13 13 13 13 13 13 14 15 15 15 15 15 16 20 22 23 24 27 28 31 33 33 30 32 38 40 41 42 42 40 39 38 38 38 39 40 42 42 41 42 42 42 42 42 42 43 44 45 47 49 49 51 51 52 53 53 54 54 54 54 55 55 56 56 54 51 47 45 45 44 43 42 42 42 42 42 42 43 44 44 45
13 14 14 15 15 15 14 14 13 13 13 13 13 13 13 13 13 13 13 13 13 14 15 15 15 15 15 17 20 23 24 26 27 29 32 34 33 30 33 38 40 40 40 40 39 38 38 38 38 38 39 40 41 41 41 41 41 41 42 42 42 44 45 48 50 50 51 51 52 53 53 54 54 55 54 53 52 54 54 51 47 46 45 44 43 43 42 42 42 41 41 41 43 43 45 45
13 14 14 15 15 15 14 14 14 13 13 13 13 13 13 13 13 13 13 13 13 14 14 14 15 15 15 18 20 24 25 26 28 30 33 34 32 30 32 37 39 39 39 39 38 37 37 37 37 37 38 38 39 40 40 40 41 41 41 41 42 44 45 49 51 52 51 51 52 53 53 54 54 56 57 53 50 51 51 48 46 44 44 44 43 43 42 41 41 41 41 42 43 44 46 47
13 14 14 15 15 14 14 14 14 14 14 13 13 13 13 13 13 13 13 13 13 14 14 14 15 15 15 18 20 24 25 27 29 32 34 34 32 30 30 35 37 38 38 38 37 36 36 36 37 37 38 38 38 39 39 40 40 40 41 41 41 43 45 49 51 53 53 52 52 53 54 55 55 57 57 53 50 50 48 47 45 44 44 45 46 46 43 41 41 41 42 43 44 46 47 48
13 13 13 14 14 14 14 14 14 14 14 14 14 14 13 13 13 13 13 13 13 14 14 14 15 15 15 18 20 24 25 27 30 32 34 34 32 30 30 33 36 37 37 36 36 35 35 36 37 37 38 38 38 39 39 40 40 40 41 41 41 43 45 49 52 54 54 53 53 54 54 55 56 58 57 53 50 49 48 46 45 44 47 48 49 47 44 41 41 41 43 44 45 47 48 49
12 12 12 13 13 13 13 13 14 14 14 14 14 14 14 14 14 14 14 14 14 14 14 14 15 15 15 18 20 24 26 28 31 33 34 33 32 30 30 33 35 35 35 35 35 35 35 35 37 37 38 38 38 39 39 40 40 40 41 41 41 42 45 48 51 54 55 54 53 54 54 55 56 58 57 55 53 51 49 47 46 47 50 51 50 48 43 41 41 42 44 45 46 47 48 49
12 12 12 12 12 12 12 13 14 14 14 14 14 14 14 14 14 14 14 14 14 14 14 14 15 15 15 18 20 23 25 28 32 34 34 33 33 32 32 34 35 34 33 33 34 34 34 35 37 37 38 38 38 39 39 40 40 40 41 41 41 42 44 48 51 54 57 55 53 54 54 53 55 57 57 56 54 52 50 48 47 49 51 52 50 46 42 41 41 43 45 45 45 46 47 49
13 13 13 13 13 13 12 12 13 14 14 15 15 15 15 15 15 15 14 14 14 14 14 14 15 15 15 18 19 23 25 28 33 34 34 33 33 33 33 34 34 33 33 33 33 34 34 35 36 36 38 38 38 39 39 40 40 40 40 40 41 42 43 47 50 54 57 56 54 54 54 53 54 56 57 57 57 54 51 49 49 51 53 53 49 44 41 41 41 44 46 45 44 45 46 49
15 16 16 16 16 13 12 12 12 13 13 14 14 15 15 15 15 15 15 14 14 14 14 14 16 17 16 18 19 23 25 28 33 34 34 33 33 33 33 34 33 32 32 32 32 33 34 35 36 36 37 37 38 39 41 43 41 40 40 40 40 42 43 45 48 53 56 56 54 53 53 53 53 54 55 57 58 54 50 49 49 52 55 54 49 44 41 40 40 42 46 45 43 43 44 47
16 17 17 17 17 13 12 12 12 12 13 14 14 15 15 15 15 15 15 14 14 14 14 14 17 17 17 18 19 23 25 28 32 33 34 34 34 33 33 34 32 32 32 32 32 32 34 35 36 36 37 37 37 39 42 43 41 39 39 39 40 42 42 45 48 52 55 56 54 53 53 53 53 53 55 56 58 54 50 50 51 52 55 53 48 44 41 40 40 40 43 44 43 41 42 47
16 15 16 17 16 13 13 13 12 12 12 13 13 14 15 15 15 15 15 14 14 14 14 15 18 19 19 19 19 22 24 28 31 33 34 34 34 33 33 34 32 31 31 31 31 32 33 34 36 36 37 37 37 39 41 42 40 39 39 39 40 41 42 45 47 50 53 53 53 53 53 53 53 53 55 55 56 54 52 52 53 53 54 51 47 43 41 40 40 40 40 41 40 38 40 46
15 15 15 15 15 13 13 13 13 12 12 12 13 14 15 15 15 15 15 15 15 14 14 16 19 20 20 20 20 22 24 27 30 32 33 35 35 33 33 33 31 30 30 30 30 31 32 34 35 35 36 36 37 38 38 39 38 38 39 40 40 41 42 42 46 49 51 52 52 52 52 53 53 54 54 54 55 53 53 54 54 54 53 50 46 44 42 40 40 40 39 39 37 37 39 46
14 14 14 15 15 14 14 14 13 12 12 12 13 14 15 15 15 15 15 15 15 14 14 17 20 21 22 22 21 22 23 26 29 31 32 33 33 32 32 32 31 29 29 29 29 31 32 33 33 34 35 36 36 36 36 36 36 37 40 41 43 44 43 43 44 46 49 50 51 52 52 53 53 54 53 53 53 54 54 55 55 53 51 49 46 45 43 41 39 38 38 37 35 36 39 46
14 14 14 14 14 15 14 14 12 12 12 13 13 14 14 14 15 15 15 15 15 15 15 17 21 22 23 24 24 24 23 25 28 29 31 32 32 32 32 31 30 29 28 28 28 30 31 32 32 32 34 35 36 36 36 36 36 37 42 44 45 45 45 44 45 46 48 49 51 52 52 52 53 53 54 53 53 53 54 55 54 51 49 47 45 44 43 40 38 37 37 35 35 36 39 45
14 14 14 14 14 15 14 14 12 12 12 13 13 14 14 14 15 15 15 15 15 15 15 18 21 23 25 26 26 25 25 25 28 28 30 31 31 31 31 31 29 29 28 28 28 29 30 31 31 31 33 35 36 35 35 35 35 37 43 44 47 46 46 45 46 47 48 49 52 52 52 51 52 52 54 54 53 53 53 54 53 50 48 46 44 44 42 39 37 35 35 34 35 35 39 44
14 14 14 14 14 15 14 14 12 12 12 12 13 13 14 14 14 14 14 15 15 15 16 18 21 25 28 28 27 26 26 27 28 28 29 29 30 30 30 31 29 28 27 26 27 27 28 29 30 30 33 35 35 35 34 34 35 37 44 47 49 47 46 46 47 48 49 49 52 52 51 48 49 49 51 54 54 54 52 52 52 50 47 45 43 42 40 37 35 34 34 34 34 35 38 42
14 14 14 14 14 15 14 14 13 12 12 12 12 13 13 13 14 14 14 15 15 15 17 18 22 27 29 29 28 27 27 28 28 28 29 29 29 30 30 30 28 28 26 26 26 26 27 28 29 30 32 34 35 34 34 34 35 37 45 47 50 49 47 47 48 48 49 50 52 51 50 47 46 46 49 53 54 54 52 51 50 48 45 43 41 39 37 35 34 34 34 34 34 35 38 42
14 14 14 14 14 15 14 14 13 13 12 12 12 12 13 13 14 14 14 15 15 16 17 18 23 28 30 30 29 29 28 29 29 29 29 28 28 28 29 29 28 27 26 26 26 26 26 26 26 28 31 32 33 33 33 34 35 37 45 47 49 49 48 48 49 50 50 50 51 51 49 46 44 45 47 50 52 52 51 48 47 45 43 41 39 37 35 33 33 34 35 35 34 35 38 43
14 14 14 15 15 15 14 14 13 13 12 12 12 12 13 13 14 14 14 15 15 17 18 19 24 28 30 30 30 29 29 29 30 30 28 28 28 28 28 29 28 26 25 25 25 25 25 26 26 27 29 31 32 33 33 35 35 37 44 46 48 49 49 49 50 50 51 51 51 50 48 45 44 44 45 46 49 50 49 47 44 42 41 40 38 36 33 33 33 35 38 38 37 36 38 42
14 14 14 15 15 15 13 13 12 12 12 12 13 13 13 14 15 15 15 15 15 17 18 19 22 25 28 30 30 30 29 29 29 29 28 27 27 27 28 29 29 26 25 25 25 25 25 25 26 26 28 29 30 32 33 35 36 37 42 46 48 49 49 49 49 49 50 52 53 51 47 44 44 44 44 45 47 48 48 45 42 40 38 38 37 33 31 32 35 38 40 41 40 39 39 41
15 15 15 15 15 15 13 13 12 12 12 13 13 14 14 14 15 15 15 15 16 18 19 20 22 23 25 28 30 30 29 29 28 28 27 27 27 27 29 28 29 28 25 25 25 25 25 25 25 25 27 27 29 32 33 35 36 37 42 44 47 49 49 49 48 48 48 50 51 50 46 44 44 44 44 44 46 47 45 43 40 38 37 36 34 31 29 32 36 40 42 42 42 41 40 41
14 15 15 15 15 15 13 13 12 13 13 14 14 15 15 15 15 15 15 16 17 18 20 20 21 22 24 25 27 28 29 29 28 27 27 27 27 28 29 28 28 29 27 25 25 24 24 25 25 25 25 26 29 32 33 35 37 38 42 43 47 48 48 48 47 47 46 47 47 47 46 44 44 44 43 43 43 43 43 42 40 38 36 33 31 29 29 33 37 41 43 44 44 43 42 43
14 14 14 15 15 15 13 13 12 13 13 15 15 15 15 15 16 16 16 17 17 19 20 20 21 22 23 24 25 26 27 28 27 27 27 27 27 28 29 28 28 29 28 24 24 24 24 24 24 24 25 25 28 32 33 35 37 40 42 42 46 47 47 47 46 46 45 45 46 46 46 45 45 44 43 43 42 40 40 40 39 38 35 32 29 28 28 33 38 43 45 46 46 45 44 44
14 14 14 15 15 15 13 13 12 13 13 15 15 15 15 15 16 16 16 18 18 19 20 20 21 21 22 23 24 26 26 26 26 26 27 27 28 30 29 29 27 27 26 24 24 24 24 24 24 24 25 25 28 31 33 35 38 41 42 42 44 45 46 47 46 44 44 44 44 45 45 44 44 44 44 44 41 39 39 39 36 35 33 30 28 27 27 33 38 44 46 47 47 47 46 46
14 14 14 15 15 15 13 13 12 13 13 15 15 15 15 15 15 15 16 17 17 19 20 20 21 22 23 23 23 25 25 25 26 26 27 28 30 30 27 27 27 26 25 24 24 24 24 24 24 24 25 25 27 30 32 34 37 41 42 42 42 43 45 45 44 43 42 43 43 44 44 44 43 42 42 42 39 37 38 38 34 31 29 28 27 27 29 35 39 44 47 48 48 48 48 48
14 14 14 15 15 15 13 13 12 13 13 15 15 15 15 15 15 15 15 16 17 19 20 20 20 22 23 24 24 25 25 25 25 25 27 28 30 30 27 27 27 26 24 23 23 23 23 24 24 25 26 26 26 29 31 34 37 39 40 40 40 41 43 44 43 42 41 41 41 42 42 42 42 41 40 40 38 35 35 35 32 29 28 27 28 28 31 37 41 45 48 49 50 50 50 50
14 14 14 15 15 15 13 13 12 13 13 14 14 15 15 15 15 15 15 16 17 20 22 23 23 22 22 24 24 24 24 24 25 25 25 26 30 30 27 27 26 23 22 23 23 22 23 25 27 28 29 28 28 30 32 35 36 37 37 38 38 39 41 43 42 41 40 39 39 40 41 41 41 39 39 39 37 34 32 31 29 28 27 27 28 28 31 38 42 45 48 50 51 51 51 51
14 14 14 15 15 15 14 13 12 13 13 14 14 15 15 15 15 15 15 16 17 21 24 27 28 26 25 24 24 24 24 24 24 24 25 25 26 29 27 28 25 21 21 23 23 21 22 26 28 29 30 31 32 33 33 34 36 36 37 37 37 39 41 42 41 40 38 38 38 38 39 40 40 38 38 38 37 34 30 29 28 28 27 27 28 28 31 38 42 46 49 50 52 53 52 52
14 14 14 14 14 15 14 14 12 12 13 14 14 15 15 15 15 15 15 16 17 21 25 28 30 29 26 26 25 23 23 23 24 24 24 24 24 26 27 28 24 21 21 23 23 21 22 26 29 29 31 32 33 34 33 33 34 35 36 36 37 40 41 41 40 39 37 37 37 37 38 39 39 37 37 37 36 33 29 28 27 27 28 28 28 28 30 37 42 46 49 51 53 53 53 53
14 14 14 14 14 14 14 14 12 12 12 14 14 15 15 15 15 15 15 16 17 21 26 29 32 31 29 27 26 23 22 22 22 22 22 22 23 23 27 28 24 21 21 23 23 21 22 26 28 29 31 32 34 34 33 32 33 34 34 35 37 39 39 38 37 36 36 36 35 35 36 37 37 36 35 35 34 31 28 27 27 27 28 28 28 28 30 36 41 46 49 51 53 53 53 52
14 14 14 14 14 14 14 14 12 12 12 14 14 15 15 15 15 15 16 17 17 20 23 27 31 32 30 27 25 23 21 20 20 20 21 22 22 23 27 27 23 20 20 20 21 21 22 26 28 28 30 31 31 31 31 31 31 32 33 34 35 36 36 36 36 36 35 35 35 35 35 35 35 34 34 33 31 29 28 27 27 27 28 28 28 28 32 38 42 46 49 51 53 53 53 52
14 14 14 14 14 14 13 13 12 12 12 13 14 15 15 15 16 16 17 17 18 20 21 24 27 29 29 25 22 21 20 19 19 19 20 20 20 20 25 23 20 20 20 20 20 21 22 27 28 28 29 29 29 29 30 30 30 31 33 33 34 34 35 35 36 36 34 34 34 34 34 34 33 33 33 32 30 28 28 28 28 28 28 28 28 29 34 39 44 46 49 50 53 53 53 51
14 14 14 14 14 14 13 13 12 12 12 13 13 14 15 16 17 17 17 18 18 20 20 21 23 25 25 21 20 20 18 18 19 19 19 18 18 19 22 21 20 20 20 20 20 21 23 27 28 28 29 29 29 29 29 30 30 30 31 32 33 34 34 35 36 36 35 34 34 33 33 33 33 32 31 30 29 29 29 29 29 29 29 29 29 30 34 40 44 47 49 52 53 53 53 51
15 14 14 14 14 13 13 13 12 12 12 13 13 14 16 17 17 17 17 18 18 18 19 19 19 20 19 17 16 16 16 17 17 17 17 17 17 18 20 20 20 20 20 20 20 21 26 29 28 28 29 29 29 30 30 29 29 29 30 30 33 34 34 35 35 36 37 37 34 33 32 32 32 31 30 29 29 29 29 29 29 29 29 30 31 31 35 41 44 46 48 51 52 52 52 51
15 14 14 14 14 13 13 13 12 12 12 12 13 16 17 16 15 15 16 16 16 16 15 15 15 14 14 13 14 14 14 15 16 15 16 16 16 18 19 20 20 20 21 20 20 21 27 32 29 29 29 30 30 30 30 29 29 29 30 30 31 33 33 35 35 37 40 38 35 32 32 31 31 30 29 29 30 30 30 30 30 30 30 32 32 33 35 41 43 44 46 47 49 50 51 50
16 15 15 14 14 13 13 13 13 12 12 12 13 16 16 14 13 13 13 14 14 13 13 13 13 13 13 13 13 13 13 14 14 14 15 16 17 19 19 20 20 20 21 21 21 22 27 30 29 30 31 32 32 30 29 29 29 29 30 30 30 32 32 36 39 38 39 39 35 31 31 30 30 29 29 29 29 30 30 31 31 32 32 32 33 34 35 38 40 42 43 44 46 49 49 48
16 15 15 14 14 13 13 13 13 13 13 12 12 13 13 13 13 13 13 13 13 13 13 13 12 12 12 13 13 13 13 13 14 14 16 18 21 22 20 20 20 20 20 21 21 22 25 27 28 30 31 32 32 29 29 29 29 30 31 31 31 32 33 37 39 39 38 37 34 31 30 29 29 29 28 28 29 30 30 32 32 32 33 33 34 35 36 38 39 39 41 42 44 46 47 47
17 17 16 14 14 13 13 13 13 13 13 12 12 12 12 12 12 12 13 12 12 12 12 12 12 12 12 13 13 14 14 15 16 18 20 22 26 26 22 20 20 20 20 20 20 21 23 25 26 27 28 28 28 28 28 29 30 30 32 32 31 32 33 35 37 39 38 37 35 31 30 29 29 28 28 28 28 31 34 35 35 35 34 34 35 38 38 38 38 38 40 41 42 44 45 45
19 20 18 16 14 13 13 13 13 13 13 12 12 12 12 12 12 12 13 12 12 12 13 14 15 16 16 17 17 17 17 17 17 20 24 26 30 29 24 22 20 20 20 20 20 21 22 23 25 26 27 27 28 28 28 29 30 30 32 32 32 32 32 34 36 37 37 37 35 31 30 29 29 28 28 28 28 34 38 38 38 37 36 35 36 38 39 38 38 38 38 39 40 42 42 43
21 24 22 19 16 13 13 13 13 13 13 12 12 12 12 12 12 12 12 12 14 15 18 21 23 24 24 23 21 21 20 19 18 20 25 27 30 29 25 23 20 20 20 20 20 21 21 22 24 25 26 27 28 29 30 31 31 31 32 32 32 32 32 33 35 35 35 34 32 31 30 29 29 28 28 28 29 36 40 41 41 40 39 38 38 39 39 38 38 38 38 38 39 39 40 41
22 24 24 21 17 14 13 13 13 13 13 13 13 12 12 12 12 12 12 14 18 21 23 26 28 29 28 26 24 22 20 20 19 19 24 28 30 28 25 23 20 20 20 20 20 21 21 21 23 24 26 27 29 31 32 33 32 32 32 32 32 32 32 33 34 34 34 33 31 31 31 29 29 29 28 28 30 37 40 42 42 41 40 40 39 39 40 39 38 38 38 38 39 39 39 40
24 25 25 22 18 15 14 13 13 13 13 13 13 13 13 13 13 13 14 17 22 26 27 29 30 30 30 29 26 24 22 20 19 19 21 29 30 27 25 23 20 20 20 20 20 21 21 21 22 23 25 27 29 32 33 34 33 33 32 32 32 33 33 33 33 33 33 32 31 31 31 29 29 29 28 28 29 33 39 42 42 41 41 41 40 40 42 41 38 38 38 38 38 38 38 39
26 25 24 21 20 20 18 16 14 13 13 13 13 13 13 13 14 14 17 20 24 27 29 31 32 32 32 32 30 26 25 24 23 21 21 29 30 26 25 23 20 20 20 20 20 21 21 21 21 22 24 26 28 31 33 33 34 34 33 33 33 33 33 32 32 32 32 32 31 30 30 29 29 29 28 28 28 28 33 37 40 40 39 40 41 41 42 42 40 39 39 38 37 37 37 38
27 26 24 24 25 25 21 18 16 14 14 13 13 13 13 13 14 16 18 21 24 28 32 34 35 36 36 35 33 29 28 27 27 25 26 30 29 25 25 23 21 20 20 20 20 21 21 21 21 21 23 24 27 29 30 31 33 33 33 33 33 32 32 32 32 32 31 31 30 30 30 29 29 29 28 28 28 28 29 33 35 37 38 38 40 41 42 42 41 42 43 43 38 37 37 38
28 28 29 29 28 26 22 19 17 16 16 15 14 14 13 13 14 16 19 22 25 32 36 38 39 40 40 38 36 33 31 30 32 30 30 30 27 25 25 24 21 20 20 20 20 21 21 21 21 21 21 23 26 28 29 30 31 32 33 33 33 32 32 32 31 30 29 29 30 30 30 29 29 29 28 28 28 28 29 31 32 35 36 37 39 40 41 43 43 45 47 46 41 37 37 37
30 30 31 31 29 26 22 20 19 18 17 17 16 15 14 14 15 17 19 22 27 34 40 43 44 45 44 41 38 36 34 32 35 35 32 30 26 25 25 24 21 20 20 20 20 22 22 21 21 21 21 23 26 27 28 30 31 31 32 32 32 32 32 32 30 29 29 29 29 30 30 29 29 29 28 28 28 31 33 33 32 34 34 35 38 40 42 45 46 49 51 49 43 38 37 37
32 32 32 31 29 26 23 23 21 20 19 19 19 18 16 16 17 18 20 23 27 36 43 45 47 48 48 45 41 38 36 35 36 36 33 29 26 25 25 24 21 19 20 20 20 22 22 22 21 21 21 22 23 24 26 27 28 29 29 30 30 30 30 30 29 29 29 29 29 29 29 29 29 29 28 28 30 34 36 36 35 34 34 34 38 40 42 46 49 51 52 51 45 40 37 37
33 33 32 30 30 28 26 24 24 23 23 23 21 19 18 17 18 20 23 26 27 35 43 46 48 49 50 47 42 39 38 36 36 35 33 31 29 26 25 25 22 19 19 20 20 22 22 23 22 22 21 21 22 23 23 24 24 26 27 27 27 28 29 29 29 29 29 29 29 29 29 29 29 29 29 29 33 38 40 41 40 39 37 35 36 39 42 47 50 52 52 51 46 41 37 37
36 35 35 35 35 33 31 29 29 28 28 28 26 23 21 18 19 22 25 27 28 33 41 46 48 49 50 48 44 41 38 37 36 35 35 34 34 30 26 25 24 21 19 19 19 21 22 23 23 23 23 23 23 23 23 24 24 25 26 26 26 27 28 29 29 29 28 28 28 29 29 29 29 30 31 32 36 41 43 46 46 43 40 35 35 37 39 44 50 52 52 51 47 43 39 37
40 39 39 39 39 39 36 34 34 32 32 33 31 28 24 20 19 22 25 27 27 30 37 43 45 46 47 46 44 41 39 38 37 37 36 37 36 32 28 26 25 24 22 20 19 21 22 23 24 24 24 24 24 24 24 24 24 24 26 26 27 27 27 29 29 29 28 28 28 28 28 29 29 29 32 35 39 42 43 47 47 44 40 37 35 36 38 41 46 50 52 51 48 44 40 38
43 44 44 43 43 44 43 41 39 37 37 38 36 32 27 24 21 22 23 25 26 29 35 41 43 44 44 44 43 41 39 38 38 38 38 38 37 33 31 28 26 25 24 22 22 22 23 24 25 26 26 26 26 25 25 25 26 27 28 28 28 28 28 28 29 29 28 28 28 28 28 29 29 29 31 35 39 42 43 45 45 44 42 42 40 40 40 41 43 46 49 50 48 44 40 38
45 46 47 48 48 49 50 50 48 43 41 40 37 34 31 28 24 22 22 24 26 29 34 39 41 42 42 42 42 41 39 39 39 39 38 38 37 35 33 30 27 26 24 24 23 23 25 26 27 29 30 30 29 28 29 30 30 31 31 31 31 29 28 28 28 28 28 28 28 28 28 29 29 29 30 32 35 39 41 42 42 42 43 45 44 43 45 42 41 43 46 48 46 43 41 38
