geo_cache/5-1/elevation.txt
ncols         946
nrows         918
xllcorner     -71.37777777777778
yllcorner     42.007999999999996
cellsize      1.0E-5
NODATA_value  -9999
[rows 162 to 215 of 918, columns 0 to 95 of 946]
73 71 69 67 66 65 65 65 64 61 57 55 53 51 50 48 47 46 45 46 48 47 45 44 42 42 42 41 41 40 40 40 40 40 39 39 40 43 47 51 55 58 60 61 62 62 62 62 62 63 63 63 63 62 62 61 60 58 57 55 49 45 43 40 38 38 37 37 36 35 35 34 34 34 34 34 34 35 36 37 39 43 47 47 44 42 42 41 41 38 35 35 35 35 35 35
73 71 69 67 67 67 67 67 66 63 61 60 58 55 52 50 48 46 46 48 50 49 46 45 42 42 42 41 41 40 40 40 40 40 39 39 39 41 45 49 54 57 60 61 61 62 62 62 62 62 63 63 63 63 63 62 61 60 59 57 54 51 49 46 42 39 38 37 36 35 35 35 35 35 34 34 35 35 35 36 39 43 46 46 44 42 41 40 38 37 35 35 36 36 35 35
72 70 69 68 69 69 69 69 68 66 63 62 60 57 54 52 49 47 47 50 53 50 46 45 42 42 42 41 41 40 40 40 40 40 39 39 39 41 44 48 53 57 59 60 60 61 61 61 62 62 62 63 63 63 63 62 61 61 59 59 58 56 54 50 45 41 38 37 36 35 35 34 34 35 35 35 35 35 35 37 39 42 45 46 44 41 39 37 36 36 35 35 35 35 36 35
71 71 72 71 72 72 72 71 70 68 65 63 61 59 56 55 51 48 49 52 54 50 46 45 43 42 42 41 41 40 40 40 40 40 39 39 39 40 42 47 53 56 59 60 60 61 61 61 62 62 62 62 62 63 63 62 61 61 60 60 59 57 56 52 46 42 38 37 36 35 35 34 34 35 35 35 35 35 35 37 38 40 43 43 41 38 37 35 35 35 35 35 35 35 36 35
72 73 75 75 76 76 75 73 72 69 66 64 62 60 58 57 53 50 50 54 54 51 47 45 43 43 42 41 41 41 40 40 40 40 39 39 39 40 42 47 53 55 59 60 60 61 61 61 62 62 62 62 62 62 62 62 61 61 60 60 58 56 55 52 48 43 39 37 36 34 34 35 35 35 35 35 35 35 36 37 39 40 41 39 37 35 35 34 34 35 35 35 35 35 36 35
72 74 78 80 80 79 78 75 73 70 67 66 64 62 59 57 53 51 51 54 54 52 47 45 43 43 42 42 42 41 40 40 40 40 40 39 39 40 41 46 52 55 58 60 60 61 61 61 61 61 62 62 62 62 62 62 61 61 60 60 58 55 54 52 48 45 42 39 37 35 34 35 35 35 34 34 35 36 36 38 40 42 41 38 35 35 35 35 35 35 36 36 35 35 36 35
74 77 81 84 83 82 79 77 74 71 69 66 65 61 59 56 53 52 52 54 54 52 47 44 43 43 42 41 41 41 40 40 40 40 40 39 39 40 41 46 51 54 57 59 59 60 60 61 61 61 62 62 62 62 62 61 61 61 60 60 59 57 54 52 49 47 44 42 42 39 35 35 35 35 34 35 36 36 36 37 39 40 40 38 35 35 35 36 36 36 36 36 35 35 35 35
77 81 86 87 85 83 79 77 74 71 68 65 63 60 57 55 53 53 53 54 53 50 46 44 43 43 42 41 41 41 40 40 40 40 40 40 40 40 41 46 51 53 56 59 59 60 60 61 61 61 62 62 62 62 62 61 61 61 61 61 60 58 56 52 49 47 44 40 40 38 35 35 35 36 38 37 36 36 36 36 36 36 37 37 35 35 35 36 36 37 37 36 35 35 36 37
79 85 88 88 86 82 79 76 73 71 67 63 61 58 56 55 53 53 54 55 52 47 44 44 43 43 42 41 41 41 41 41 40 40 40 40 40 40 41 45 50 53 55 58 59 60 60 60 61 61 62 62 62 61 61 61 61 61 61 61 60 58 56 52 47 45 42 36 34 35 35 35 37 41 44 43 38 36 36 36 36 35 36 37 36 35 35 36 37 37 37 36 36 36 38 39
81 85 88 88 86 82 77 75 72 69 65 61 59 57 55 54 54 55 56 55 52 46 45 44 43 43 43 42 42 41 41 41 40 40 40 40 40 40 40 43 48 52 54 57 58 60 60 60 61 61 61 62 62 61 61 61 61 61 60 60 60 58 57 54 49 44 39 35 34 35 35 34 36 41 46 47 43 38 37 38 38 37 38 38 37 36 35 36 37 37 37 37 37 38 39 40
81 85 87 88 85 81 77 73 70 68 64 61 58 57 55 54 53 55 56 55 52 48 47 45 44 44 43 42 42 42 41 41 40 40 40 40 40 40 40 43 47 51 54 56 57 59 59 60 61 61 61 61 61 60 60 60 60 60 60 60 60 59 58 55 51 45 38 35 34 34 34 34 34 36 41 46 47 45 44 45 45 42 40 39 39 38 37 37 36 35 36 37 38 39 40 42
81 85 85 85 82 78 74 71 69 66 63 59 57 56 54 53 52 54 56 55 53 51 50 48 47 45 44 43 43 42 41 41 40 40 40 40 40 40 40 43 47 50 53 55 56 59 59 60 61 61 61 61 61 60 60 60 60 60 60 60 60 59 58 56 52 48 41 36 34 34 34 34 34 34 36 41 47 50 50 51 50 46 42 41 40 40 39 38 36 35 34 34 36 39 41 42
80 83 82 79 77 74 71 68 66 64 62 59 56 54 53 51 50 51 53 53 52 53 54 53 51 48 46 44 43 42 41 41 40 40 40 40 40 40 40 42 46 50 53 55 55 58 59 60 61 61 61 60 60 60 60 60 60 60 60 60 60 59 58 57 54 50 44 40 36 34 34 34 34 34 35 36 41 46 48 49 49 46 43 42 41 41 40 38 36 35 34 34 36 39 42 43
77 78 77 74 73 71 68 66 64 62 61 57 54 53 51 50 49 49 50 51 51 54 57 58 56 52 49 46 45 43 41 41 40 40 40 40 40 40 40 41 44 48 52 54 55 58 59 60 60 60 61 60 60 60 60 60 60 60 60 60 60 59 59 57 55 52 46 43 38 35 35 35 35 35 35 35 36 40 42 44 45 43 43 43 42 42 41 39 38 36 35 35 36 40 42 44
72 73 72 71 70 68 66 64 62 60 59 56 53 51 50 50 49 49 49 50 51 54 58 59 58 56 52 48 46 44 42 41 40 40 40 40 40 40 40 41 43 46 50 53 54 57 59 59 60 60 60 60 60 60 60 59 60 60 60 60 60 59 59 57 55 53 48 43 38 34 34 35 35 35 35 35 35 37 40 41 42 42 43 43 44 45 44 42 42 39 35 36 38 42 42 42
67 68 68 68 67 65 64 62 61 59 58 54 52 50 49 49 49 49 49 50 51 53 56 57 57 56 54 49 47 44 42 41 40 40 40 40 40 40 40 40 42 45 48 52 53 56 58 59 60 60 60 60 60 60 60 59 59 59 60 60 60 59 59 57 55 53 49 44 37 34 34 35 35 35 35 35 36 36 38 39 41 42 44 46 48 48 46 44 45 41 36 36 40 43 41 40
64 65 65 65 65 63 62 61 60 58 56 53 51 49 49 49 49 50 50 51 51 52 53 54 55 55 53 49 46 43 41 40 40 40 40 40 40 40 40 40 42 44 47 51 52 55 58 59 60 60 60 60 60 60 60 59 59 59 60 60 60 60 60 58 56 53 50 44 37 34 34 35 35 35 35 35 35 36 37 39 41 43 46 48 49 48 47 46 47 43 36 36 40 42 39 38
62 63 63 63 63 63 61 61 59 58 55 52 50 49 49 49 49 50 50 51 51 51 51 51 52 52 50 47 45 42 40 40 40 40 40 40 40 40 40 40 42 43 47 50 51 55 58 59 60 60 60 60 60 60 60 59 59 59 59 59 60 60 60 58 56 54 51 46 37 34 34 35 35 35 35 35 35 36 37 40 41 44 46 46 43 43 45 46 48 44 37 37 39 38 37 37
61 61 62 62 62 62 61 60 59 57 55 52 50 49 49 49 49 50 50 51 51 50 49 49 49 48 47 45 43 40 40 40 40 40 40 40 40 40 40 40 42 43 47 50 51 54 57 59 60 60 60 60 60 60 60 59 59 59 59 59 60 60 60 59 57 55 52 47 39 34 34 35 35 35 35 35 35 37 37 39 40 42 43 41 38 39 42 45 46 43 37 37 37 36 36 36
58 59 59 60 60 60 60 59 58 57 55 52 50 49 49 49 49 50 50 50 50 49 48 47 46 46 46 45 42 40 40 40 40 40 40 40 40 40 40 40 41 43 47 50 50 53 56 58 60 60 60 60 60 60 60 59 59 59 59 59 59 60 60 59 57 55 52 49 42 36 35 35 35 35 35 35 35 36 37 37 39 40 40 37 36 37 40 44 44 42 36 36 36 36 36 36
55 56 57 58 59 59 59 58 57 56 55 52 51 49 49 49 50 51 52 51 50 48 47 45 45 45 45 43 42 41 40 40 40 40 40 40 40 40 40 40 41 43 46 49 50 52 55 58 59 59 60 60 60 60 60 59 59 59 59 59 59 60 60 59 57 55 52 50 44 38 34 35 35 35 35 35 35 35 36 37 38 41 41 38 36 36 39 43 45 43 37 35 35 35 35 35
53 54 55 56 57 58 57 57 56 55 54 52 51 49 49 50 51 53 53 51 50 47 45 44 43 43 43 42 41 41 41 41 40 40 40 40 40 40 40 40 41 42 45 48 49 51 54 57 59 59 60 60 60 60 60 59 59 59 59 59 59 59 59 58 57 55 52 49 45 39 34 34 34 35 35 35 35 35 35 37 38 42 44 42 38 36 37 42 44 41 36 34 35 35 35 35
51 52 53 54 56 56 56 56 55 55 53 52 50 49 49 50 53 53 53 51 50 47 44 44 42 42 42 41 41 41 41 41 40 40 40 40 40 40 40 40 41 41 44 47 48 50 54 56 58 59 60 60 60 60 60 59 59 59 59 59 59 58 58 57 57 56 52 48 44 40 37 34 34 35 35 35 35 35 35 36 38 43 46 46 40 38 38 41 41 36 34 34 35 35 35 35
48 49 51 53 54 55 55 54 54 53 52 51 49 48 49 51 53 53 52 51 50 46 44 44 42 42 42 41 42 42 42 42 41 41 41 40 40 40 40 40 41 41 44 47 48 50 52 55 57 58 59 60 60 60 60 60 59 59 59 59 59 58 58 57 56 55 51 48 45 43 40 35 34 34 35 35 35 35 35 35 37 39 44 45 41 40 40 39 38 34 34 34 35 35 35 36
46 47 49 50 52 53 53 53 53 52 51 50 48 47 48 51 53 52 51 50 49 45 44 44 42 42 42 42 43 43 43 42 41 41 41 40 40 40 40 40 41 41 43 46 47 49 51 53 55 57 58 59 59 60 60 60 59 59 59 59 59 58 58 57 56 55 52 50 49 47 43 36 34 34 35 35 35 35 35 35 35 36 39 40 39 38 38 37 36 34 34 34 35 36 36 36
46 46 47 49 50 52 52 52 52 51 50 48 48 47 48 50 53 51 50 50 49 45 44 44 42 42 42 44 44 44 44 43 41 41 41 40 40 40 40 40 41 41 43 45 46 48 49 51 53 55 56 58 59 60 60 60 59 59 59 59 59 58 58 57 56 56 54 52 51 49 45 38 34 34 35 35 35 35 35 34 34 34 35 35 35 35 35 35 35 34 34 34 37 38 39 38
46 46 46 48 50 51 51 52 51 51 49 48 47 47 47 49 50 50 50 49 48 45 44 44 43 43 43 44 45 45 44 43 42 41 41 40 40 40 40 40 40 40 42 44 45 47 49 50 52 53 54 56 58 59 59 60 59 59 59 59 59 58 58 57 56 56 55 52 51 50 46 40 35 34 34 34 35 35 35 34 34 34 35 35 35 35 35 35 35 35 34 36 39 39 41 39
45 46 46 47 48 49 50 51 51 49 48 47 47 47 47 47 48 49 49 48 48 45 43 43 43 44 45 46 46 46 45 44 42 41 41 40 40 39 39 39 40 40 41 43 44 45 47 49 51 51 53 54 56 58 59 60 59 59 59 59 59 58 58 57 57 57 56 54 52 50 47 42 37 35 34 34 35 35 35 34 34 34 35 35 35 35 35 35 35 35 35 38 40 40 42 39
45 46 46 46 46 47 48 49 49 48 47 47 47 47 48 48 48 48 48 48 47 45 43 43 44 47 48 49 49 48 46 45 43 41 41 40 40 39 39 39 40 40 41 41 42 44 46 48 51 52 53 53 54 56 58 60 59 59 59 59 59 58 58 58 57 57 56 55 53 51 49 43 39 36 35 35 35 35 35 35 35 35 35 35 35 35 35 35 35 35 35 37 38 37 39 37
46 46 46 46 46 46 47 47 47 47 47 47 47 47 48 48 48 48 48 48 46 44 44 44 47 51 52 52 51 50 47 46 44 42 41 40 40 39 39 39 39 39 40 41 41 43 46 49 52 53 54 54 54 56 58 60 59 59 59 59 59 58 58 58 57 57 56 56 53 51 49 45 39 37 35 35 35 35 35 35 35 35 35 35 35 35 35 35 35 35 35 35 35 35 36 35
46 46 46 46 46 46 46 46 47 47 47 47 47 47 48 48 48 48 48 47 45 44 44 46 50 54 54 54 52 50 48 47 45 42 41 40 40 39 39 39 39 39 40 41 41 42 46 49 52 53 54 54 54 56 58 59 60 60 59 59 59 59 59 58 57 57 56 56 53 51 49 45 40 37 35 35 35 35 35 35 35 35 35 35 35 35 35 35 35 35 35 35 35 35 36 35
46 46 46 46 46 46 46 46 47 47 47 48 48 48 47 47 47 47 47 46 44 44 45 47 52 54 54 54 53 50 49 48 45 43 41 40 40 39 39 39 39 39 40 40 40 42 44 48 51 53 53 53 54 55 56 59 60 60 59 59 59 59 59 58 57 57 56 56 53 50 48 45 40 38 35 35 35 35 35 35 35 35 35 35 35 35 35 35 35 35 35 35 35 35 36 36
46 46 46 46 46 46 46 46 47 47 47 48 48 48 47 47 47 47 47 45 45 45 47 47 51 54 54 53 52 50 49 48 46 44 42 40 40 39 39 39 39 39 40 40 40 41 43 45 48 50 51 52 54 55 56 59 60 60 59 59 59 58 58 58 57 57 56 56 53 49 46 43 40 38 35 35 35 35 35 35 35 35 35 35 35 35 35 35 35 35 35 35 35 35 35 36
46 46 46 46 46 46 46 46 47 47 47 48 48 48 47 47 47 46 46 45 46 48 48 48 50 52 53 52 52 50 49 48 46 45 43 41 40 39 39 38 39 39 39 40 40 41 41 43 45 47 48 51 53 55 56 59 60 60 59 59 59 58 58 58 57 57 56 56 53 49 46 41 39 37 35 35 35 35 35 35 35 35 35 35 35 35 35 35 35 35 35 35 35 35 35 36
46 46 46 46 46 46 46 46 47 47 47 49 49 48 47 47 47 47 46 46 48 50 49 49 50 51 52 52 52 50 49 49 47 45 43 41 41 39 39 38 39 39 39 40 40 40 40 41 42 43 45 49 52 55 57 59 60 60 59 59 59 58 58 58 57 57 56 56 53 49 46 41 38 37 36 36 36 36 36 35 35 35 35 35 35 35 35 35 35 35 35 35 36 36 36 36
47 46 46 46 46 46 46 46 47 47 47 49 49 48 48 48 48 49 48 48 49 50 50 50 50 50 51 51 51 50 49 49 47 46 44 42 41 39 39 38 38 38 39 39 39 40 40 40 41 41 45 49 53 56 57 60 60 60 59 59 59 58 58 58 57 57 56 55 53 49 46 41 38 37 36 36 36 36 36 35 35 35 35 35 35 35 35 35 35 35 35 35 36 36 36 36
48 46 46 46 46 46 46 46 47 47 47 49 50 49 49 49 50 51 50 49 49 50 50 50 50 50 51 50 50 49 49 49 47 46 45 42 41 39 39 39 38 38 39 39 39 40 40 40 41 41 45 49 53 56 58 60 60 60 59 59 59 58 58 57 57 57 56 54 52 49 46 41 38 38 37 37 37 36 36 36 36 35 35 35 35 35 35 35 35 35 35 35 36 36 36 36
50 46 46 46 46 46 46 46 46 47 47 50 51 51 51 51 52 52 51 50 50 50 50 50 49 50 51 50 50 49 49 49 47 46 45 42 41 40 39 39 38 38 39 39 39 40 40 40 41 42 45 50 53 56 58 60 60 60 59 59 59 58 58 57 56 56 55 53 51 49 45 41 38 38 38 38 38 37 37 36 36 36 35 35 35 35 35 35 35 35 34 35 36 36 36 36
51 47 46 46 46 46 46 46 46 47 48 50 52 52 52 52 53 53 52 50 50 50 50 49 47 48 49 49 49 50 49 49 46 46 45 43 42 40 40 39 38 38 39 39 39 40 40 40 41 42 45 50 53 56 58 60 60 60 59 59 59 57 57 56 56 55 54 52 50 47 43 40 39 39 39 39 38 37 37 36 36 36 35 35 35 35 35 35 35 35 34 34 35 35 36 36
52 47 46 46 46 47 47 47 47 48 51 52 53 53 53 53 53 53 52 50 49 49 49 48 47 47 47 49 50 51 50 49 47 46 45 43 42 40 40 39 38 38 39 39 39 40 40 40 41 42 45 50 53 56 58 60 60 60 59 59 58 57 57 56 55 54 52 51 48 45 41 40 39 39 39 39 39 38 38 36 36 36 35 35 35 35 35 35 35 35 34 34 35 35 35 36
52 48 47 47 47 47 48 48 48 50 52 54 54 53 53 53 53 52 52 50 48 48 47 47 47 47 47 50 51 53 52 50 48 46 45 43 42 40 40 39 38 38 39 39 39 40 40 40 41 42 46 50 53 56 57 60 60 60 59 59 58 57 57 55 54 53 51 51 48 43 41 40 40 40 40 40 40 39 38 36 36 36 35 35 35 35 35 35 35 35 35 35 35 35 35 36
52 49 48 48 48 48 48 49 50 52 52 54 54 53 53 53 53 52 52 50 48 47 47 47 47 47 48 51 53 54 53 51 48 47 45 43 43 40 40 39 38 38 39 39 39 40 40 40 41 42 47 51 53 56 57 59 59 59 59 59 58 57 57 55 53 52 51 50 47 43 41 41 41 41 41 41 41 41 39 36 36 36 35 35 35 35 35 35 35 34 35 35 35 35 35 36
52 50 50 50 49 49 49 50 52 53 53 54 54 53 53 53 52 52 52 49 48 47 47 47 47 47 49 52 53 54 53 52 49 47 45 43 42 40 40 39 38 38 39 39 39 40 40 40 41 42 47 51 53 55 56 58 59 59 59 59 58 57 57 54 53 52 50 49 47 43 42 42 42 42 42 42 42 41 39 37 36 36 36 36 37 37 35 36 35 34 35 35 35 35 35 35
52 50 51 51 51 50 50 50 52 53 53 54 54 53 53 53 52 52 52 50 48 46 46 46 47 48 51 53 54 54 54 52 49 47 45 43 42 40 40 39 38 38 39 39 39 39 39 40 41 42 47 51 53 55 56 57 58 58 58 58 58 57 57 54 52 51 50 49 47 44 43 43 43 43 42 42 41 41 39 37 36 36 36 36 39 40 40 40 36 34 35 35 35 35 35 35
52 52 52 52 52 52 50 50 51 52 52 54 54 53 53 53 53 52 52 50 49 46 46 46 47 50 53 54 55 55 54 53 50 48 45 43 43 40 40 39 38 38 38 39 39 39 39 40 41 43 47 51 53 55 55 56 57 57 58 58 58 57 56 54 52 51 49 49 47 45 45 43 43 42 42 41 41 39 38 36 35 35 36 37 40 44 46 42 36 34 35 35 35 35 35 34
53 52 53 53 52 52 50 50 50 51 52 53 53 53 53 53 53 52 52 50 48 46 46 46 48 52 55 56 56 55 54 53 51 48 46 44 43 40 40 39 38 38 38 39 39 39 39 40 41 44 48 52 53 55 55 56 56 56 57 57 58 57 56 53 51 51 49 49 48 47 45 43 42 41 40 39 39 37 36 35 35 35 35 37 42 47 47 39 34 34 35 35 35 35 35 34
53 53 54 53 53 52 50 50 50 50 52 53 53 53 53 53 53 52 52 49 47 46 46 46 48 53 56 57 57 55 54 54 51 49 46 44 43 40 40 39 38 38 38 39 39 39 39 40 42 44 48 51 53 54 54 56 56 56 57 57 58 57 56 53 51 51 49 49 48 47 46 43 41 39 38 38 37 36 36 35 35 35 35 37 41 45 43 36 34 34 35 35 35 35 35 35
53 55 55 54 53 52 50 50 50 50 51 52 53 53 53 53 53 52 51 48 47 46 46 46 48 51 54 56 56 55 54 54 51 49 47 45 43 40 40 39 38 38 38 39 39 39 39 40 42 43 47 50 52 54 54 56 56 56 57 57 58 57 56 53 51 51 49 49 48 47 45 42 40 38 38 38 38 37 36 35 35 35 35 35 38 41 39 35 35 35 35 35 35 35 35 35
55 56 56 54 54 52 50 50 50 50 50 51 51 52 52 52 52 52 51 48 47 45 45 46 49 50 52 55 56 55 54 53 51 50 47 45 43 40 40 39 38 38 39 39 39 40 40 40 42 43 45 49 52 54 54 55 56 56 57 57 58 57 56 52 51 51 48 48 47 46 43 40 38 37 37 38 38 37 36 35 35 35 34 34 35 37 36 35 35 35 35 35 35 35 35 35
57 56 55 54 53 52 50 50 50 50 50 51 51 52 52 52 52 52 51 48 47 45 45 46 48 50 51 53 55 54 53 53 51 50 47 44 43 40 40 39 38 38 38 39 39 40 40 40 42 42 44 47 51 53 54 55 56 56 57 57 58 57 56 52 50 50 48 47 45 43 40 38 37 37 37 38 38 37 35 35 35 34 34 34 35 36 36 35 35 35 35 35 35 35 35 35
57 55 55 54 53 51 51 51 51 51 51 52 52 52 51 51 51 51 50 48 47 44 44 45 47 49 51 51 52 53 53 52 51 49 46 44 42 40 40 39 38 38 38 39 39 40 40 41 42 42 44 46 50 52 53 55 56 56 57 57 58 57 55 52 50 48 47 45 43 40 38 37 36 36 36 36 37 36 35 35 36 35 35 34 35 35 35 35 35 35 35 35 35 35 35 35
56 55 55 53 53 51 51 52 53 53 53 53 53 52 51 51 50 50 50 48 47 44 44 44 46 47 49 49 50 51 51 51 49 47 45 44 41 39 39 39 38 38 38 39 39 40 40 41 42 42 44 46 48 52 53 55 56 56 57 57 57 56 54 51 48 46 45 43 41 39 37 36 36 36 35 35 35 35 35 36 38 38 37 36 35 34 34 35 35 35 35 35 35 35 35 35
55 54 54 53 53 52 54 55 56 55 55 54 53 52 51 50 50 49 49 47 47 44 44 44 44 46 47 49 49 49 50 49 47 45 44 42 40 39 39 38 38 38 38 39 39 40 40 41 42 42 44 46 48 51 52 54 55 55 57 57 57 56 54 50 47 44 43 41 39 38 36 35 35 35 35 35 35 35 35 35 37 38 37 35 35 34 34 35 35 35 35 35 35 35 35 35
55 54 54 53 53 54 57 58 58 57 56 55 54 52 50 50 49 49 49 47 47 44 44 44 44 45 47 48 48 48 48 47 45 44 42 40 40 39 39 38 38 38 39 39 39 40 40 41 42 42 44 46 47 50 52 54 55 55 56 56 57 56 53 50 46 43 41 40 37 36 36 35 35 35 35 35 35 35 35 35 35 36 35 35 35 35 35 35 35 35 35 35 35 35 35 35
