geo_cache/5-1/elevation.txt
ncols         946
nrows         918
xllcorner     -71.37777777777778
yllcorner     42.007999999999996
cellsize      1.0E-5
NODATA_value  -9999
[rows 216 to 269 of 918, columns 768 to 863 of 946]
48 48 48 49 51 54 55 55 57 60 63 63 63 65 66 66 65 63 62 61 60 58 56 52 48 46 47 48 49 50 51 52 56 63 69 72 73 73 72 71 69 68 66 66 66 66 67 69 69 68 67 65 63 63 62 62 62 62 61 59 56 54 52 51 51 51 53 52 49 49 49 49 49 49 49 49 48 49 49 49 50 50 50 50 51 53 56 57 59 61 62 64 64 66 68 68
47 47 47 47 48 48 49 50 53 56 59 59 59 60 63 63 63 62 61 60 60 58 57 53 48 46 47 49 52 53 52 52 57 65 71 73 74 74 74 73 71 69 66 65 65 66 67 68 68 68 67 65 62 61 61 61 60 60 59 57 54 53 52 52 52 53 55 53 49 49 49 49 49 50 50 51 51 52 52 52 52 52 52 52 52 54 56 58 60 62 62 64 64 66 68 70
46 46 46 46 46 46 47 47 48 51 53 53 54 56 59 60 60 60 59 58 59 58 56 53 48 46 47 51 54 56 55 53 57 64 69 72 74 74 74 73 71 68 65 63 64 64 64 65 65 65 64 63 61 60 60 60 59 58 57 56 54 53 52 52 53 54 54 51 48 48 49 49 51 53 53 55 55 55 55 54 54 54 54 53 54 55 57 59 61 62 63 64 64 66 68 70
46 46 46 46 46 46 46 46 46 47 47 47 49 52 55 55 55 56 56 56 57 57 55 52 48 46 49 51 55 57 57 53 55 61 66 70 73 74 72 70 68 65 63 62 62 62 62 63 63 63 62 62 60 60 59 58 57 56 56 56 54 54 53 55 55 53 51 50 48 48 49 50 53 56 57 58 57 57 56 56 55 55 55 55 55 56 58 59 61 63 63 64 64 66 68 69
46 46 46 46 46 46 46 46 46 46 46 46 46 48 50 50 50 52 53 53 53 54 52 49 47 46 48 50 53 55 56 52 53 58 63 67 71 72 70 68 65 62 62 62 61 61 61 63 63 63 63 62 61 60 59 58 58 58 57 57 55 55 55 57 57 53 50 50 49 49 49 50 55 58 58 58 57 56 56 56 56 56 56 56 56 57 59 60 62 63 64 65 65 65 67 68
46 46 46 46 46 46 46 46 46 46 46 46 46 46 47 47 47 48 49 49 49 49 48 47 46 46 47 48 49 50 51 50 51 55 59 63 67 69 68 67 65 63 62 62 62 61 61 62 63 64 64 63 61 60 59 59 61 60 59 59 57 57 57 58 57 53 50 50 49 49 49 50 55 58 58 57 56 56 56 58 59 58 57 58 58 58 59 60 63 64 64 66 66 66 66 67
46 46 46 46 46 46 46 46 46 46 46 46 46 46 46 46 46 46 46 46 46 46 46 46 46 46 46 46 46 47 47 48 49 52 55 60 63 64 65 64 63 63 62 62 62 60 60 60 61 61 61 61 60 59 59 59 61 60 59 58 58 58 58 58 57 54 53 50 49 49 49 51 55 58 58 57 57 58 59 60 60 58 58 59 60 59 60 61 63 63 64 65 65 65 65 66
46 46 46 46 46 46 46 46 46 46 46 46 46 46 46 46 46 46 46 46 46 46 46 46 46 46 46 46 46 46 46 47 48 51 56 58 60 61 62 62 61 61 62 62 60 60 59 59 59 59 59 59 59 59 58 58 59 59 59 58 57 57 57 57 57 56 55 52 49 49 49 52 56 58 58 58 59 60 61 61 61 59 60 61 62 61 61 61 62 63 63 64 64 64 65 65
46 46 46 46 46 46 46 46 46 46 46 46 46 46 46 46 46 46 46 46 46 46 46 46 46 46 46 46 46 46 46 47 49 51 56 57 57 58 59 59 60 61 62 62 61 60 59 59 59 59 59 59 58 58 57 57 57 58 58 57 56 56 56 56 56 56 55 52 49 49 49 52 57 59 59 59 59 60 61 62 61 61 62 63 62 62 61 61 62 62 62 63 63 64 64 64
46 46 46 46 46 46 46 46 46 46 46 46 46 46 46 46 46 46 46 46 46 46 46 46 46 46 46 46 46 50 50 50 50 52 55 56 56 56 56 57 58 61 62 62 61 61 61 61 60 59 59 59 58 58 57 57 57 57 56 56 56 56 55 55 55 54 53 51 50 50 50 52 57 58 58 58 58 59 60 62 63 63 63 63 63 63 62 62 62 62 62 63 63 64 64 64
46 46 46 46 46 46 46 46 46 46 46 46 46 46 46 46 46 46 46 46 46 46 46 46 46 46 46 46 48 53 56 54 52 53 56 57 57 56 55 55 58 62 63 63 62 62 63 63 62 59 58 58 58 58 57 56 56 56 55 56 56 56 55 54 54 52 52 51 50 50 51 52 55 56 56 56 56 57 60 62 63 63 63 64 63 63 62 62 62 62 62 63 63 63 64 64
46 46 46 46 46 46 46 46 46 46 46 46 46 46 46 46 46 46 46 46 46 46 46 46 46 46 46 46 47 52 58 59 57 55 56 57 58 58 56 55 57 61 62 62 63 63 64 64 62 59 57 57 58 57 56 56 56 54 54 55 55 55 54 53 53 52 52 51 50 50 52 52 53 55 55 56 56 57 60 62 63 64 64 64 63 63 63 63 62 62 62 63 63 63 64 64
46 46 46 46 46 46 46 46 46 46 46 46 46 46 46 46 46 46 46 46 46 46 46 46 46 46 46 46 46 48 54 60 61 58 56 56 58 59 59 57 57 59 59 60 61 62 62 62 61 58 56 56 56 56 56 55 55 54 54 54 54 54 53 53 53 52 52 53 53 51 52 53 54 55 55 56 57 58 60 62 63 64 64 64 64 64 63 63 63 62 62 63 63 63 63 63
46 46 46 46 46 46 46 46 46 46 46 46 46 46 46 46 46 46 46 46 46 46 46 46 46 46 46 46 46 46 51 58 62 61 58 57 58 59 60 59 59 58 58 59 60 60 60 60 59 56 56 56 56 56 56 55 55 53 53 53 53 53 53 53 53 53 53 54 55 53 53 53 54 55 55 57 58 59 61 62 63 65 65 65 65 65 64 64 63 63 63 63 63 63 63 63
46 46 46 46 46 46 46 46 46 46 46 46 46 46 46 46 46 46 46 46 46 46 46 46 46 46 46 46 46 46 49 55 60 60 60 59 59 59 58 57 58 57 56 57 58 57 57 57 56 55 55 55 56 56 57 57 55 54 53 53 53 53 53 53 53 53 53 54 56 54 53 53 54 55 55 57 58 59 62 63 63 65 65 65 65 65 65 64 63 63 63 63 63 63 63 63
46 46 46 46 46 46 46 46 46 46 46 46 46 46 46 46 46 46 46 46 46 46 46 46 46 46 46 46 46 46 50 55 59 60 60 60 59 57 55 55 56 55 54 53 54 55 56 56 55 55 55 55 56 56 57 57 57 56 54 54 53 53 53 53 53 54 54 54 56 55 54 54 54 55 55 57 60 61 63 64 64 65 65 65 66 66 65 65 64 63 63 63 63 62 62 62
46 46 46 46 46 46 46 46 46 46 46 46 46 46 46 46 46 46 46 46 46 46 46 46 46 46 46 46 46 47 52 57 60 61 60 60 58 56 54 53 53 53 52 50 51 52 54 54 53 54 53 54 55 56 56 55 56 56 54 53 53 53 53 53 53 54 54 54 56 56 55 54 54 55 55 56 61 64 65 65 65 65 65 66 66 66 65 65 64 63 63 62 62 62 62 62
46 46 46 46 46 46 46 46 46 46 46 46 46 46 46 46 46 46 46 46 46 46 46 46 46 46 46 46 46 48 55 59 62 62 60 59 57 54 53 52 51 51 50 50 49 50 51 51 52 52 52 52 53 53 54 54 54 55 54 53 52 52 52 53 53 53 53 54 55 56 55 55 55 55 55 56 60 64 65 65 66 66 66 66 66 66 66 66 65 63 63 62 62 61 62 62
46 46 46 46 46 46 46 46 46 46 46 46 46 46 46 46 46 46 46 46 46 46 46 46 46 46 46 46 47 52 59 62 62 61 59 57 55 53 51 50 50 49 49 48 48 48 48 49 50 50 50 51 51 51 52 52 53 54 53 53 52 52 52 53 53 53 53 54 55 56 56 56 56 56 56 57 59 62 63 65 65 66 66 66 66 66 66 66 65 64 63 62 61 60 60 60
46 46 46 46 46 46 46 46 46 46 46 46 46 46 46 46 46 46 46 46 46 46 46 46 46 46 46 46 48 56 60 61 61 60 58 55 53 52 51 49 49 48 48 48 47 47 47 48 48 49 49 50 50 50 51 52 52 53 53 53 52 52 53 53 55 55 55 56 57 58 57 56 56 56 57 57 59 59 61 63 64 66 66 67 67 67 66 66 66 64 64 62 61 60 59 59
46 46 46 46 46 46 46 46 46 46 46 46 46 46 46 46 46 46 46 46 46 46 46 46 46 46 46 46 48 56 58 59 59 59 57 55 53 51 50 49 48 47 47 47 47 47 47 47 47 48 49 49 50 50 51 51 52 53 53 53 53 53 53 55 56 56 56 58 60 60 58 56 56 57 58 59 60 60 61 62 64 66 66 67 67 67 67 67 66 65 64 63 61 60 59 59
46 46 46 46 46 46 46 46 46 46 46 46 46 46 46 46 46 46 46 46 46 46 46 46 46 46 46 46 48 54 55 56 57 58 56 55 52 51 50 48 48 47 47 47 47 47 47 47 47 48 49 49 50 50 51 51 51 53 53 53 53 53 55 57 58 57 58 60 61 61 59 57 57 58 59 61 62 62 62 63 64 66 66 67 67 67 67 67 67 66 65 63 62 61 59 59
46 46 46 46 46 46 46 46 46 46 46 46 46 46 46 46 46 46 46 46 46 46 46 46 46 46 46 46 47 51 51 53 55 56 55 53 51 50 49 48 47 47 46 46 46 46 47 47 47 48 49 49 51 51 51 52 52 53 53 53 53 53 57 59 59 59 60 61 63 63 60 58 58 59 60 62 63 63 63 64 65 66 66 66 67 67 67 67 67 66 66 64 63 62 61 60
46 46 46 46 46 46 46 46 46 46 46 46 46 46 46 46 46 46 46 46 46 46 46 46 46 46 46 46 46 48 49 51 52 53 53 52 50 49 47 47 47 46 46 46 46 46 46 47 47 48 49 51 53 53 52 52 53 53 53 53 53 53 58 59 59 60 62 63 64 64 61 59 59 60 60 62 63 63 64 64 65 66 66 66 66 66 67 67 67 66 66 65 64 63 62 61
46 46 46 46 46 46 46 46 46 46 46 46 46 46 46 46 46 46 46 46 46 46 46 46 46 46 46 46 46 48 49 50 50 51 51 51 49 48 47 46 46 46 46 46 46 46 46 47 47 48 49 51 54 54 53 53 53 53 53 53 53 55 58 60 60 60 62 63 63 63 61 60 60 60 60 61 62 62 64 64 64 65 65 66 66 66 66 66 67 66 66 65 65 64 62 62
46 46 46 46 46 46 46 46 46 46 46 46 46 46 46 46 46 46 46 46 46 46 46 46 46 46 46 46 46 49 49 49 49 48 49 49 48 47 47 46 46 46 46 46 46 46 46 46 47 48 50 51 53 53 53 53 53 53 53 53 54 56 57 58 58 59 61 62 63 63 63 61 60 60 60 61 62 62 64 64 64 65 65 66 66 66 66 66 66 66 66 65 65 63 62 61
46 46 46 46 46 46 46 46 46 46 46 46 46 46 46 46 46 46 46 46 46 46 46 46 46 46 46 46 46 49 49 49 48 47 47 47 47 47 46 46 46 45 45 45 46 46 46 46 46 48 49 50 51 52 53 53 53 53 53 53 54 56 56 57 58 60 61 63 64 64 64 63 61 61 61 62 63 63 64 64 64 65 65 65 66 66 66 66 66 66 66 65 64 63 61 60
46 46 46 46 46 46 46 46 46 46 46 46 46 46 46 46 46 46 46 46 46 46 46 46 46 46 46 46 46 48 49 48 48 47 47 47 46 46 46 46 46 45 45 45 46 46 46 46 46 48 49 49 51 51 53 53 54 54 53 53 55 57 57 58 60 61 62 63 65 65 65 64 63 62 62 62 63 63 64 64 64 65 65 65 65 65 66 66 66 65 65 64 63 62 60 59
48 47 46 46 46 46 46 46 46 46 46 46 46 46 46 46 46 46 46 46 46 46 46 46 46 46 46 46 46 48 48 47 47 47 47 47 46 46 46 46 46 45 45 45 46 46 46 47 47 49 49 50 51 51 53 54 56 56 55 54 56 59 60 61 61 62 62 63 65 65 65 65 64 63 63 63 63 63 64 64 64 65 65 65 65 65 65 65 65 65 65 63 63 62 59 59
51 50 48 47 46 46 46 46 46 46 46 46 46 46 46 46 46 46 46 46 46 46 46 46 46 46 46 46 47 48 48 47 47 47 46 46 46 46 46 46 46 47 47 47 47 47 48 48 49 50 51 52 52 52 53 54 58 58 56 55 57 59 62 63 62 62 63 64 65 66 66 66 65 64 64 64 64 64 64 64 64 65 65 65 65 65 65 65 65 65 65 63 63 62 61 60
52 52 51 50 49 47 46 46 46 46 46 46 46 46 46 46 46 46 46 46 46 46 46 46 46 46 46 46 47 47 47 47 47 47 46 46 46 47 47 48 48 49 50 50 50 51 51 52 52 53 52 53 53 53 54 55 59 59 57 56 58 59 62 63 63 64 64 66 67 67 67 67 66 65 65 65 65 65 65 65 65 65 65 66 65 65 65 65 65 65 65 63 63 63 62 61
54 54 54 53 52 50 48 46 46 46 46 46 46 46 46 46 46 46 46 46 46 46 46 46 46 46 46 46 47 47 47 47 47 47 46 47 48 50 51 52 52 53 54 54 54 55 55 55 55 55 54 55 54 54 54 56 59 60 58 58 59 60 62 64 65 66 66 67 68 69 69 68 67 65 65 65 65 65 65 65 65 65 65 66 66 66 66 66 65 65 65 64 64 64 63 62
57 57 56 56 54 53 51 48 47 46 46 46 46 46 46 46 46 46 46 46 46 46 46 46 46 46 46 46 47 47 47 48 48 47 48 49 51 53 55 56 57 57 58 58 58 59 59 58 58 57 57 56 55 55 55 56 58 60 60 60 61 62 63 65 66 68 68 68 69 69 69 69 68 66 66 65 65 65 65 65 65 66 66 66 66 66 66 66 66 66 66 65 65 65 64 63
59 59 58 58 57 55 53 51 49 48 47 46 46 46 46 46 46 46 46 46 46 46 46 46 46 46 46 46 47 47 47 48 48 49 50 52 55 57 58 59 60 60 61 61 61 62 62 62 61 61 60 59 58 57 57 58 60 61 61 62 64 65 65 66 67 69 70 70 71 70 69 69 68 67 67 66 65 65 66 67 67 67 68 68 68 67 67 67 66 66 66 66 66 65 64 64
60 60 59 59 59 57 56 54 52 50 49 48 47 46 46 46 46 46 46 46 46 47 47 47 47 47 47 47 47 47 48 49 49 52 53 55 58 60 61 62 63 63 64 64 65 66 66 66 65 64 64 63 61 60 60 61 61 63 63 64 65 66 67 67 68 70 71 71 71 71 69 69 69 67 67 66 66 66 67 67 68 68 68 69 68 68 68 68 67 67 67 66 66 66 65 64
61 61 61 60 60 59 58 56 54 53 51 50 49 47 46 46 46 46 46 47 47 47 47 47 47 47 47 48 49 49 50 51 52 54 56 58 60 62 63 64 65 66 67 68 69 70 70 69 69 67 67 66 64 63 63 62 62 64 64 64 66 68 68 68 69 70 71 71 71 71 69 69 69 67 67 67 67 67 67 67 68 69 69 69 69 69 68 68 68 67 67 66 66 66 65 65
62 62 61 61 61 60 60 59 56 55 53 51 51 49 48 48 47 47 47 47 48 47 47 47 48 48 49 50 51 52 53 54 55 57 58 61 63 64 65 67 68 70 71 73 73 74 74 72 72 70 69 68 66 66 64 63 64 65 65 65 68 69 69 69 69 70 70 71 70 70 69 69 69 68 68 67 67 67 68 68 68 69 69 69 69 69 69 69 69 67 67 67 67 66 65 65
63 63 63 62 62 61 61 60 59 56 54 53 52 51 51 50 49 47 47 47 47 48 48 49 50 51 52 53 53 54 55 56 58 60 61 63 65 67 68 70 72 74 74 76 77 77 77 76 75 73 72 70 69 67 65 65 65 66 67 67 69 70 71 70 70 70 70 70 69 69 69 69 69 68 68 68 68 68 68 68 68 69 69 69 69 69 69 69 69 68 68 67 67 66 65 65
64 64 63 63 63 62 62 60 59 58 56 55 54 53 52 51 51 49 49 48 49 50 52 53 54 55 55 56 56 56 57 58 61 63 64 66 67 69 71 73 75 77 77 78 80 80 79 78 76 75 74 72 71 69 67 66 66 67 68 68 70 71 71 71 71 69 69 69 69 69 69 69 69 69 69 68 68 68 68 68 68 68 68 70 70 70 69 69 69 68 68 67 67 66 65 65
66 65 65 64 63 62 62 61 60 60 58 58 57 55 53 53 53 52 52 51 52 53 55 57 58 58 58 58 58 58 59 61 63 64 66 67 69 71 73 75 76 78 78 79 81 81 80 78 77 76 75 74 71 70 68 68 68 68 69 69 71 71 71 70 69 69 68 68 68 68 69 69 69 69 69 68 68 68 68 68 68 68 70 71 71 70 69 69 69 68 68 67 67 66 65 65
66 66 65 65 64 63 63 61 61 61 60 59 58 57 55 55 55 54 53 52 54 56 58 59 61 61 61 61 60 60 61 62 63 64 66 67 70 71 73 75 76 77 78 78 79 80 79 78 78 76 75 74 72 71 69 69 69 69 70 70 70 69 69 69 69 68 68 68 68 68 69 69 69 69 69 69 69 69 68 68 68 69 71 73 71 71 69 69 69 68 68 67 67 67 66 66
67 67 66 66 65 64 63 62 62 61 60 60 59 58 57 57 57 56 55 54 56 59 61 62 64 64 64 64 62 62 62 63 63 64 65 67 68 69 71 73 74 75 76 76 77 78 78 78 78 76 75 75 73 72 71 69 69 69 70 69 68 68 68 68 68 67 67 67 68 68 69 69 69 69 69 69 69 69 68 68 68 69 70 73 71 71 69 69 69 68 68 67 67 67 65 65
67 67 66 66 66 64 64 63 62 62 61 61 60 58 58 58 59 58 56 55 58 62 64 65 66 67 66 65 64 64 64 64 64 64 65 66 67 68 69 70 72 73 74 75 76 76 77 77 77 76 75 75 73 73 71 70 69 69 69 69 68 68 68 68 68 67 67 67 67 67 68 68 68 69 69 69 69 69 68 68 68 68 68 71 71 71 70 70 69 68 68 67 67 67 65 65
68 68 67 67 66 65 65 65 64 63 61 61 60 59 59 59 60 60 57 56 58 63 65 66 67 67 68 66 65 65 65 64 64 64 65 66 66 67 67 67 69 71 73 74 74 75 75 76 76 76 75 74 73 73 71 70 69 68 68 68 68 68 68 67 67 66 66 66 66 67 68 68 68 69 69 69 68 68 68 68 68 68 68 69 70 70 70 70 69 68 68 67 67 67 65 65
69 69 68 68 67 66 66 65 64 63 61 61 60 60 60 60 60 60 58 56 57 60 63 65 66 67 67 67 66 65 65 64 64 64 65 65 65 66 66 67 67 69 71 73 73 74 74 75 75 74 74 73 72 72 71 69 68 68 69 70 68 68 68 67 67 66 66 66 66 66 68 68 68 69 69 68 68 68 68 68 68 68 68 69 69 69 70 70 69 68 68 67 67 67 65 65
69 69 68 68 68 67 67 65 64 63 62 62 61 61 61 61 60 60 58 56 55 57 58 62 63 64 64 65 66 65 65 64 62 62 63 63 63 64 64 65 66 67 69 70 71 71 72 72 72 72 72 71 70 70 69 68 67 68 70 71 68 68 68 67 67 65 65 65 65 66 68 68 69 68 68 68 68 68 67 67 67 68 68 69 69 69 70 70 69 68 68 67 67 67 66 66
69 69 69 69 69 68 66 65 63 62 62 62 62 62 62 60 60 60 57 56 55 55 56 58 60 61 63 64 66 65 64 63 62 62 62 61 62 62 63 63 64 65 66 67 67 68 69 69 69 69 69 69 68 67 67 66 66 67 70 72 68 68 68 67 67 65 65 65 65 67 68 68 68 68 68 68 67 67 67 67 67 67 67 68 69 69 70 70 70 69 69 68 68 67 66 66
69 69 69 69 69 68 66 64 63 62 61 61 61 63 62 60 59 58 57 56 55 55 55 57 58 60 63 65 66 65 64 62 61 61 60 60 60 61 61 62 63 63 64 64 65 65 66 67 68 67 67 66 66 66 66 66 66 67 70 72 69 68 68 68 67 65 65 65 66 67 68 68 68 68 68 67 67 67 67 67 67 67 67 68 69 69 70 70 70 69 69 68 68 67 66 66
68 68 69 69 69 67 66 63 62 61 60 60 61 62 61 59 57 56 56 54 54 55 57 58 60 61 64 64 65 64 63 62 60 59 58 58 59 60 60 60 61 61 62 62 63 63 65 65 66 65 65 65 65 65 65 66 66 67 70 72 70 69 69 69 68 65 65 65 66 66 66 66 67 68 68 67 66 66 66 66 66 66 66 67 69 69 70 70 70 69 69 68 68 68 65 65
68 68 68 68 68 67 65 63 60 60 59 59 60 61 61 59 56 55 54 53 53 56 59 59 59 60 61 62 62 62 61 60 58 56 55 55 58 59 60 59 59 60 60 61 62 62 63 65 65 65 65 65 65 65 65 66 67 68 70 72 72 71 70 69 67 65 65 65 66 66 66 66 66 68 68 67 66 66 66 66 66 66 66 67 69 69 70 70 70 70 70 69 69 68 65 64
67 67 67 67 67 66 64 62 59 59 58 58 59 59 59 59 56 54 52 51 52 55 58 58 56 56 57 58 58 59 59 58 56 54 53 53 57 58 58 59 59 60 60 60 62 62 63 65 65 65 65 65 65 65 65 66 67 69 70 72 73 73 70 69 66 65 65 65 66 66 66 66 66 67 67 67 67 66 66 66 65 65 65 67 69 69 70 70 71 70 70 70 70 69 65 63
67 67 66 66 65 64 63 61 59 59 58 58 58 58 58 58 56 54 51 50 50 54 56 55 54 52 53 54 54 55 56 56 54 53 52 53 55 56 57 59 59 60 60 61 62 63 64 65 66 67 67 67 67 67 66 67 67 68 70 71 71 71 70 68 66 65 65 65 66 66 66 66 67 67 67 68 68 68 67 66 65 65 65 67 69 69 71 71 71 71 71 71 71 70 67 63
66 65 65 65 65 63 62 60 59 58 57 56 56 56 56 56 55 54 51 50 50 52 54 53 52 51 50 51 51 52 53 53 52 51 51 52 54 55 57 59 60 61 62 63 64 65 66 67 68 69 69 69 69 69 68 67 68 68 69 70 69 69 69 68 67 65 65 65 66 66 66 66 67 67 67 67 67 67 67 66 65 65 65 66 68 69 70 70 71 71 71 71 71 71 68 63
65 65 63 63 63 62 61 58 57 57 56 55 55 54 54 54 53 52 51 50 50 51 52 51 50 50 50 50 50 50 50 50 50 50 50 51 54 55 58 60 61 63 64 65 65 66 66 68 70 72 72 72 72 71 71 70 70 69 69 69 68 68 68 68 68 66 66 66 66 66 66 66 66 67 67 66 66 66 65 65 65 65 65 66 66 68 70 70 71 70 70 70 70 69 67 63
