geo_cache/5-1/elevation.txt
ncols         946
nrows         918
xllcorner     -71.37777777777778
yllcorner     42.007999999999996
cellsize      1.0E-5
NODATA_value  -9999
[rows 432 to 485 of 918, columns 480 to 575 of 946]
82 82 81 80 77 75 74 74 74 75 77 78 80 82 85 89 92 96 99 102 102 102 100 100 99 97 94 90 85 79 77 77 80 85 89 92 95 96 98 99 99 97 93 88 82 76 74 72 72 71 68 65 62 59 59 58 58 58 58 60 64 67 69 71 70 68 68 67 66 66 70 75 76 74 68 62 57 56 54 54 54 52 52 50 48 47 46 48 47 47 47 47 47 46 46 46
81 81 80 78 76 74 74 74 75 75 77 78 80 83 85 89 93 96 100 102 103 102 102 102 101 100 98 94 88 81 78 77 79 85 90 92 96 97 99 101 102 100 96 91 85 79 74 71 71 68 67 65 63 61 60 59 59 59 59 59 63 66 69 71 70 68 68 67 65 65 67 71 72 69 64 59 56 56 54 54 54 52 52 50 49 48 50 51 48 47 47 47 47 47 45 45
81 81 80 78 76 75 75 75 75 75 77 77 80 84 86 90 93 96 100 101 103 103 104 103 102 102 100 97 92 86 80 77 79 84 88 92 96 98 99 102 104 102 99 93 88 83 77 71 69 67 66 66 64 62 61 59 59 59 60 60 63 65 69 71 71 68 68 67 65 65 64 66 66 64 61 57 56 56 54 54 54 53 52 50 50 52 52 52 48 47 47 47 47 47 45 45
81 81 79 77 76 75 75 75 76 76 77 78 80 84 88 91 93 95 99 100 103 104 104 103 103 103 102 100 95 89 82 78 79 82 86 91 96 98 100 104 106 105 101 95 91 87 82 76 70 67 66 66 64 63 62 58 58 61 62 63 65 67 69 71 71 69 68 67 66 65 63 63 62 61 58 56 56 56 55 55 54 53 53 51 52 53 52 52 49 48 48 47 47 47 45 45
80 80 78 77 76 75 75 76 76 76 77 79 82 85 89 91 93 95 99 101 104 104 104 104 104 103 105 104 98 92 86 79 77 79 85 90 96 98 102 105 107 106 103 98 94 91 87 81 74 69 65 64 63 62 61 58 58 59 60 62 65 68 70 72 72 69 69 68 67 66 64 62 60 59 57 56 56 56 55 55 55 56 53 51 53 53 52 51 50 48 48 47 47 47 45 45
80 80 77 77 76 76 76 76 76 76 78 79 82 86 89 92 94 96 99 101 104 104 104 104 104 104 105 105 99 94 89 82 77 77 84 90 97 99 102 106 107 106 104 100 96 93 90 84 77 71 65 63 62 62 61 59 59 58 58 60 64 68 71 73 72 71 71 70 69 67 65 61 60 58 57 56 56 56 55 55 55 56 54 52 52 52 51 51 50 49 49 48 48 47 46 46
78 78 77 76 76 76 76 76 76 76 78 81 84 87 89 92 94 96 99 102 103 101 101 102 103 103 103 102 99 96 91 84 77 76 83 90 97 99 102 103 104 105 104 101 97 95 91 87 81 73 66 63 61 60 60 58 58 58 58 59 64 70 73 75 73 72 72 72 70 68 65 61 59 58 57 56 56 56 56 56 56 56 54 52 51 51 51 50 50 48 48 47 47 47 46 46
77 77 76 76 76 76 76 76 76 77 81 84 86 88 90 92 94 96 98 100 100 100 100 102 103 103 102 101 99 97 94 87 79 76 81 90 98 99 100 98 98 101 103 101 99 96 93 90 84 76 68 63 60 59 59 58 58 58 60 62 66 71 76 78 76 75 75 74 71 68 64 60 59 58 58 56 56 56 56 56 56 56 55 52 51 51 50 50 49 48 48 47 47 47 47 47
78 77 76 76 76 76 76 76 76 79 83 87 88 90 91 92 94 95 97 98 98 99 101 103 103 104 102 101 101 102 98 90 81 76 78 88 98 99 98 95 93 96 100 100 98 97 96 93 85 76 68 62 59 59 58 58 58 60 63 65 67 72 77 80 79 77 77 76 71 66 64 60 59 57 57 56 56 56 56 56 56 55 55 53 52 51 50 50 49 48 48 47 47 47 47 48
80 78 76 76 76 76 76 77 77 80 85 87 89 91 93 94 95 95 97 97 98 99 101 103 103 104 104 103 102 104 101 92 82 76 76 85 97 99 98 94 91 92 95 95 94 96 98 93 85 75 67 61 59 59 58 58 60 63 67 69 70 72 78 82 82 80 78 77 71 66 63 60 58 57 57 57 56 56 56 56 56 55 55 55 54 52 50 50 48 48 48 47 47 47 48 48
81 79 77 76 76 76 76 77 78 81 85 87 90 92 95 97 97 96 97 97 97 98 99 102 105 107 108 106 103 103 101 93 82 76 74 81 92 97 97 91 89 88 90 90 92 96 96 90 80 71 63 60 59 59 58 59 61 65 68 69 70 72 78 83 83 80 79 77 70 64 62 59 58 57 57 56 56 59 60 57 57 56 56 57 55 53 50 49 48 48 48 47 47 48 47 47
81 79 77 77 77 77 77 78 79 81 85 87 90 93 97 99 98 97 97 97 97 98 98 103 108 109 108 106 103 101 97 92 83 75 74 76 86 90 92 90 87 86 86 88 91 92 89 82 74 67 62 60 59 59 60 62 62 65 68 66 67 72 77 81 82 81 80 75 68 63 61 59 57 56 56 55 55 59 60 58 56 56 57 58 55 52 50 49 48 48 48 48 48 48 47 47
81 79 77 77 77 78 79 80 81 82 85 87 90 94 97 100 100 99 98 97 97 98 99 104 108 107 102 102 103 100 95 89 82 75 74 75 79 82 87 89 87 85 85 86 88 85 81 77 72 66 63 61 59 59 62 64 63 64 66 65 64 68 74 78 80 80 77 71 66 63 60 58 57 55 55 55 55 57 57 55 55 56 57 58 55 52 51 51 50 49 49 48 48 47 46 46
80 78 77 77 79 80 81 82 83 84 85 87 89 94 98 101 103 102 100 99 100 100 100 105 106 104 101 100 100 99 95 87 80 75 74 74 76 77 81 85 86 84 83 84 83 80 78 76 73 70 65 61 60 61 62 63 63 63 63 63 63 65 70 74 75 73 71 67 64 61 59 57 56 54 53 53 54 54 53 52 52 53 54 54 52 52 52 52 52 51 50 49 48 47 47 47
80 78 78 79 80 81 81 83 83 84 85 86 88 94 98 102 104 104 102 101 102 101 101 103 103 103 100 99 97 95 92 86 78 74 74 74 75 75 77 82 85 84 82 81 80 78 77 75 74 74 69 63 61 62 62 63 63 62 62 62 63 65 69 70 70 68 67 65 61 58 57 57 55 53 53 53 53 53 52 52 52 52 52 52 52 52 53 53 53 53 51 49 48 49 48 48
79 78 78 79 80 81 81 82 83 83 85 86 89 94 98 103 105 105 104 104 103 103 103 103 103 102 100 99 96 94 91 84 77 74 74 75 75 74 74 77 82 83 81 79 79 78 77 75 75 74 70 64 63 64 64 63 63 62 62 62 62 65 69 69 66 64 61 59 57 56 56 55 54 53 53 55 54 53 52 52 52 52 52 52 52 52 53 55 55 53 52 50 51 52 50 49
79 79 79 79 80 81 81 82 83 83 85 87 90 94 98 104 107 107 106 105 104 104 104 103 103 102 100 99 95 93 91 83 76 74 76 78 78 77 74 73 77 80 78 78 78 78 77 75 75 74 70 65 63 64 65 63 63 61 61 61 62 63 66 66 64 62 60 57 56 55 55 54 54 54 56 57 57 56 54 52 52 52 52 52 53 57 57 57 56 53 52 52 53 53 52 50
79 79 79 79 79 80 81 83 83 84 86 89 92 95 99 104 108 109 107 106 105 104 104 104 104 103 101 99 95 93 88 81 75 74 78 79 78 77 74 72 73 76 75 75 76 76 75 74 74 71 67 64 63 64 64 63 64 63 61 61 62 62 63 63 62 61 60 58 55 55 55 54 54 55 57 58 59 60 60 58 57 55 53 54 57 60 61 59 57 53 52 53 54 54 52 51
79 79 79 79 79 81 84 85 86 85 86 89 93 96 100 104 108 109 107 107 106 105 105 106 107 106 104 101 97 92 87 79 74 74 79 79 77 76 74 71 71 72 73 73 72 72 73 73 72 70 66 63 64 64 63 63 63 63 61 61 62 62 62 62 62 61 61 60 58 57 56 55 55 57 61 63 64 66 66 65 62 60 58 56 59 62 62 60 57 53 53 54 55 56 54 52
79 79 79 79 80 83 87 88 89 87 87 91 94 97 101 104 108 110 108 107 106 106 106 107 109 108 107 105 102 95 87 79 74 74 76 77 75 74 72 70 69 71 72 72 71 70 71 71 71 67 65 64 63 63 62 62 62 62 62 62 62 62 62 62 63 64 64 63 62 61 59 56 57 61 66 68 69 70 70 69 67 65 64 62 62 64 63 60 57 54 54 55 57 58 56 53
79 79 79 79 80 84 88 90 90 89 88 91 94 98 101 105 109 110 108 108 106 106 106 108 110 109 109 110 107 98 88 80 74 73 74 74 72 71 70 69 69 70 71 71 70 70 70 70 69 66 66 66 64 63 62 61 61 61 61 61 62 62 62 62 64 67 67 65 63 63 61 57 59 66 69 70 70 71 72 71 70 69 68 66 66 65 63 60 57 55 56 57 59 59 57 54
80 79 79 80 81 84 87 91 91 90 89 91 95 99 102 106 109 110 108 106 103 103 105 109 111 110 110 113 109 99 88 80 75 72 72 72 71 70 69 68 68 69 70 70 70 69 69 69 69 68 67 67 64 62 61 61 61 61 61 61 61 61 62 63 65 68 68 66 63 62 60 58 62 68 70 71 71 71 72 72 71 71 69 68 67 65 62 59 57 58 58 59 61 61 59 56
81 80 80 81 84 86 89 91 91 91 90 92 95 99 102 107 108 108 106 103 100 100 103 109 112 108 108 110 108 99 88 80 74 71 71 71 70 69 68 67 67 69 70 71 71 70 69 68 68 68 67 65 62 61 61 61 61 61 61 61 61 61 62 63 64 65 64 63 61 59 59 60 64 69 70 72 72 72 72 72 71 71 70 69 68 66 62 60 60 60 61 62 63 62 60 57
82 81 80 82 87 92 93 94 93 92 91 92 95 99 102 105 106 105 104 101 99 99 102 109 112 107 102 103 101 93 85 78 73 69 69 70 69 68 68 67 67 69 70 71 73 73 70 69 68 67 66 64 61 61 61 61 61 61 61 61 62 63 63 63 63 62 61 60 60 59 59 64 66 69 70 71 71 72 72 72 71 71 71 70 69 67 65 63 63 63 64 64 65 64 61 58
83 82 81 82 88 94 94 94 93 93 92 92 94 99 101 104 103 102 101 99 96 97 101 106 109 104 98 99 96 89 83 77 72 69 68 68 69 68 68 66 66 67 68 71 74 74 74 72 70 68 67 64 62 62 61 61 61 61 62 62 63 64 64 62 62 61 61 60 59 59 63 67 68 69 69 70 71 71 72 72 72 71 71 71 70 69 68 66 65 65 66 67 67 66 64 61
84 84 82 83 88 92 91 91 91 92 92 93 95 99 102 103 102 100 98 97 94 95 97 100 102 100 96 95 93 88 82 76 72 70 68 68 67 68 68 65 65 65 67 69 72 74 74 72 71 69 68 65 63 62 61 61 61 61 64 65 64 63 63 62 62 60 60 60 60 61 64 67 67 67 68 69 70 71 72 72 72 72 72 72 71 70 69 68 67 67 68 69 69 68 65 62
85 85 83 83 87 89 88 88 90 91 93 94 98 101 102 102 100 98 95 94 93 92 91 92 95 95 94 92 91 87 82 76 73 72 69 67 66 66 66 65 65 65 67 68 69 71 72 72 72 69 68 66 65 64 62 61 61 63 65 66 64 63 62 62 62 60 60 60 60 61 64 65 65 66 67 68 69 70 72 72 73 73 73 73 73 72 71 70 69 68 69 70 70 69 67 64
84 84 83 83 84 85 86 89 91 92 95 96 99 102 101 100 98 96 94 94 91 89 89 89 89 90 90 90 89 87 83 78 75 74 71 68 65 65 65 65 65 67 69 70 72 71 71 71 71 69 68 65 62 62 61 62 64 66 65 64 63 63 62 62 62 61 61 61 61 62 62 62 63 65 66 68 69 70 72 74 75 76 77 76 74 74 73 72 72 72 71 71 70 70 68 66
84 84 83 83 83 85 87 90 92 93 95 96 99 101 100 98 96 95 94 93 92 89 89 89 89 89 90 90 89 87 82 78 74 73 71 68 65 65 65 65 65 65 66 69 73 73 71 71 71 70 69 65 62 62 62 64 67 66 64 62 63 63 63 63 63 62 62 61 62 62 62 62 64 66 67 69 70 71 73 75 75 77 77 76 75 75 75 75 74 74 73 72 71 70 69 66
84 84 85 84 84 86 89 91 92 93 95 96 99 100 99 96 95 93 93 93 92 91 89 89 89 89 89 89 89 86 81 76 73 71 68 67 64 64 64 64 64 64 64 65 67 69 71 72 71 71 70 68 66 67 68 68 68 66 63 62 63 63 63 64 64 64 64 63 62 62 62 62 65 67 68 70 71 73 74 75 76 77 77 78 78 78 78 79 78 76 75 74 72 71 69 67
85 86 86 88 88 90 91 92 93 94 95 95 99 100 99 95 93 92 92 92 92 91 91 89 88 88 89 88 87 85 81 76 72 66 64 64 64 64 64 64 64 64 64 64 65 68 72 73 73 73 73 72 71 72 71 69 67 64 63 62 63 63 63 64 64 65 65 64 62 62 62 64 67 69 70 71 73 75 75 76 76 78 79 81 82 82 82 81 81 79 78 76 74 73 70 67
86 86 89 90 91 92 93 94 95 95 95 95 97 100 99 96 94 92 90 90 91 91 91 89 87 86 87 87 85 83 80 76 70 65 64 64 64 64 64 64 64 64 64 64 66 70 74 75 75 75 75 75 75 74 72 69 66 63 63 63 63 63 64 65 65 65 65 64 63 63 63 66 68 70 72 73 75 77 77 77 77 79 81 83 85 85 84 84 83 82 81 79 77 75 72 69
86 86 89 90 91 93 94 95 96 96 95 95 95 99 100 98 95 92 88 88 89 91 91 89 86 85 85 85 83 81 78 73 67 64 64 64 64 64 64 64 64 64 64 64 67 73 75 76 76 76 76 76 75 73 72 69 65 63 63 63 63 63 64 66 66 65 64 63 63 63 65 68 70 72 74 76 77 78 79 79 79 81 82 85 86 86 86 86 85 85 84 82 80 77 75 72
87 87 89 89 90 93 93 95 95 95 95 95 93 96 100 98 95 92 87 86 88 89 89 87 85 83 82 81 80 78 74 68 65 64 64 64 64 64 64 64 64 64 64 64 68 74 76 77 77 76 75 75 74 72 71 68 64 62 62 62 62 62 63 65 66 64 63 63 63 63 66 68 71 74 76 78 79 80 81 82 82 82 83 85 87 87 87 87 87 87 86 85 83 80 77 74
87 87 89 89 91 93 93 94 95 95 96 95 93 93 97 97 94 90 86 84 84 84 84 84 83 81 79 78 78 77 73 67 65 64 64 64 64 64 64 64 64 64 64 64 70 75 77 76 76 75 75 74 73 71 69 66 63 62 61 61 61 62 62 63 63 63 63 63 63 64 67 69 71 76 78 80 80 82 83 83 84 83 84 85 87 87 88 88 88 88 88 87 85 81 77 74
87 87 89 90 92 93 93 94 95 95 97 98 96 92 92 92 91 87 85 84 83 82 82 80 80 80 78 78 76 75 73 67 64 64 64 64 64 64 64 65 65 65 65 69 74 77 77 76 76 74 73 73 70 68 66 64 62 61 61 61 61 62 62 64 63 63 64 65 67 68 68 70 72 76 78 80 82 82 84 84 84 85 85 86 86 86 88 88 89 90 90 88 86 82 76 73
87 88 89 91 94 95 94 94 95 95 97 98 97 92 91 89 88 86 86 85 83 83 82 81 80 80 79 78 77 76 73 68 64 64 64 64 64 64 64 65 66 67 71 75 78 78 78 76 76 73 70 67 65 64 63 62 62 61 61 61 62 63 65 66 66 66 68 69 71 72 71 72 73 76 78 81 82 83 84 84 85 85 85 86 86 86 88 88 89 90 90 89 86 82 77 73
89 89 89 91 94 95 95 95 95 95 96 97 97 93 92 90 89 88 88 87 86 86 85 84 83 82 81 80 78 76 75 70 65 64 64 64 64 64 64 67 69 73 77 79 79 79 78 76 76 73 68 64 64 64 63 63 63 62 62 62 63 66 68 69 69 69 71 73 75 75 75 75 76 77 78 81 82 83 84 84 85 86 86 86 86 86 87 88 89 91 91 90 87 83 78 75
88 88 88 90 94 95 95 95 95 95 96 96 97 95 94 94 92 90 90 89 88 87 87 86 85 84 82 80 78 76 76 71 66 64 64 64 64 64 65 69 73 76 79 79 79 79 78 77 76 74 71 67 66 65 65 65 63 62 62 63 66 69 71 71 72 73 74 75 77 77 78 78 77 78 79 81 82 83 84 85 85 86 86 86 86 86 87 88 89 92 92 91 88 84 80 75
88 88 88 89 92 95 95 96 96 96 96 96 96 97 97 96 94 93 92 91 90 89 89 88 86 85 82 80 78 77 76 71 67 65 64 64 64 64 66 71 76 78 79 79 79 79 78 77 77 75 74 72 70 69 68 65 62 62 62 64 68 72 73 75 76 78 78 78 79 80 80 80 80 79 80 81 83 83 85 85 86 86 86 86 86 86 87 88 89 91 92 91 89 85 80 75
88 88 88 88 91 94 95 96 96 96 96 96 96 100 101 98 96 94 94 93 91 91 91 89 87 84 82 80 78 77 76 71 66 64 64 64 64 64 67 72 76 79 79 79 79 79 78 77 77 75 74 73 71 70 68 65 62 62 63 66 71 73 76 78 80 81 81 81 81 82 82 82 82 82 81 82 83 83 85 86 86 87 87 87 87 87 87 88 88 91 91 91 89 86 80 76
88 88 89 89 90 93 95 96 96 96 96 96 96 100 102 99 97 96 95 94 93 92 91 89 87 83 80 79 78 77 75 70 66 64 64 64 65 66 68 73 77 78 78 78 78 78 77 77 76 75 74 72 70 69 66 62 62 62 64 68 72 75 78 80 82 83 83 83 83 83 84 84 83 83 83 83 83 83 85 86 86 87 87 87 87 87 88 88 89 90 91 90 88 86 81 77
88 88 89 89 89 93 95 96 96 96 96 96 96 99 99 100 99 99 98 96 94 92 91 89 86 81 79 78 76 75 72 68 66 64 64 64 65 66 69 74 77 78 77 77 77 77 76 76 75 74 73 70 68 66 63 62 62 63 66 71 74 77 80 82 83 84 84 84 85 85 85 84 84 84 84 84 84 84 85 85 86 87 87 88 88 88 88 88 89 90 90 89 87 86 82 79
89 89 89 89 89 92 94 96 95 95 95 95 96 99 100 101 102 102 101 97 94 93 91 88 85 81 79 78 76 74 71 67 65 64 64 64 66 67 70 74 78 78 77 76 76 76 75 75 74 73 71 69 66 63 62 62 62 64 67 72 75 79 81 83 83 85 85 85 85 85 85 85 85 85 85 85 84 85 86 86 86 87 87 88 88 88 89 89 89 89 89 88 87 85 82 79
89 89 90 90 90 92 94 96 95 95 95 95 96 99 100 104 105 105 103 99 95 94 92 89 85 82 79 78 77 75 72 66 65 64 64 64 66 68 70 74 78 78 76 75 75 74 73 73 72 71 70 67 64 62 62 62 62 64 69 73 77 80 82 83 83 85 86 86 86 86 86 86 86 86 86 86 86 86 86 86 86 87 87 88 88 88 89 89 89 89 88 87 86 85 82 80
89 89 89 89 89 92 93 95 95 95 95 95 95 99 101 105 109 109 105 100 98 97 95 91 87 83 79 78 77 75 71 66 65 64 64 64 66 67 70 73 77 78 75 74 74 73 71 70 69 68 67 64 63 62 63 63 62 64 69 74 78 81 83 83 84 86 87 87 86 86 86 86 86 87 87 87 86 86 86 86 86 87 87 88 89 89 89 89 89 88 88 86 85 84 82 79
90 90 89 89 89 92 93 95 95 95 95 95 96 99 101 105 108 108 105 103 102 101 98 91 87 83 78 77 76 74 71 66 66 65 65 65 66 66 69 72 74 75 74 73 72 71 69 66 64 64 64 64 64 64 65 64 62 65 70 74 79 82 85 85 85 87 88 88 87 87 86 87 87 88 88 87 87 87 86 86 86 87 87 88 89 89 89 89 89 88 88 86 85 84 81 79
90 91 89 88 89 91 93 95 95 94 94 95 97 99 102 105 107 107 106 104 103 101 97 91 86 82 78 76 76 74 70 67 66 66 66 66 66 66 68 71 73 75 73 72 71 70 68 65 63 64 64 64 64 66 66 64 63 65 71 75 79 83 85 86 86 87 88 89 87 87 86 87 88 89 89 88 88 88 87 87 86 87 87 88 89 89 90 90 89 88 87 86 84 83 80 78
89 92 90 88 88 90 93 95 94 93 93 95 97 100 103 105 107 107 106 105 103 101 95 89 83 79 76 74 73 71 68 67 67 67 68 68 67 67 67 70 72 73 73 70 69 67 65 62 63 64 64 64 65 66 65 64 64 68 73 77 81 84 86 87 87 88 89 89 87 87 87 88 88 89 89 89 88 88 87 87 87 87 87 88 89 89 90 90 89 88 87 85 83 82 80 78
89 93 92 88 88 89 92 93 92 92 93 95 97 101 105 107 107 106 105 104 102 98 91 85 80 78 75 73 71 68 68 67 67 68 71 72 71 70 67 68 71 72 71 68 67 65 62 62 64 65 64 64 65 67 65 64 65 71 75 79 83 87 87 88 88 89 89 89 88 87 87 88 89 90 90 89 89 89 88 88 87 87 87 88 89 89 90 90 90 88 86 83 82 81 79 78
92 95 94 90 89 89 90 91 91 91 93 94 96 101 105 108 107 105 103 101 99 94 87 82 78 77 74 73 70 68 68 68 68 69 73 77 76 74 69 67 69 70 69 67 66 63 61 63 64 66 64 64 66 67 66 65 68 72 77 82 85 88 89 90 90 90 90 89 89 89 89 89 89 91 91 91 90 90 89 89 88 88 88 88 89 89 90 90 90 88 86 83 82 80 78 78
93 96 94 91 89 89 89 90 90 91 92 93 96 100 105 108 106 103 101 98 95 91 86 81 77 75 73 72 70 69 68 68 68 70 74 79 78 75 70 66 68 68 67 66 64 62 61 63 65 66 65 65 67 68 67 66 70 74 79 83 87 90 90 91 91 90 90 89 89 89 89 89 89 91 91 91 90 90 89 89 89 88 88 88 88 88 89 89 89 87 86 83 82 80 78 78
92 95 94 93 91 90 90 89 89 90 91 93 95 98 102 104 103 101 100 98 94 89 85 80 76 74 72 72 70 69 69 68 69 71 75 80 77 75 70 66 66 67 66 65 63 61 61 63 66 67 66 66 68 70 70 70 71 75 80 83 87 90 91 91 91 90 90 90 89 89 89 90 90 90 91 91 90 90 89 89 89 88 88 88 88 88 89 89 88 87 85 83 82 80 78 78
92 92 93 95 94 90 89 89 89 89 90 92 94 96 97 98 100 100 98 97 94 88 83 78 75 74 72 72 70 69 69 68 70 72 76 80 77 75 71 65 63 63 63 62 61 61 62 64 68 69 68 67 70 72 72 73 75 78 81 83 87 88 91 92 92 91 91 90 90 90 90 90 90 90 91 91 90 89 88 88 88 88 88 88 88 88 88 88 87 86 84 82 82 81 79 78
