geocache-va/0-1/elevation.txt
ncols         871
nrows         925
xllcorner     -77.8
yllcorner     38.25
cellsize      1.0E-5
NODATA_value  -9999
[rows 424 to 476 of 925, columns 672 to 767 of 871]
75 79 81 81 81 79 78 79 81 84 88 90 90 90 91 91 91 92 94 96 95 94 92 92 92 95 98 102 105 106 105 102 99 100 103 105 105 102 97 96 99 102 105 108 111 111 109 108 107 110 114 117 119 120 121 120 118 117 117 119 121 121 119 117 116 116 117 116 116 116 116 116 116 117 118 119 119 118 117 116 115 115 117 118 118 116 114 115 116 118 120 122 122 122 121 121
78 82 84 84 84 81 79 80 81 85 89 91 91 91 91 91 91 92 94 96 96 95 94 93 93 95 99 102 104 106 105 103 101 101 104 107 107 104 100 97 99 101 105 109 111 112 111 110 110 112 116 119 120 121 122 121 119 116 116 119 120 121 120 117 116 116 117 116 116 116 117 117 117 118 119 119 119 118 117 116 116 116 117 118 118 115 113 113 114 117 120 122 123 123 122 121
81 85 87 88 86 84 81 81 82 85 90 93 93 92 91 91 91 91 94 97 98 97 95 94 94 96 99 103 105 106 106 103 102 103 106 108 108 107 103 100 100 101 105 109 112 113 113 112 112 114 118 120 122 122 122 120 118 115 115 118 119 120 119 118 117 117 117 116 116 118 119 119 119 119 119 120 119 118 117 117 117 116 116 117 116 114 112 111 114 117 120 122 123 123 122 122
84 87 89 90 89 86 83 82 82 86 91 94 95 93 91 91 91 91 95 98 99 98 96 95 95 97 99 104 105 106 106 104 103 104 107 110 110 109 106 102 101 101 104 110 112 114 114 115 115 117 120 122 123 122 121 119 117 114 114 116 118 118 118 118 118 118 119 117 117 119 121 121 120 120 120 120 119 118 117 116 116 115 115 115 115 113 111 111 113 117 119 121 122 123 122 122
85 88 91 92 90 88 85 83 83 86 91 94 95 94 92 91 91 91 96 99 100 99 98 96 96 98 100 104 105 106 107 105 105 105 108 110 110 110 108 104 101 101 104 110 112 114 115 117 118 120 121 123 123 121 120 118 116 114 114 116 117 118 118 118 118 119 120 119 119 121 123 123 122 121 121 121 119 118 117 116 116 114 114 114 113 112 111 110 113 117 119 121 122 122 121 121
86 90 92 93 91 89 87 84 84 87 91 93 94 94 92 92 92 92 96 100 100 99 99 98 98 99 101 104 106 106 106 105 105 105 107 108 109 109 108 106 103 102 105 110 112 114 115 118 120 121 121 122 122 120 119 118 116 115 115 117 118 118 118 118 118 120 121 120 120 122 124 125 123 123 121 121 119 118 117 116 116 114 113 113 113 112 111 110 113 116 117 119 120 121 121 121
87 91 93 93 92 90 88 86 85 87 90 93 94 94 93 93 93 94 97 100 100 100 99 99 100 101 103 105 106 107 106 105 104 104 106 106 107 108 108 106 104 103 105 109 112 114 115 118 120 121 121 121 121 119 118 118 116 116 116 118 119 118 118 118 119 120 121 120 121 122 124 124 123 123 122 121 120 119 118 117 116 115 113 113 113 112 111 111 113 115 116 118 119 120 120 120
88 91 93 94 92 91 89 87 86 87 90 92 93 94 94 94 94 95 97 99 99 99 100 100 101 102 104 105 106 106 105 104 104 104 104 105 105 106 107 106 105 104 106 109 112 114 115 118 119 120 120 119 118 116 116 117 117 118 118 120 120 120 118 118 119 120 120 121 121 122 123 123 123 123 123 122 121 120 119 118 117 115 114 114 114 113 112 111 113 114 114 116 118 119 119 120
89 92 93 94 93 92 90 88 87 87 89 92 93 94 94 94 95 96 97 98 98 99 99 101 103 103 104 105 106 105 104 103 103 103 103 103 103 104 106 106 106 105 106 109 111 113 115 117 118 119 118 117 115 114 115 117 118 120 121 122 122 121 120 119 119 119 120 121 122 122 122 122 122 123 123 123 122 121 120 119 118 116 116 115 115 114 113 111 112 112 111 113 116 117 118 119
89 92 93 94 93 92 91 89 88 88 90 92 93 94 95 95 96 96 97 96 96 97 98 100 102 103 103 104 105 103 102 102 102 102 103 103 103 104 105 105 105 104 106 108 110 112 114 115 117 117 117 115 113 113 115 118 119 122 123 124 124 122 121 119 119 119 120 121 122 122 121 121 121 123 124 124 123 122 122 120 119 118 117 117 117 116 114 112 111 110 109 111 114 116 116 118
89 92 93 94 93 92 91 89 89 89 91 94 94 95 96 96 96 96 95 95 95 96 97 98 100 101 102 103 102 101 100 100 101 102 103 103 103 104 105 105 104 104 105 107 109 111 113 114 116 116 116 114 112 112 115 118 121 123 125 125 124 122 120 120 120 120 121 121 122 122 120 120 121 122 123 124 123 122 122 121 119 119 119 119 118 117 115 113 111 108 108 110 113 114 115 116
88 91 93 94 93 92 91 90 90 90 92 94 95 96 97 97 97 95 95 94 94 95 95 97 99 100 101 101 100 98 98 99 101 102 103 103 104 105 104 104 103 103 104 106 108 110 112 114 115 116 116 114 113 114 116 119 122 124 126 125 123 121 120 120 120 121 121 122 122 122 120 120 121 122 123 124 123 121 121 121 120 119 119 119 119 118 116 113 111 108 108 109 111 113 114 115
88 91 93 93 92 92 91 91 91 91 93 95 97 98 98 98 97 95 94 93 93 93 94 96 97 98 99 100 98 96 96 98 100 102 103 103 105 105 103 102 102 102 103 105 107 109 112 114 115 115 116 114 114 115 117 120 123 125 126 125 122 120 120 120 121 122 122 122 122 122 121 121 121 122 123 123 122 120 120 121 121 120 120 120 120 118 117 114 111 109 108 108 109 111 113 114
88 91 92 92 91 91 90 90 90 91 94 96 97 99 99 98 97 95 93 92 92 92 94 95 96 97 97 98 96 96 96 98 100 102 103 103 104 104 102 101 101 101 102 105 106 108 111 114 114 115 116 115 115 117 119 121 124 127 127 124 122 120 120 121 122 122 122 122 122 122 121 121 121 121 121 122 121 120 120 120 121 120 121 121 120 119 117 115 112 110 109 108 107 109 111 112
87 90 91 91 90 89 89 89 90 91 93 95 97 99 100 99 98 95 93 91 91 93 94 95 96 96 96 96 96 96 97 99 100 101 102 102 102 102 101 101 101 102 104 106 107 108 111 113 114 116 116 116 116 118 120 122 125 126 126 123 120 120 120 122 123 124 124 123 123 122 122 121 120 120 120 120 121 120 120 120 121 121 122 122 121 120 118 115 112 111 110 108 106 108 110 111
87 89 90 90 88 88 88 89 90 91 93 95 97 99 100 100 98 95 92 90 91 93 95 95 95 94 94 94 95 95 97 100 101 101 101 101 101 101 100 101 102 104 106 107 108 109 110 113 114 117 117 117 118 120 121 123 125 125 124 122 120 120 120 122 124 125 125 124 124 123 122 120 119 119 119 120 120 120 120 121 122 122 122 122 121 119 118 115 113 112 110 108 106 107 109 110
86 88 89 89 87 87 87 88 89 90 91 93 97 100 101 100 98 95 91 89 91 93 95 96 94 92 92 92 94 96 98 101 101 101 100 99 99 99 99 102 103 105 107 108 109 110 111 113 115 117 119 119 120 121 122 124 124 124 122 121 121 121 121 123 124 125 126 125 125 124 122 119 117 117 117 118 120 121 121 122 123 123 123 122 120 118 117 115 114 113 111 109 108 108 109 108
86 88 89 89 87 87 87 87 89 89 90 92 96 99 99 98 97 94 89 88 90 93 95 95 93 91 91 91 93 96 99 101 101 100 98 97 97 97 99 102 105 107 109 110 111 111 112 112 115 119 121 121 122 123 123 123 123 122 119 119 120 121 122 123 124 125 126 126 126 125 122 118 115 115 115 117 119 121 123 124 124 123 123 122 119 118 117 116 115 114 113 111 110 110 109 107
87 89 89 89 87 87 87 88 89 90 90 92 94 97 97 96 94 91 87 86 89 92 94 94 93 91 91 92 94 97 99 100 100 98 98 97 96 97 100 103 106 108 110 112 112 112 112 113 116 120 122 123 123 123 123 123 122 120 118 117 119 120 121 122 124 125 126 126 126 124 121 118 113 112 113 116 119 121 124 124 125 123 122 121 119 117 116 116 115 115 114 113 112 111 109 106
87 89 90 89 88 88 88 89 89 90 91 91 92 94 94 93 92 89 86 85 87 90 92 93 93 92 92 93 95 97 98 98 98 97 97 97 97 98 101 104 107 109 111 112 113 113 114 115 118 120 122 123 124 123 122 122 121 118 117 116 117 119 120 121 123 124 125 126 125 124 121 117 112 111 112 114 118 121 123 124 124 123 121 120 118 117 116 116 116 116 115 114 113 112 109 106
88 89 90 90 90 89 89 89 90 90 90 90 91 92 92 91 89 87 84 84 86 88 91 93 93 93 93 95 96 97 97 96 96 96 97 98 99 100 103 106 107 109 111 112 113 114 115 117 119 122 122 123 123 122 121 121 119 117 115 114 116 117 119 120 122 124 125 125 124 123 120 116 112 111 111 113 116 120 121 122 122 121 120 119 118 116 115 115 115 115 115 115 113 112 110 106
88 89 90 91 91 90 90 90 90 89 89 89 89 90 90 89 87 85 84 84 85 88 90 92 93 93 94 95 96 96 95 94 94 95 97 99 100 102 104 106 107 109 111 112 113 115 117 119 121 123 123 122 122 121 120 119 118 116 114 113 114 115 117 119 121 123 124 123 122 121 118 115 113 110 109 111 115 118 119 119 120 119 118 118 118 115 115 115 115 115 115 115 114 113 111 107
86 88 89 90 91 91 91 90 90 89 88 88 87 87 88 87 85 85 84 84 85 87 89 91 92 94 95 96 96 96 95 94 94 96 98 100 101 103 105 106 107 109 111 112 113 115 118 120 122 123 122 122 121 120 120 119 117 115 113 112 112 114 115 117 119 121 122 121 120 119 117 115 113 110 108 109 113 115 116 117 117 117 117 118 117 115 114 114 114 114 115 115 115 114 112 109
84 86 88 90 90 91 90 89 89 88 86 85 85 85 86 86 85 85 85 85 86 88 89 90 92 94 95 96 96 96 96 95 96 98 99 101 102 103 104 105 107 108 109 110 112 114 117 119 121 122 122 121 121 120 120 119 118 116 114 113 112 112 113 114 116 119 120 119 119 118 116 114 113 111 108 108 112 112 113 113 114 115 116 117 117 114 112 112 113 114 114 115 115 114 113 110
83 85 87 89 90 91 90 88 87 87 85 83 83 83 85 85 85 85 85 86 87 88 89 90 92 94 95 95 95 96 97 98 98 100 101 102 102 103 103 104 106 107 107 109 110 112 115 118 120 121 121 121 120 120 120 119 118 117 115 113 112 111 111 111 113 116 117 117 118 116 114 112 112 111 109 108 111 111 111 110 111 114 116 117 117 114 111 111 112 113 114 115 115 115 113 111
82 83 85 88 89 90 89 87 86 86 84 82 81 82 84 84 85 85 86 87 87 88 89 90 92 94 95 95 95 96 99 100 101 102 102 102 102 102 102 103 104 105 106 108 109 111 114 117 119 120 120 120 120 120 120 120 119 119 117 114 112 110 108 108 110 113 115 116 117 115 112 111 111 111 110 110 110 110 108 107 109 112 116 117 116 113 111 111 111 112 113 114 115 115 114 112
82 82 83 85 87 87 87 86 86 85 84 82 80 81 83 84 85 85 87 88 88 88 89 91 93 94 95 95 95 97 99 102 103 104 104 103 102 102 101 102 103 104 105 107 108 110 112 115 118 119 119 119 119 119 119 120 120 120 118 115 112 109 106 106 107 110 112 114 116 114 111 109 110 112 112 111 110 108 105 103 106 111 115 116 115 112 110 109 110 111 112 113 115 116 115 113
82 82 81 82 84 85 85 85 85 85 84 82 81 82 83 84 85 85 87 88 89 89 90 91 93 95 95 95 95 97 100 103 104 105 105 104 102 102 101 102 103 104 105 106 107 109 111 114 117 117 118 118 118 118 118 119 119 119 119 116 112 108 105 104 105 108 110 112 114 113 110 108 109 112 112 111 110 107 103 100 103 110 114 115 114 111 108 108 110 111 112 113 115 116 115 113
83 81 79 79 81 83 84 84 85 86 84 83 83 83 84 84 85 85 87 88 89 91 91 92 94 95 95 95 95 97 99 102 104 105 105 104 103 102 102 103 104 105 106 107 108 109 111 113 115 116 116 116 116 117 117 117 117 119 119 117 113 109 105 104 104 106 107 109 111 111 108 108 108 111 111 111 110 107 102 100 102 109 113 114 113 110 107 107 109 111 112 113 115 116 115 114
83 81 78 77 79 82 83 84 85 86 85 85 84 84 85 85 85 85 87 88 90 92 92 94 96 96 96 95 95 96 99 102 104 104 105 104 104 103 103 103 104 105 107 108 108 109 111 113 113 114 115 115 115 115 115 114 116 119 119 117 114 110 106 105 105 105 105 106 108 108 107 107 108 109 110 110 109 107 103 100 101 107 111 112 111 108 105 106 109 111 112 113 115 115 115 114
85 82 79 77 79 81 83 84 86 86 85 85 85 85 86 86 85 85 87 89 91 93 93 95 96 96 96 96 96 96 99 101 103 104 104 104 105 104 104 104 104 106 107 108 109 110 111 112 112 113 113 113 113 113 112 112 114 117 117 116 114 111 108 106 105 104 102 102 104 105 106 107 108 108 108 109 109 107 103 100 100 105 109 110 108 105 103 105 108 111 112 113 114 114 114 114
86 83 80 78 79 81 83 85 86 87 85 85 86 87 87 87 86 86 88 90 92 93 94 95 96 97 96 96 96 97 99 101 103 104 104 104 105 105 105 105 105 106 107 108 109 110 111 112 112 112 112 112 112 111 110 109 111 114 115 115 113 111 109 107 105 103 100 100 101 102 104 106 106 106 106 107 107 106 103 101 101 104 107 108 106 103 103 104 108 112 113 114 114 113 113 114
87 85 81 79 80 82 84 86 87 87 85 85 86 88 88 88 87 88 90 91 93 94 94 95 96 96 96 96 97 98 100 102 103 103 103 104 104 104 104 104 105 106 107 108 109 110 111 112 112 112 112 112 112 110 109 108 109 112 112 113 111 110 110 108 106 103 100 99 99 100 102 104 105 105 104 104 104 104 102 101 101 103 106 107 105 103 103 105 109 113 114 114 113 113 113 114
87 85 82 80 81 83 85 86 87 87 85 85 86 88 89 89 89 89 91 92 93 94 95 95 95 96 96 97 99 100 101 102 103 103 103 103 103 104 104 104 105 106 107 108 109 110 111 112 112 112 112 112 112 110 108 107 108 109 109 109 109 109 109 108 106 103 100 99 98 98 100 102 103 103 102 101 101 102 101 100 100 102 105 105 105 104 104 107 111 113 114 114 113 113 113 114
88 86 83 81 82 84 86 87 87 87 85 85 86 88 89 89 89 90 92 93 94 94 95 95 95 95 95 97 99 101 102 102 103 103 103 103 103 103 103 103 105 106 107 108 109 110 111 111 111 111 112 111 111 110 108 107 107 106 106 106 106 107 108 107 105 103 100 98 97 95 98 101 101 101 99 98 98 99 99 99 100 102 104 104 104 104 105 109 113 114 114 114 113 113 114 114
87 87 85 83 82 84 86 88 88 87 85 85 87 88 89 90 90 91 92 93 94 95 95 95 95 95 95 96 99 101 102 103 103 103 103 103 103 103 103 103 104 105 106 108 109 109 110 110 110 111 111 111 110 110 108 107 105 103 103 103 104 106 106 106 105 104 101 98 95 93 96 99 100 99 97 95 95 97 98 98 100 102 103 103 103 105 107 111 115 116 115 113 113 113 114 115
87 88 86 84 83 84 86 88 88 87 86 86 87 88 88 90 91 92 93 94 95 95 96 96 96 95 95 96 98 101 102 103 104 104 104 104 103 103 103 103 104 105 106 107 107 108 108 108 110 110 110 110 110 109 108 107 105 102 101 101 103 104 104 104 104 103 101 98 94 92 94 97 98 98 96 94 94 96 97 98 101 102 103 103 103 106 109 112 115 116 114 113 113 113 114 115
87 87 87 85 84 84 86 87 88 88 87 87 87 88 88 90 91 93 93 94 95 96 97 97 97 95 95 95 98 100 102 103 104 105 105 104 103 102 102 102 103 104 105 106 106 106 106 107 109 109 110 109 109 109 108 107 105 102 101 100 101 103 102 102 103 102 100 97 93 92 93 96 97 96 95 95 96 97 98 99 102 103 103 103 104 107 110 113 115 116 113 113 113 113 114 115
87 87 87 86 85 85 86 87 88 88 88 87 87 88 89 90 91 93 94 94 95 96 97 97 97 96 96 96 98 100 102 103 104 105 104 103 102 102 102 102 102 103 104 105 105 105 105 106 107 109 109 108 108 108 108 107 105 104 103 100 100 101 100 101 101 101 99 96 93 92 92 94 94 94 94 97 99 100 100 101 103 103 104 105 107 109 110 113 114 113 112 112 112 113 114 115
88 88 88 88 87 86 86 86 87 87 87 87 87 88 89 90 91 93 94 94 95 96 97 98 98 97 97 98 99 101 102 104 104 104 103 102 101 101 100 100 101 101 102 104 104 104 104 105 106 107 107 107 106 105 106 107 107 107 105 101 98 98 97 99 99 99 98 96 93 91 91 92 94 95 97 100 102 102 103 103 104 104 105 107 109 110 110 111 111 111 112 113 113 113 113 114
88 89 89 89 89 88 86 86 86 86 86 86 87 89 90 90 91 93 94 95 95 96 97 98 98 98 98 99 100 102 103 104 104 103 101 100 100 100 99 99 100 100 100 103 103 103 103 104 105 106 106 105 104 104 105 107 107 108 106 101 97 96 95 96 96 96 97 96 93 90 90 93 97 99 101 102 103 104 104 104 104 105 106 107 109 108 108 108 109 111 113 113 112 113 113 113
88 89 89 90 88 87 86 85 85 85 84 86 87 89 90 91 92 93 94 94 95 96 97 98 98 98 99 100 101 103 103 104 103 102 100 98 98 98 98 99 100 100 100 102 102 102 101 103 104 105 105 104 103 103 104 106 106 106 106 102 98 95 93 93 93 94 96 96 92 89 91 96 100 102 102 102 102 102 103 103 104 105 106 106 106 106 106 107 109 110 111 111 112 113 113 113
87 88 89 90 88 86 85 85 85 84 84 85 87 89 91 92 93 93 93 93 95 96 97 98 98 99 99 100 101 103 104 104 103 101 99 97 97 97 97 98 99 99 100 101 101 101 101 102 103 104 104 103 103 103 103 105 105 105 104 102 99 96 93 91 91 92 94 94 90 88 91 97 100 101 100 101 101 101 102 102 103 104 105 105 104 105 106 107 108 108 109 111 112 113 113 113
87 88 88 88 86 85 84 83 83 83 83 85 86 88 91 93 93 93 92 93 95 96 97 97 99 100 100 100 101 102 102 102 101 99 97 96 96 96 97 98 98 99 100 101 100 100 100 101 102 102 102 102 102 102 103 104 104 104 103 101 99 96 94 92 90 90 91 91 88 88 92 95 97 97 97 99 99 100 100 101 102 103 103 103 103 105 106 106 106 107 108 110 111 112 112 113
88 88 87 86 84 83 82 82 81 82 83 84 85 88 90 91 92 92 90 92 94 95 96 97 99 100 100 100 100 101 101 100 99 98 96 95 95 96 97 98 97 98 99 100 99 99 99 100 101 101 101 101 101 101 102 103 103 102 101 99 98 97 95 93 90 89 88 88 88 88 91 92 93 94 95 96 96 98 99 100 101 102 102 101 102 106 106 105 104 106 107 109 110 111 112 113
88 88 86 84 82 81 80 80 80 82 83 84 84 86 88 89 90 90 91 92 94 95 96 97 97 99 99 99 99 99 99 98 97 96 94 94 95 96 97 97 97 97 98 98 98 97 99 100 101 100 100 100 100 101 102 103 102 101 100 97 96 95 94 92 89 88 88 88 88 89 91 92 93 94 94 94 95 97 98 99 100 100 100 100 103 106 106 104 102 105 106 108 110 111 112 113
87 86 85 83 81 79 78 78 80 81 82 83 84 84 86 88 90 91 92 94 95 95 96 96 97 98 98 97 98 98 98 96 95 94 93 94 95 96 96 96 96 96 97 97 96 96 99 100 100 99 98 99 99 101 102 102 101 100 99 97 95 94 92 90 89 88 88 87 87 90 93 95 95 96 96 96 96 96 97 98 98 98 98 99 102 105 105 101 102 105 106 107 108 110 111 111
86 85 84 82 80 78 78 78 81 83 83 84 85 85 87 90 92 93 94 95 96 96 96 96 96 97 97 97 97 97 96 95 94 93 92 94 95 96 95 94 94 96 97 96 95 96 98 98 98 97 97 98 99 101 102 101 99 98 98 97 96 94 92 90 89 88 87 86 87 90 94 96 97 97 97 97 97 97 97 98 97 97 97 98 102 103 103 100 103 104 104 105 106 108 109 109
85 84 82 80 78 77 78 80 83 85 86 86 86 88 89 91 93 95 96 97 97 96 96 96 96 96 96 96 96 96 95 94 93 91 91 94 96 96 95 94 93 95 95 95 94 95 96 96 96 96 97 99 100 101 101 100 97 96 96 96 95 94 93 91 89 88 86 85 86 90 94 97 97 97 97 96 96 97 97 97 96 96 96 98 100 101 101 99 102 102 101 102 103 105 106 108
82 82 80 78 76 77 80 82 84 86 88 89 89 90 91 92 94 95 97 97 97 97 96 96 96 96 96 96 96 96 95 93 92 91 91 93 95 95 94 93 92 93 94 94 93 94 94 94 94 96 98 99 100 101 101 99 97 94 94 94 94 94 93 91 89 87 84 84 87 90 95 97 98 97 96 95 96 96 97 96 95 94 95 97 99 99 98 98 100 99 97 98 100 102 105 108
80 79 79 77 76 79 83 85 86 87 89 90 91 91 92 94 94 95 95 96 96 95 95 95 95 95 96 96 96 96 95 93 92 91 90 92 93 93 93 92 91 91 92 92 91 92 92 93 94 96 98 99 100 100 99 98 96 93 93 92 93 94 93 91 88 85 83 84 88 92 96 98 98 96 94 94 94 95 95 95 93 93 95 96 97 96 95 96 96 96 96 98 101 103 106 108
79 78 77 76 77 80 84 86 88 89 91 91 92 92 93 94 95 94 94 94 94 94 95 94 94 95 96 96 97 96 95 94 92 91 89 90 91 92 91 90 90 90 91 90 90 91 93 94 95 96 98 99 99 98 98 97 96 93 92 91 93 93 92 89 86 83 83 85 90 94 98 98 97 95 93 93 93 94 94 93 92 93 94 95 96 94 93 94 94 95 98 101 103 105 107 108
76 76 75 74 77 79 83 86 88 89 91 91 92 92 93 93 93 92 92 92 93 93 93 93 93 95 96 97 97 97 96 95 93 91 88 88 89 89 89 89 89 90 90 90 90 93 95 96 96 97 99 100 99 97 95 94 94 92 91 90 91 92 90 87 85 82 82 87 91 94 97 97 96 94 92 91 92 93 92 91 92 93 92 94 94 92 92 94 95 97 99 101 102 104 106 106
