geocache-va/0-1/elevation.txt
ncols         871
nrows         925
xllcorner     -77.8
yllcorner     38.25
cellsize      1.0E-5
NODATA_value  -9999
[rows 742 to 794 of 925, columns 384 to 479 of 871]
99 98 97 96 95 95 95 97 98 98 97 97 96 95 94 93 91 88 85 83 82 81 81 81 84 88 90 90 89 88 85 83 81 80 79 79 79 79 79 79 79 79 79 79 79 79 79 79 79 79 79 81 83 83 83 86 89 88 87 87 89 91 93 95 94 93 92 94 95 95 96 97 96 94 92 93 94 93 90 90 92 91 90 89 86 85 85 87 87 87 88 88 88 88 90 92
99 98 97 97 95 94 93 94 95 94 93 92 92 92 90 89 87 85 84 82 81 81 81 82 84 89 92 94 93 91 88 86 83 81 81 81 80 79 79 79 79 79 79 79 79 79 79 79 79 79 79 81 82 80 79 80 82 85 87 87 89 92 94 94 92 90 91 93 93 93 95 96 96 94 91 91 93 93 89 88 89 89 87 87 85 84 84 86 87 87 87 89 90 90 90 90
100 100 100 99 97 95 92 91 91 91 89 88 88 88 86 85 85 83 82 82 81 82 83 85 86 89 93 96 96 94 92 89 85 82 83 83 82 81 80 79 79 79 79 79 79 79 79 79 79 79 79 79 79 79 79 79 79 83 85 86 88 91 92 91 89 89 92 93 92 91 93 95 95 94 90 89 91 91 87 86 87 86 84 84 84 85 86 88 91 92 92 93 94 96 94 92
99 100 100 99 98 96 93 90 89 88 88 87 87 86 84 84 83 83 82 82 82 84 88 89 89 90 93 96 97 96 94 90 85 84 84 84 82 82 81 80 79 79 79 79 79 79 79 79 79 79 79 79 79 79 79 79 79 80 83 85 88 90 90 89 88 90 93 93 91 91 93 95 95 93 89 87 89 89 86 85 86 85 84 84 84 87 88 88 90 94 96 96 97 98 97 94
97 98 99 99 98 95 92 90 89 90 90 89 88 86 85 84 83 82 82 82 85 89 93 94 94 92 94 97 98 96 94 90 85 85 87 86 84 83 83 82 81 80 79 79 79 79 79 79 79 79 79 79 79 79 79 79 79 80 82 84 87 89 88 87 88 91 93 93 90 89 92 95 95 93 89 86 87 87 84 83 84 84 85 85 85 88 90 90 90 93 95 98 99 101 99 96
94 97 98 98 98 96 94 94 94 95 95 93 89 86 84 83 83 82 84 88 91 95 98 99 98 96 97 99 98 96 92 88 86 88 90 89 86 85 86 86 84 83 81 79 79 79 79 79 79 79 79 79 79 79 79 79 79 80 83 84 85 86 85 86 89 92 94 92 89 88 91 94 94 93 89 85 85 84 82 83 84 84 87 89 88 88 89 91 92 92 95 98 101 103 102 99
92 94 96 97 98 98 97 97 96 95 94 91 88 85 83 83 83 84 88 92 95 98 100 101 100 99 99 100 98 95 91 88 88 91 93 93 91 90 91 89 87 87 86 84 82 79 79 79 79 79 79 79 79 79 79 79 79 81 83 84 84 84 85 87 90 93 94 92 88 86 89 92 92 90 87 83 82 81 83 86 87 87 87 88 89 91 91 93 95 97 99 100 101 102 102 101
92 92 95 96 98 98 98 97 95 92 90 88 85 83 83 83 83 84 87 92 95 98 100 102 102 101 101 100 97 94 89 88 91 93 95 96 94 94 92 90 88 90 91 90 85 82 80 79 79 79 79 79 79 79 79 79 79 81 83 83 84 84 85 88 91 93 94 91 87 85 88 91 90 88 85 82 81 82 85 88 89 88 87 87 89 92 94 96 98 100 101 101 100 101 103 103
93 91 93 96 97 98 96 94 91 88 87 85 84 83 83 84 87 89 90 91 92 95 98 101 103 103 101 99 96 93 90 90 93 96 97 98 97 95 92 90 92 94 95 93 88 84 83 80 79 79 79 79 79 79 79 79 80 82 82 82 83 84 86 88 91 94 94 91 87 85 86 88 86 84 82 81 82 84 85 89 91 90 90 90 91 93 96 98 100 100 100 99 98 100 103 105
93 91 91 94 96 96 94 90 87 85 84 83 83 83 83 87 92 95 95 95 94 94 96 99 102 103 102 99 96 93 91 92 96 98 99 100 98 95 93 94 95 97 96 92 88 88 87 83 80 79 79 79 79 79 79 79 80 81 82 82 83 84 86 88 91 92 92 90 85 83 84 84 82 81 81 83 86 88 88 89 92 94 95 95 96 97 98 97 98 100 98 97 98 101 104 106
91 90 89 91 94 94 91 88 85 84 83 83 83 83 85 91 95 98 99 99 98 98 98 99 101 102 100 98 96 93 91 92 96 99 101 101 99 96 94 96 98 98 95 91 90 91 89 86 85 85 84 82 80 78 78 79 80 81 81 81 82 84 85 87 90 91 91 89 85 83 82 81 80 81 84 88 90 92 93 93 94 95 96 96 95 96 96 96 97 97 95 96 99 102 105 106
94 92 90 88 90 91 89 86 85 84 84 84 85 85 86 90 95 98 100 101 101 101 100 100 101 102 100 97 95 92 91 94 97 99 102 102 100 97 97 98 100 99 95 92 94 94 90 88 89 92 92 88 82 78 78 78 79 80 81 81 82 82 84 86 89 90 90 87 83 82 81 80 80 84 89 91 93 95 95 95 95 95 94 92 90 89 89 89 93 94 94 96 100 102 104 105
97 95 92 89 88 88 86 85 85 84 84 86 89 90 89 89 92 97 100 101 102 102 102 102 102 102 100 97 94 92 92 95 97 100 102 103 101 99 98 100 102 99 95 95 97 96 92 90 92 95 95 91 84 79 78 78 79 80 80 81 81 82 83 85 88 88 88 85 82 81 81 80 83 87 90 92 93 93 93 93 93 92 91 90 88 88 88 88 89 89 92 96 99 101 102 103
99 97 95 91 87 85 85 84 84 84 87 90 93 94 93 92 91 93 97 99 102 103 103 103 103 101 98 95 93 92 93 95 98 100 102 103 103 101 100 101 100 96 94 97 99 98 94 92 94 97 97 92 85 80 79 78 79 79 80 80 81 81 82 84 85 84 83 82 80 80 80 81 84 87 88 88 88 88 88 88 87 87 86 87 87 88 88 88 88 88 89 93 97 99 100 100
98 96 94 91 87 85 84 84 84 86 89 91 94 97 97 96 95 94 95 97 100 103 104 104 102 99 97 95 95 96 97 97 99 100 102 104 104 103 102 101 98 97 97 100 101 99 97 96 98 100 98 93 85 81 80 79 79 79 80 80 81 81 81 82 82 81 81 80 80 80 80 81 81 82 82 83 84 85 85 85 86 86 86 87 87 88 88 89 88 88 88 92 97 99 99 97
96 94 91 88 86 85 84 84 86 90 93 94 95 97 99 99 98 97 96 97 99 102 104 104 102 99 97 97 98 99 100 100 101 102 103 104 104 103 103 101 100 99 100 102 103 101 99 99 99 97 94 90 85 82 81 80 79 79 79 80 80 81 81 81 81 81 81 80 80 82 83 83 83 83 84 84 86 87 87 88 89 90 90 88 88 91 95 94 91 88 88 91 96 98 97 96
94 92 89 86 85 85 84 86 89 92 95 97 97 98 100 101 101 99 97 96 98 101 103 104 102 100 98 99 101 102 103 103 103 103 103 104 103 103 103 103 103 102 102 103 103 100 98 97 96 93 90 87 85 83 83 82 79 79 79 80 80 80 81 81 81 81 81 81 81 83 85 86 86 87 87 87 88 90 91 91 92 93 93 90 89 93 97 97 93 90 88 89 91 94 94 95
92 90 88 86 85 85 86 87 89 93 96 98 99 100 101 103 103 102 100 99 99 101 103 104 103 102 102 102 103 103 103 104 104 104 104 103 102 102 102 103 103 103 103 103 101 98 95 94 94 93 91 89 86 86 86 83 79 79 79 80 80 80 80 81 81 81 81 82 82 83 86 88 89 90 90 90 92 94 95 95 96 97 97 94 92 93 97 98 95 91 90 90 91 91 92 93
90 89 88 86 85 87 88 88 89 91 95 98 99 101 103 104 105 104 103 102 102 103 103 104 103 104 104 104 103 102 102 102 102 102 102 101 100 100 102 103 104 104 102 101 99 97 97 97 97 97 95 91 89 92 91 85 80 79 79 79 80 80 80 80 81 81 82 84 84 84 85 88 90 92 93 93 95 97 98 98 100 101 100 98 96 95 97 99 96 93 92 91 93 95 96 97
88 88 87 85 85 88 91 92 91 91 92 94 97 99 101 103 104 105 104 103 103 104 104 104 104 104 105 104 102 101 100 100 100 100 100 99 99 99 101 103 104 103 102 101 100 100 101 100 100 99 96 94 95 96 93 86 80 79 79 79 79 79 80 80 81 81 82 84 85 86 85 85 88 90 92 93 94 95 96 98 99 100 101 101 99 99 100 100 98 95 96 93 93 96 100 101
87 87 86 85 87 91 94 96 95 94 94 94 94 96 99 100 102 103 104 104 104 104 105 104 104 104 104 103 102 100 99 98 98 99 98 98 98 99 101 103 104 103 103 103 103 102 102 101 101 100 98 98 99 98 93 86 80 79 79 79 79 79 79 79 81 81 82 83 85 87 87 87 87 87 89 90 91 93 94 95 96 98 100 100 100 101 102 102 100 99 99 97 94 95 99 104
87 87 87 88 89 93 96 99 98 97 97 96 95 96 97 99 101 103 104 104 104 104 104 104 104 103 103 102 101 100 98 97 97 98 98 97 97 99 102 104 104 104 104 104 103 102 100 99 100 100 100 101 101 99 93 86 80 79 79 79 79 79 79 80 81 82 82 82 84 86 88 90 90 90 90 90 91 92 93 94 94 96 97 98 100 101 102 102 102 103 102 100 95 94 98 104
88 89 89 89 91 95 98 101 101 100 100 99 98 97 98 99 101 103 104 103 103 103 103 103 102 101 101 100 100 99 97 97 97 97 96 96 97 99 102 103 103 104 104 104 104 102 100 97 97 98 100 102 102 98 92 86 80 79 79 79 79 79 79 80 81 82 82 82 82 84 86 89 91 92 93 93 94 95 96 96 96 96 97 97 99 100 101 102 103 103 103 102 99 95 97 103
92 93 93 91 93 97 100 102 103 103 103 101 100 100 100 101 103 105 104 103 102 101 100 100 100 99 98 97 97 97 96 95 95 95 95 95 96 98 100 101 102 102 103 104 104 103 101 98 94 94 98 100 100 96 90 84 80 79 79 79 79 79 80 81 81 81 82 83 85 85 86 87 89 92 94 95 96 97 97 97 98 99 99 98 98 98 99 100 101 102 103 103 102 99 97 100
95 95 96 95 94 95 98 101 103 104 104 104 103 103 103 102 104 106 105 104 103 102 100 100 99 98 97 97 96 95 94 94 94 94 94 94 96 97 98 99 100 101 103 104 104 103 101 99 94 92 96 98 97 93 88 83 79 79 79 79 79 79 80 81 81 82 83 85 86 87 89 90 92 94 95 95 96 97 97 97 97 98 99 98 97 97 98 100 101 102 103 104 104 102 99 99
97 96 98 98 97 95 96 99 102 103 105 105 105 105 105 104 105 106 105 105 104 102 101 100 100 99 98 97 96 95 94 94 94 94 94 94 95 96 97 98 99 101 102 102 103 103 102 99 95 91 92 95 94 90 85 81 79 78 78 79 79 79 80 81 81 82 84 85 86 88 89 91 93 94 94 95 95 95 95 95 96 97 97 97 96 97 99 100 101 102 103 104 105 105 103 101
100 99 99 100 100 99 98 98 99 101 103 105 107 108 108 107 107 107 106 106 106 104 103 102 101 100 100 99 97 96 96 95 94 93 93 93 94 94 95 96 97 99 100 101 101 102 102 99 96 91 89 89 89 85 82 80 78 78 78 79 79 79 80 81 82 83 84 85 86 87 89 91 92 92 92 92 92 91 92 93 94 95 95 94 94 96 98 98 99 100 101 103 104 105 106 105
100 100 101 102 103 103 101 101 101 102 103 105 107 108 108 107 107 107 107 106 105 104 103 102 102 102 101 99 98 98 98 97 95 93 93 92 92 92 93 94 96 97 98 99 100 101 101 100 98 95 90 86 85 84 82 80 79 78 78 79 79 80 80 81 82 83 84 84 85 87 88 88 89 88 87 87 87 87 87 87 88 90 90 91 92 93 94 94 94 95 97 98 100 102 105 107
100 102 103 104 105 105 104 103 103 105 106 106 106 107 107 107 107 106 106 106 105 103 103 103 103 102 101 100 99 99 99 98 96 95 95 94 92 91 91 92 93 95 96 98 99 101 101 101 100 98 94 90 87 87 85 81 79 79 79 79 79 80 80 81 82 83 83 84 85 86 85 85 84 83 84 84 84 86 87 88 88 88 88 89 90 91 93 94 95 97 97 98 98 99 102 105
102 104 105 105 106 106 106 105 105 107 108 107 106 106 106 106 106 106 105 105 104 103 102 102 102 102 102 101 100 100 100 98 97 98 98 96 94 92 91 91 92 93 94 96 98 99 100 101 100 98 95 92 90 89 87 83 80 79 79 79 79 80 80 81 82 83 83 84 85 84 82 81 82 83 84 85 87 89 91 92 92 91 91 91 90 92 95 97 100 102 103 103 102 101 101 102
103 105 105 106 107 107 106 105 106 107 107 106 106 106 106 106 106 105 104 104 103 103 102 102 101 101 101 101 101 101 100 99 99 99 99 98 96 95 93 91 91 91 92 95 97 98 99 100 100 99 95 91 88 88 87 83 80 79 79 79 79 79 80 81 82 82 82 82 82 81 81 82 84 86 87 88 90 92 94 95 96 95 95 94 93 92 93 94 97 101 103 105 106 105 104 102
105 106 107 107 107 107 107 106 106 105 105 104 103 104 105 106 105 104 103 103 102 101 101 100 100 100 100 100 100 101 101 100 100 101 101 100 99 97 95 93 91 90 90 92 94 96 97 98 99 99 96 93 88 86 86 83 80 79 79 79 79 79 79 80 81 80 79 79 80 81 82 85 87 88 90 92 93 95 96 98 99 100 100 100 99 98 98 97 97 98 100 103 106 107 107 105
106 106 107 107 107 107 106 106 105 104 103 102 102 103 105 106 105 104 103 102 101 100 100 99 98 98 97 97 98 100 101 101 101 101 101 101 100 98 96 94 91 90 89 88 90 92 95 97 98 98 97 94 89 85 84 83 81 79 79 78 78 79 79 79 79 78 78 79 79 81 82 84 85 87 89 90 92 94 95 97 99 101 101 102 102 102 103 103 103 102 101 101 104 107 109 108
107 107 107 106 106 106 105 104 104 103 102 102 102 103 105 106 105 104 103 103 102 102 101 100 99 98 97 97 97 97 98 99 101 102 101 101 100 99 97 95 94 93 91 89 88 88 91 93 95 97 97 94 90 87 84 82 81 79 79 78 78 79 79 78 78 78 78 80 82 82 81 81 82 83 85 86 88 90 91 95 98 100 101 101 101 102 104 105 106 106 105 105 105 107 109 110
107 107 106 106 105 105 104 103 103 102 101 101 102 103 105 105 104 103 103 103 103 103 102 101 100 99 98 97 96 96 96 98 100 101 101 101 100 99 97 96 95 95 93 90 88 88 88 90 93 96 96 94 93 90 87 83 80 80 79 78 78 78 78 78 78 79 80 81 82 82 82 81 81 83 84 84 85 87 90 94 97 98 99 98 99 101 104 105 107 108 108 107 107 108 109 110
106 106 105 105 105 104 103 102 101 100 100 100 102 103 104 104 104 103 102 103 104 103 103 102 101 100 98 97 96 96 95 95 97 99 100 100 100 99 98 97 97 97 95 93 91 88 87 88 90 93 95 95 95 94 91 85 81 80 79 79 78 78 78 78 78 81 83 83 83 84 85 85 85 87 88 88 88 87 88 91 94 95 95 96 99 102 104 106 108 109 109 108 108 109 109 110
105 104 104 103 103 103 103 101 100 100 100 101 103 103 104 103 103 102 101 102 104 104 103 102 101 100 99 99 99 98 96 94 96 98 98 98 99 99 98 98 98 98 97 96 94 90 87 87 88 91 94 95 96 96 93 87 81 80 79 79 78 78 78 78 80 82 84 85 85 85 86 87 89 90 92 93 92 91 89 89 91 93 95 98 101 103 105 107 108 109 109 109 109 110 110 110
103 104 103 103 103 103 102 101 99 99 100 101 103 104 103 102 101 100 100 101 103 104 103 102 101 100 99 100 102 101 97 94 95 96 97 97 98 99 99 99 99 99 98 97 95 91 88 86 86 89 93 94 96 96 93 87 81 79 79 79 79 78 78 79 81 82 82 83 84 86 87 88 90 92 94 95 96 96 94 92 91 94 96 99 101 103 106 107 109 109 109 109 110 110 110 110
101 102 101 101 101 102 101 100 98 98 100 101 103 103 102 100 99 98 99 101 103 104 103 102 101 100 101 102 103 102 99 95 94 94 95 96 98 98 99 99 100 100 98 97 95 92 88 85 85 88 91 93 95 95 92 85 80 78 78 78 78 78 79 79 80 81 81 81 83 85 87 89 91 93 94 95 97 98 97 96 95 94 95 97 99 101 104 106 107 108 109 109 109 109 110 110
99 100 100 100 100 101 100 99 97 97 99 101 103 102 101 99 97 96 98 101 103 104 103 102 102 101 101 102 102 101 99 97 94 93 93 94 97 98 98 99 99 99 98 97 96 93 89 86 85 86 89 92 94 94 90 84 79 78 77 77 77 77 78 79 79 79 80 82 84 85 87 89 91 92 94 95 97 98 100 100 98 98 98 100 101 103 104 105 106 107 107 108 108 108 108 109
97 98 99 99 100 101 100 98 97 97 99 101 102 101 100 98 96 96 98 101 103 103 103 102 101 101 101 101 101 101 100 99 96 93 92 92 94 97 98 98 99 99 98 98 96 94 91 88 85 84 87 90 93 93 87 81 78 77 76 76 76 76 77 78 78 79 80 83 84 86 88 90 91 93 95 96 97 99 100 101 101 101 102 102 103 104 105 105 106 107 106 106 106 106 106 106
95 96 97 98 99 100 99 97 96 97 99 101 100 99 98 97 95 96 99 101 103 102 102 101 100 100 100 100 100 100 100 99 98 96 94 92 92 94 96 97 97 98 97 97 96 94 92 90 87 84 85 88 91 90 85 80 77 76 76 76 76 76 77 78 78 79 81 83 84 86 88 90 92 94 96 97 98 99 100 101 103 103 103 103 104 104 105 105 105 104 104 105 106 105 104 103
94 94 96 97 99 99 98 96 94 95 99 100 99 98 96 94 94 96 99 101 102 101 101 101 100 100 100 100 99 97 97 98 99 98 97 94 91 92 93 95 96 97 97 96 95 94 93 91 88 85 83 86 89 88 82 79 77 76 76 76 76 77 77 78 79 80 81 83 85 86 88 91 93 94 95 96 96 98 100 101 102 103 104 104 104 104 104 103 101 101 103 105 106 105 102 101
94 93 95 97 98 98 97 95 94 96 99 100 99 97 95 94 95 98 100 101 101 100 100 100 100 99 99 99 98 97 97 97 97 98 97 95 91 90 91 93 95 96 96 95 94 93 92 91 89 85 82 84 87 86 82 79 77 76 76 76 76 77 78 79 80 81 82 84 85 87 89 91 92 93 93 94 96 98 99 100 101 102 103 104 103 103 102 101 100 101 103 105 105 104 102 100
94 93 95 97 98 97 96 94 93 96 98 99 98 96 94 93 96 98 100 101 101 100 99 99 99 99 99 99 98 97 97 95 94 95 96 96 94 91 90 91 93 94 95 94 93 91 91 91 89 85 82 82 84 85 83 81 78 76 75 76 76 77 78 79 81 82 83 85 86 87 88 89 89 90 91 93 95 98 99 99 99 101 102 103 102 101 99 99 99 101 103 104 105 103 101 98
92 92 94 96 97 97 95 92 92 96 98 98 97 94 92 93 95 97 99 100 101 99 97 97 97 98 98 98 98 97 97 95 94 93 93 94 94 93 90 89 90 92 93 92 91 90 91 91 90 87 83 81 82 83 83 82 78 75 75 75 76 77 78 80 81 82 83 84 85 86 86 86 87 89 91 93 95 97 96 96 98 100 102 102 101 99 97 97 99 101 103 104 103 102 99 97
92 91 93 95 97 96 94 92 93 96 97 96 95 92 92 93 95 97 99 100 101 100 97 96 96 97 97 97 97 98 97 96 94 93 91 92 94 94 91 88 88 90 91 91 89 88 89 90 90 89 85 82 81 82 84 82 78 75 75 75 76 77 78 80 81 82 82 83 84 84 84 85 87 89 92 94 96 96 95 95 97 100 101 101 100 98 97 98 100 101 102 103 102 100 97 94
92 91 92 94 96 96 93 91 93 96 97 95 93 91 91 93 95 98 100 101 101 100 98 96 95 97 97 97 97 97 97 96 95 93 91 92 94 94 93 89 87 89 90 90 89 88 88 89 90 89 86 83 80 80 81 81 78 76 75 76 77 77 78 80 81 82 82 82 82 83 84 85 88 90 93 95 96 95 94 95 97 99 100 100 99 97 97 98 100 101 101 102 101 99 96 94
91 90 91 94 95 94 92 90 92 95 95 92 90 90 92 94 96 97 99 99 100 99 98 96 94 96 97 96 96 97 97 96 95 93 91 91 92 93 93 90 88 88 88 88 88 87 87 88 88 89 87 85 81 79 78 77 76 76 76 76 77 78 79 80 81 82 82 82 82 83 85 86 88 91 93 95 95 93 92 94 97 98 99 99 98 96 95 97 99 99 100 101 100 98 95 92
91 89 90 93 94 93 90 89 91 93 91 89 90 92 95 97 97 97 97 98 99 99 98 96 94 95 96 95 95 95 96 96 95 94 92 90 91 92 92 90 88 88 88 88 88 87 87 86 85 87 88 88 85 81 79 77 75 75 75 76 77 78 79 80 81 81 81 81 82 84 85 86 88 90 92 94 94 92 92 94 95 96 97 97 96 94 94 96 98 99 100 101 99 97 94 92
90 88 89 91 92 91 88 88 91 91 88 89 92 94 96 97 97 95 96 98 99 99 98 96 94 93 94 95 94 94 95 96 95 94 92 90 89 90 91 90 88 87 86 87 88 87 87 86 85 85 85 86 86 84 82 81 78 75 75 75 76 77 78 79 79 79 80 81 82 83 84 86 88 90 92 93 92 91 91 92 94 95 96 95 94 94 95 96 98 99 98 98 99 98 97 93
88 88 88 90 91 90 88 88 90 88 88 91 94 96 97 97 95 94 95 97 98 98 98 96 93 92 93 94 94 94 94 95 95 94 93 91 88 88 89 90 89 86 85 87 88 88 87 86 86 85 85 84 83 84 83 83 81 77 75 75 75 76 77 78 78 79 80 81 82 83 85 87 88 90 91 90 90 90 90 92 94 94 94 94 93 93 95 97 98 98 95 96 98 99 97 93
87 87 87 88 89 88 87 88 88 87 89 92 94 95 96 96 94 93 95 97 98 98 98 96 94 92 92 93 94 94 94 94 95 94 94 92 89 88 88 88 89 87 85 86 88 88 87 87 87 86 85 84 83 82 82 82 82 80 76 75 75 75 76 77 78 79 80 81 83 84 86 88 89 90 90 89 88 89 90 92 93 93 93 93 93 94 96 98 98 97 94 93 96 98 96 92
