geocache-va/0-1/elevation.txt
ncols         871
nrows         925
xllcorner     -77.8
yllcorner     38.25
cellsize      1.0E-5
NODATA_value  -9999
[rows 318 to 370 of 925, columns 0 to 95 of 871]
116 118 120 120 121 120 119 115 110 110 112 115 117 118 117 113 111 109 108 111 115 119 119 118 118 117 116 114 113 112 111 111 110 110 112 113 114 113 112 111 110 110 110 111 112 112 113 114 113 113 113 114 114 113 112 111 111 111 113 112 111 110 110 112 116 116 115 112 111 115 116 116 114 115 115 115 115 115 113 111 111 111 112 114 113 113 112 110 110 111 111 111 110 110 108 108
115 118 119 120 121 120 119 115 111 110 112 113 115 117 115 112 110 108 107 110 115 119 119 118 117 117 116 114 113 112 111 110 110 110 113 114 113 113 112 111 110 110 111 111 112 112 112 113 113 113 113 114 114 113 113 112 112 111 112 112 110 109 109 111 115 116 115 112 110 114 116 115 113 114 116 117 117 116 114 111 110 110 111 113 113 112 111 109 109 111 111 111 111 111 110 110
114 117 118 119 121 120 119 116 113 112 112 112 113 114 114 113 111 108 107 110 115 118 118 117 117 116 115 114 112 112 111 110 110 111 114 114 113 112 111 110 109 109 111 112 112 112 112 113 114 114 114 114 113 113 113 113 112 111 111 110 108 107 108 110 114 115 113 110 110 113 115 114 113 114 117 118 118 117 114 111 110 109 110 112 112 111 109 108 109 111 112 112 112 113 112 112
113 116 118 119 121 120 119 116 115 114 113 111 110 112 113 113 111 108 106 110 114 117 117 117 116 116 114 112 111 111 111 110 110 112 114 114 112 111 111 110 108 108 111 113 112 111 111 113 114 114 114 113 113 112 112 112 111 110 109 108 107 107 108 110 113 114 111 109 109 112 114 113 113 114 117 118 118 118 114 111 110 109 109 111 111 110 108 108 109 111 113 113 114 114 114 114
113 116 118 119 121 120 118 116 115 114 113 110 109 110 112 112 110 107 106 110 114 116 116 116 116 115 114 111 110 111 111 110 110 112 114 113 112 111 110 108 106 107 111 113 112 111 111 113 114 114 114 113 112 111 111 111 110 109 107 106 106 107 109 111 112 112 110 108 108 111 113 113 113 115 118 119 118 118 115 112 110 109 109 109 109 108 109 109 109 111 113 114 114 115 115 115
114 116 119 120 120 120 118 116 115 114 112 109 108 108 111 112 110 107 105 110 114 115 115 115 115 115 113 111 109 109 111 110 111 113 114 113 112 111 110 107 104 106 110 113 112 110 110 112 114 114 114 113 112 111 110 110 109 107 105 104 105 107 110 111 111 110 108 106 108 110 112 112 113 116 117 118 118 117 115 112 111 109 108 107 107 107 108 109 110 111 113 114 115 116 116 116
114 117 119 120 120 119 118 116 115 114 112 110 108 108 108 109 107 104 104 109 113 114 114 114 115 115 113 110 108 107 108 109 111 113 114 114 113 111 110 106 104 104 108 112 111 110 110 112 114 114 114 113 112 110 109 108 108 105 103 102 104 107 111 111 110 108 106 105 108 110 111 112 114 116 117 117 117 116 115 112 111 109 107 105 105 106 107 108 109 111 112 113 115 115 116 116
116 119 120 121 121 119 117 115 114 113 112 110 108 107 106 105 102 102 104 108 112 112 113 113 114 115 113 110 106 105 106 108 112 114 115 115 114 112 110 106 103 102 106 110 110 108 109 112 114 115 114 114 113 111 109 107 106 103 100 100 104 108 111 111 108 105 105 106 109 111 112 113 114 116 116 116 115 114 113 110 110 109 106 103 102 103 106 107 109 110 111 112 114 114 115 116
118 120 122 121 121 119 117 115 113 112 111 110 108 107 105 102 100 100 103 107 110 111 112 113 114 115 112 109 105 103 104 106 111 114 115 115 114 112 110 106 103 101 103 108 108 107 109 111 114 115 115 114 113 111 109 107 105 101 98 100 105 109 111 110 106 103 105 108 110 112 112 113 115 115 115 115 114 112 110 109 110 109 105 102 101 101 104 107 109 109 109 110 112 113 115 116
118 120 121 121 120 118 116 114 112 111 110 110 108 106 104 100 99 99 102 106 109 110 111 112 114 115 112 109 105 102 103 106 110 113 115 115 114 112 110 107 103 100 101 106 106 105 109 111 114 115 115 114 113 111 109 106 104 99 96 99 106 110 110 108 103 100 105 110 112 114 114 115 116 115 114 113 112 110 108 107 109 109 105 101 99 100 103 106 108 107 107 108 109 112 114 116
119 120 121 120 118 117 115 113 111 110 109 109 108 106 103 101 99 99 101 104 106 108 110 111 113 114 112 109 106 104 103 105 109 112 114 114 113 112 110 107 103 99 99 104 105 104 108 111 113 115 115 114 113 111 109 106 103 98 96 98 105 109 109 107 102 100 105 111 114 114 114 114 114 115 113 113 111 109 107 107 108 108 105 101 98 98 101 104 107 107 106 106 108 111 114 116
118 120 119 119 117 115 113 112 110 109 109 108 107 105 103 102 100 100 101 103 103 105 108 110 111 113 112 109 107 105 103 103 107 111 113 113 113 111 109 107 103 99 98 101 102 103 107 111 113 115 115 114 113 111 110 106 103 99 96 97 102 106 106 105 102 102 106 112 113 114 114 113 112 113 113 112 111 110 107 107 107 107 103 99 97 97 100 103 105 105 105 105 106 110 113 115
118 119 119 118 115 114 112 111 109 109 109 108 106 105 103 103 101 100 100 101 101 103 106 108 110 112 111 110 108 108 104 102 105 109 111 111 111 110 109 107 103 100 98 98 100 103 107 110 112 114 115 113 111 110 110 106 103 99 97 96 99 101 102 103 103 104 108 111 112 113 113 110 110 111 112 112 112 111 108 107 107 105 101 97 96 97 99 102 105 105 105 105 106 109 111 113
117 118 119 118 116 113 112 110 109 109 109 108 106 105 104 103 102 101 100 100 100 101 104 106 108 110 110 110 109 109 104 101 103 107 109 110 110 109 108 106 103 100 98 98 100 103 107 109 111 114 114 112 110 110 109 106 103 99 97 96 96 98 100 101 103 105 109 111 112 112 111 108 107 109 111 113 112 112 109 107 106 103 99 95 94 96 99 101 104 106 106 106 107 108 110 112
116 118 119 118 117 114 112 109 109 109 109 108 107 105 104 103 103 103 102 100 100 100 101 103 106 108 108 107 106 106 102 99 103 107 109 110 109 108 107 105 102 99 98 99 100 103 107 109 111 113 113 111 109 109 109 106 103 99 97 95 95 96 99 101 104 107 110 111 111 110 109 106 105 107 110 112 112 112 109 107 105 102 97 94 93 95 99 101 103 106 107 107 107 107 109 110
115 118 119 119 117 114 112 109 109 109 109 109 108 105 104 104 105 105 104 101 101 99 99 101 104 105 105 105 104 102 99 98 102 106 109 109 109 107 105 103 100 97 98 99 101 104 107 108 110 112 111 108 107 107 108 105 103 99 96 96 96 98 100 102 105 108 110 111 110 109 107 103 103 105 108 110 111 111 109 106 103 100 95 92 92 95 99 101 103 106 106 107 106 106 107 109
115 118 119 119 117 115 113 110 109 109 110 111 109 106 104 104 106 107 106 102 101 99 97 99 102 103 103 102 101 99 96 97 102 106 108 109 108 106 104 101 98 96 97 100 103 105 107 107 109 110 109 106 105 105 106 104 101 97 96 96 98 100 103 105 108 110 111 111 110 109 105 101 101 103 106 109 109 109 108 105 103 99 94 91 91 95 100 102 104 105 105 104 104 105 107 109
116 118 119 118 117 115 115 112 111 111 112 112 109 107 105 105 108 109 108 104 102 99 96 98 101 101 101 100 99 96 95 97 101 105 107 108 107 105 102 99 96 95 96 101 104 106 106 106 108 109 107 105 103 103 104 102 99 95 95 98 100 103 105 107 110 112 112 112 110 108 104 99 98 100 104 107 108 107 106 104 102 99 94 91 91 95 101 104 105 105 103 102 102 104 107 109
117 118 118 117 116 116 117 115 114 113 113 112 110 107 106 106 109 109 108 106 104 101 98 99 100 99 99 97 96 95 94 97 100 103 105 107 106 103 101 99 96 95 95 100 104 105 106 106 108 108 105 103 102 102 103 101 98 95 95 98 102 105 107 108 110 112 112 112 110 107 103 99 97 100 103 105 106 106 105 103 101 98 94 90 90 95 101 105 105 104 102 101 100 104 107 109
118 118 117 115 114 116 118 117 116 114 114 113 111 108 107 108 110 110 109 107 106 102 100 100 100 99 97 95 94 93 94 97 100 103 104 105 105 103 101 99 96 94 94 99 103 104 105 106 107 107 105 103 102 102 102 100 97 95 96 100 103 106 107 108 109 110 110 111 110 108 105 101 99 101 102 102 103 104 104 103 101 98 94 90 90 94 102 105 105 103 101 100 100 104 107 109
119 118 115 114 113 116 119 119 117 115 115 113 111 109 109 110 111 111 110 108 107 104 102 101 100 97 95 93 92 92 94 97 100 102 103 103 103 102 101 99 96 93 93 97 101 102 104 105 106 106 105 102 102 101 100 97 95 96 98 101 104 106 107 108 108 108 108 110 110 109 107 103 102 102 101 98 101 102 104 103 101 98 94 90 90 94 101 104 104 102 100 99 100 104 107 109
118 116 113 112 113 116 119 119 118 116 115 113 111 110 110 110 110 110 110 108 107 105 103 101 99 97 95 93 92 92 94 96 98 100 101 101 102 102 101 99 96 93 93 96 99 100 102 104 105 105 104 102 101 100 99 95 94 96 100 102 105 106 107 107 107 106 107 108 110 110 109 106 104 103 99 95 98 101 103 103 101 98 95 90 90 94 100 103 102 100 99 99 101 105 108 109
117 114 111 111 113 116 118 118 118 116 114 113 111 110 109 109 109 109 108 108 106 104 102 100 99 99 97 95 94 94 95 96 96 97 98 99 100 100 100 99 96 93 93 94 97 99 101 103 104 103 102 101 100 98 97 94 93 97 101 103 105 106 107 106 105 104 105 107 109 111 110 107 105 103 99 93 95 98 102 102 100 97 95 92 92 96 100 101 100 98 98 99 102 106 109 110
116 112 110 110 113 116 118 118 117 116 114 113 112 111 109 108 108 108 107 107 106 103 101 100 100 100 99 98 97 95 95 95 94 94 95 97 99 99 99 98 96 93 93 93 96 98 100 101 102 102 101 100 99 97 95 93 93 97 101 103 104 106 107 107 105 103 103 105 109 111 110 107 104 102 98 92 93 96 100 101 99 97 96 94 94 98 100 101 99 98 98 99 103 107 109 109
114 110 108 110 113 115 117 117 117 115 114 114 112 111 109 108 108 107 107 106 105 102 99 99 101 101 102 101 100 97 95 94 92 91 93 95 97 99 98 97 95 92 92 92 94 95 98 99 100 101 100 99 97 94 92 92 94 99 102 103 103 105 108 107 105 103 100 102 108 111 111 107 104 101 98 91 91 92 97 99 97 95 97 97 97 100 102 102 99 98 99 101 104 107 108 108
112 109 107 109 113 115 115 115 115 115 115 114 112 111 110 108 108 107 106 105 104 103 101 100 102 103 104 103 102 98 96 94 91 90 92 95 97 98 97 96 94 92 91 91 93 94 96 97 98 99 98 97 94 92 89 91 95 101 102 102 102 104 108 108 105 101 98 100 107 111 111 107 102 99 97 92 89 89 94 96 94 93 97 100 101 103 104 102 100 99 100 102 105 107 108 107
110 107 106 108 112 114 114 113 113 114 115 114 112 111 110 109 109 108 107 106 105 105 104 103 105 104 105 104 102 99 96 94 91 90 93 96 98 97 97 95 93 92 91 90 91 92 94 95 97 97 97 95 92 90 88 91 96 100 102 101 101 104 108 108 104 100 96 98 106 110 110 107 101 99 97 92 88 88 92 94 92 92 97 102 103 105 105 103 101 100 102 104 106 107 107 107
108 105 106 108 111 113 112 111 111 113 115 114 112 111 111 111 111 110 108 107 107 107 107 107 107 106 105 104 102 99 96 94 91 91 94 98 100 98 96 95 93 91 90 89 90 91 93 94 95 96 95 93 91 88 88 91 95 99 101 101 101 104 107 106 103 99 96 98 105 109 109 106 102 99 97 93 89 88 90 92 91 92 98 103 105 106 106 104 102 101 103 105 107 107 106 105
106 105 106 108 111 112 110 109 110 112 114 114 112 111 111 111 112 112 109 107 107 108 110 110 110 108 106 104 102 100 97 94 92 92 96 100 101 99 97 95 92 91 90 89 90 90 92 93 93 94 93 90 89 88 88 91 94 97 99 100 100 103 105 104 102 97 95 97 103 108 108 105 102 100 98 94 90 88 89 91 91 93 98 103 104 107 107 106 105 105 106 106 107 106 103 102
105 106 107 108 110 111 108 107 107 110 112 114 112 112 112 112 113 113 111 108 108 110 112 112 111 109 106 104 102 100 98 95 94 95 98 102 103 99 98 95 93 92 91 89 90 90 90 91 91 91 91 88 87 87 87 90 93 95 97 98 99 103 103 102 99 96 93 96 102 106 107 105 102 101 99 95 90 87 87 89 91 94 98 102 104 107 108 108 108 108 108 108 108 104 101 99
105 107 109 109 110 109 107 105 104 108 112 113 112 112 113 114 114 113 112 109 110 111 111 110 110 108 106 103 101 101 99 98 97 98 100 103 103 100 98 97 95 94 92 90 90 90 89 89 88 88 89 87 85 85 86 89 91 93 95 96 98 101 101 100 97 93 92 95 101 105 106 104 102 101 98 94 89 87 87 89 92 95 99 101 104 107 109 110 110 110 109 108 107 103 99 97
106 109 111 111 110 109 106 103 102 107 111 113 113 113 114 115 115 114 112 111 110 110 109 108 108 106 104 102 102 101 101 100 99 100 102 103 102 100 99 98 97 96 94 92 90 90 89 88 86 85 87 86 85 84 84 87 89 92 93 94 96 99 99 98 95 92 92 95 101 105 105 103 101 99 97 93 88 86 88 91 94 96 99 101 103 106 108 109 110 110 109 108 106 102 97 96
106 110 111 111 110 109 106 102 101 106 109 113 114 114 115 116 115 114 113 112 110 109 108 107 107 105 103 101 101 101 101 101 102 103 103 103 102 100 100 99 99 98 96 94 92 90 89 87 84 83 86 86 85 83 82 86 88 91 92 93 95 96 97 96 93 91 92 96 101 104 104 103 100 98 95 91 86 85 88 93 96 97 99 100 102 105 107 109 109 109 109 108 106 102 97 97
107 110 111 111 110 108 105 101 100 105 108 111 113 113 114 115 115 114 114 113 111 109 107 106 105 104 102 101 101 101 102 103 103 104 104 103 102 100 100 100 99 99 97 95 92 90 90 87 84 84 87 87 86 83 82 85 87 89 90 91 92 94 95 94 91 89 91 96 100 104 104 101 99 96 92 87 84 84 89 95 98 98 99 100 101 103 106 107 108 108 108 106 104 101 98 96
108 110 110 110 109 107 104 101 100 104 107 110 112 112 113 115 115 115 115 114 112 110 108 107 106 105 103 102 102 102 103 103 102 103 103 102 101 100 99 99 99 98 97 94 91 90 90 88 87 87 90 90 87 85 83 85 87 87 88 89 90 92 93 92 89 88 91 95 99 102 103 100 97 95 91 86 83 84 90 97 99 99 99 100 101 103 105 106 107 107 106 105 103 100 98 96
109 109 109 109 108 106 103 101 100 102 105 109 110 110 112 114 115 115 116 116 114 111 109 107 107 106 105 104 104 103 103 103 101 101 101 100 100 99 99 98 97 96 94 92 90 89 90 90 90 91 93 93 90 88 86 86 87 86 86 86 88 91 92 91 89 87 90 94 98 100 102 100 97 94 90 86 82 84 90 96 99 100 100 101 102 104 105 106 105 105 105 103 101 99 97 95
109 108 108 108 106 104 102 101 101 102 104 108 109 109 111 113 114 116 116 116 115 113 110 108 107 107 106 106 105 103 103 102 99 99 99 99 98 98 98 97 95 94 92 89 88 88 90 92 94 95 97 95 93 90 89 88 87 85 84 84 87 90 92 91 87 86 89 93 96 98 100 99 96 94 91 86 82 84 90 96 98 100 101 102 103 104 106 105 105 104 103 102 100 97 96 95
109 107 106 106 104 101 100 100 101 102 104 107 108 108 110 112 114 116 117 116 115 113 110 108 107 107 107 106 105 103 102 101 100 98 99 99 98 98 98 97 94 92 90 88 86 88 91 94 96 98 99 98 96 92 91 90 88 85 82 83 85 88 91 91 88 86 88 92 94 97 99 99 96 94 91 86 83 84 90 95 98 100 102 104 105 106 106 105 104 103 102 101 99 95 95 95
108 107 105 104 100 98 99 99 100 102 104 106 108 108 110 112 114 116 117 116 115 113 110 108 107 106 106 105 104 102 101 101 101 100 99 99 99 99 99 98 95 92 89 86 86 88 91 95 98 100 101 100 97 94 93 91 89 85 82 82 83 87 89 88 87 86 88 91 93 95 97 98 96 93 90 85 82 84 90 95 98 100 102 105 106 106 105 104 103 103 102 100 98 95 94 94
107 106 104 102 98 96 97 99 100 102 104 106 108 108 110 112 115 116 117 115 113 112 110 108 107 106 105 104 102 100 99 102 103 102 100 99 99 100 101 99 96 93 89 86 86 89 93 97 100 102 103 101 99 96 94 92 90 87 83 82 82 84 85 85 85 86 88 90 92 94 96 96 94 91 88 84 82 85 91 95 98 100 101 104 105 105 104 103 101 101 101 99 97 94 93 93
106 104 103 100 96 95 97 100 101 103 104 106 108 109 110 112 114 116 115 115 113 111 110 108 107 105 105 103 100 98 99 102 104 104 101 99 99 102 102 100 96 93 89 86 86 90 95 98 101 103 104 101 100 97 94 92 91 88 85 82 82 82 81 81 83 86 88 90 91 93 94 94 92 90 87 83 82 85 91 94 98 99 100 102 103 103 102 100 98 98 99 98 97 94 92 92
105 103 100 98 95 95 98 100 102 104 105 107 108 109 110 112 114 116 115 114 112 111 110 109 107 105 104 103 100 98 99 102 105 105 102 99 99 103 103 100 96 93 90 86 87 92 96 99 101 104 104 101 100 97 94 92 91 89 85 83 81 80 78 80 82 86 87 89 90 92 93 93 91 88 85 82 82 86 91 93 97 98 99 101 101 101 100 98 96 96 98 98 95 93 91 90
103 100 97 95 96 96 98 101 104 106 107 108 108 109 110 112 114 115 115 113 113 111 110 109 107 105 105 104 101 99 101 104 106 106 104 100 100 103 103 100 97 94 91 88 90 94 98 100 102 104 104 101 100 97 93 92 91 89 85 83 81 79 77 78 81 85 86 87 89 91 91 91 89 87 84 81 81 85 90 92 95 97 98 99 98 98 97 95 94 94 95 95 93 91 89 88
101 97 93 93 96 98 100 102 106 108 109 109 109 109 110 112 114 115 114 114 113 111 110 109 107 106 106 105 103 102 103 106 108 107 105 102 102 103 102 100 97 94 91 90 92 95 99 101 103 103 103 101 99 96 93 91 91 87 84 84 83 81 77 78 81 83 84 85 86 88 89 90 88 87 85 82 81 84 88 90 93 95 96 96 96 96 95 93 92 91 92 92 90 88 86 85
98 95 92 92 97 99 100 104 106 108 110 109 109 109 110 112 114 115 114 114 113 111 111 110 107 107 107 107 105 104 105 107 109 107 106 104 103 103 102 100 98 95 92 92 94 97 101 103 104 103 102 100 98 95 92 90 89 85 83 85 85 83 79 78 81 82 83 83 84 86 87 88 88 87 86 83 82 82 86 89 91 93 94 94 95 94 94 92 90 89 90 90 88 85 83 83
96 94 93 93 97 99 101 104 106 108 109 109 108 109 110 112 114 114 114 113 112 112 112 111 108 107 107 108 106 105 107 109 109 107 106 104 104 103 101 100 98 96 94 95 96 98 102 103 103 103 102 100 98 94 91 89 88 84 83 86 87 85 81 79 81 82 82 82 83 84 86 86 87 87 86 83 81 81 85 88 90 91 92 93 94 93 92 91 89 88 87 87 85 82 80 82
93 93 93 94 97 100 102 104 106 107 107 106 107 108 110 112 113 113 113 112 112 112 112 112 110 109 109 110 108 107 108 108 108 106 104 104 103 101 100 99 98 97 97 98 99 100 103 103 102 102 101 100 97 94 90 88 87 85 85 88 90 88 84 82 82 82 82 82 82 83 84 85 85 86 85 82 80 80 83 86 87 89 90 92 92 92 91 89 88 86 85 85 83 79 78 81
91 94 95 96 98 101 102 105 105 105 105 104 105 108 110 111 112 113 112 112 111 111 113 113 112 111 111 111 110 108 109 108 107 105 104 103 102 100 99 98 99 99 100 102 102 102 102 102 100 101 101 99 96 93 89 87 87 87 87 91 94 92 89 87 86 84 82 81 81 81 82 83 84 85 83 80 78 78 81 83 85 86 88 89 90 90 89 88 85 83 82 82 82 78 78 82
90 94 96 97 99 100 101 103 104 104 103 102 105 108 110 111 111 111 111 111 111 111 113 114 114 113 113 113 111 110 109 107 106 104 102 102 101 99 98 97 100 101 102 104 105 104 102 100 98 99 101 98 95 92 88 87 87 89 91 95 98 97 94 92 90 86 83 80 80 80 81 82 83 83 81 78 76 76 78 81 83 84 86 87 88 88 87 86 83 80 79 80 81 80 81 85
92 95 97 97 98 98 99 101 103 103 102 102 106 108 110 110 110 110 110 110 111 111 113 114 115 115 114 113 111 110 109 108 105 104 103 102 101 98 97 97 100 102 104 106 107 105 102 100 98 99 100 97 94 91 89 87 88 92 95 97 100 100 98 97 94 89 85 80 79 79 80 82 83 82 80 78 75 75 77 79 81 82 84 86 86 86 86 84 81 78 76 78 81 82 84 87
94 97 97 97 97 96 97 99 102 102 102 103 106 108 109 109 109 108 107 108 110 111 114 115 116 115 114 112 111 111 110 108 106 105 104 103 101 98 97 98 102 104 106 108 108 106 103 101 98 99 99 96 93 91 90 89 90 95 97 99 101 101 100 99 96 91 86 81 79 79 80 82 83 84 82 79 77 76 77 79 80 80 82 84 85 85 83 81 79 75 74 77 81 83 86 88
97 98 97 96 95 94 95 97 100 101 102 104 106 108 108 108 107 106 104 106 110 111 114 116 116 115 114 112 112 111 110 109 107 107 105 104 101 98 98 99 103 105 107 109 109 106 104 102 100 99 97 94 92 92 92 93 95 98 99 100 100 100 99 99 97 92 87 83 80 80 82 84 86 87 85 83 81 79 78 79 79 79 80 82 83 83 81 79 76 74 74 76 80 84 87 88
98 98 97 96 93 92 93 96 99 100 101 103 105 107 107 107 106 104 103 106 110 112 114 116 116 115 113 111 111 111 110 109 108 108 106 104 101 98 98 101 105 106 108 109 109 106 104 102 101 99 96 92 91 92 95 97 99 101 101 101 99 98 98 99 96 93 88 84 81 82 84 87 89 91 91 89 85 82 80 79 78 77 78 81 83 81 79 76 74 73 74 76 80 83 86 87
