geocache-va/0-1/elevation.txt
ncols         871
nrows         925
xllcorner     -77.8
yllcorner     38.25
cellsize      1.0E-5
NODATA_value  -9999
[rows 848 to 900 of 925, columns 480 to 575 of 871]
78 78 79 80 81 82 84 86 87 87 87 86 86 88 92 95 97 97 97 95 92 88 87 88 90 91 91 92 93 94 93 91 88 86 86 86 87 88 89 90 90 88 86 85 85 86 84 82 81 81 81 81 81 80 79 78 79 82 84 86 86 86 86 87 88 89 91 93 94 94 94 94 95 97 100 100 99 99 99 99 100 100 100 101 101 100 100 100 101 102 101 100 98 97 95 94
78 79 79 79 81 83 84 85 87 89 90 90 90 91 92 94 96 97 96 94 91 88 87 87 89 90 90 92 93 94 93 91 88 86 85 85 87 88 89 90 89 87 86 85 84 85 85 84 82 81 81 80 79 79 78 78 80 83 85 87 87 87 87 87 88 89 91 93 94 95 95 97 98 99 100 99 99 99 99 99 99 100 100 101 101 100 99 100 101 102 101 101 100 98 96 95
77 78 78 78 80 84 86 88 88 90 91 90 92 93 94 95 96 96 95 92 89 86 85 86 87 89 91 92 92 93 93 91 89 87 84 84 86 87 88 89 89 87 85 84 82 83 85 85 83 82 80 79 78 78 78 80 82 84 86 87 88 89 89 89 89 90 91 92 94 95 97 98 99 100 100 98 97 97 98 98 98 99 100 100 101 99 98 99 101 101 101 101 100 99 98 96
76 76 76 78 79 82 85 87 88 88 89 90 92 93 94 95 95 95 94 92 88 85 85 87 89 90 91 92 92 92 91 91 89 87 84 84 85 87 88 89 89 87 85 82 82 83 85 85 83 82 80 79 78 78 79 81 83 84 86 88 88 89 90 90 90 90 91 92 93 95 97 98 99 100 99 97 97 97 97 98 98 99 100 100 100 98 97 99 101 101 101 101 100 98 97 96
75 76 77 79 81 82 84 85 86 87 89 91 92 93 93 93 93 94 94 92 89 85 85 87 89 90 91 91 91 91 89 88 88 87 85 84 84 86 88 88 88 87 85 83 81 82 84 84 82 80 78 78 78 78 79 81 82 83 84 86 88 88 90 91 91 92 92 93 95 96 97 98 99 98 97 96 96 96 97 97 97 99 100 100 99 97 97 99 100 101 101 100 99 97 95 94
74 76 78 80 82 84 84 85 87 89 90 91 91 91 90 91 93 94 94 93 89 85 84 86 89 90 90 90 90 88 87 86 87 87 86 83 83 85 86 86 87 87 86 84 82 81 81 82 80 78 78 78 78 79 81 82 83 84 84 84 86 87 89 90 90 91 92 94 96 97 97 98 97 97 96 95 95 95 95 95 97 99 100 99 97 95 96 98 99 99 99 100 99 97 96 94
74 76 79 80 81 81 83 86 88 89 88 88 89 88 88 90 93 94 94 93 91 85 83 84 86 89 90 88 87 86 85 84 86 87 85 83 82 83 84 84 86 87 88 87 83 79 78 78 78 78 78 78 78 80 83 85 86 87 87 86 86 87 87 88 89 90 91 93 95 97 98 97 96 96 95 94 94 94 94 95 97 99 99 97 96 94 95 96 97 97 98 99 98 97 96 94
73 74 75 76 77 80 83 86 87 87 86 86 86 86 88 91 92 92 92 94 92 86 82 83 85 87 88 87 87 85 84 84 85 86 84 81 81 82 83 84 85 86 87 87 84 79 77 77 77 78 78 79 80 82 84 87 89 90 90 89 88 88 87 88 89 90 92 93 95 97 97 96 95 94 94 93 93 93 94 96 97 98 97 96 94 94 94 95 95 96 97 98 97 96 95 93
72 73 74 77 78 81 84 86 86 85 83 83 83 85 89 91 90 89 90 92 92 87 83 82 84 86 87 87 87 86 84 82 83 84 82 81 81 82 84 85 84 84 85 84 82 79 76 76 77 78 78 79 80 83 85 87 90 91 91 91 90 90 90 90 91 92 94 95 97 97 97 95 94 94 93 93 93 93 95 96 97 97 95 94 93 93 94 94 94 95 96 97 97 95 93 91
71 72 74 77 79 81 83 85 85 83 81 81 83 87 90 89 88 88 90 93 92 88 83 82 83 85 86 88 88 86 84 82 82 83 81 80 80 83 86 86 84 84 84 83 81 77 75 76 78 79 79 79 80 82 84 87 89 90 91 91 91 91 92 92 93 94 95 96 98 98 96 94 93 93 93 93 93 95 96 96 97 96 94 92 92 93 94 94 94 94 95 96 97 95 92 90
71 72 74 76 78 80 82 84 83 81 81 83 85 87 87 85 85 89 91 92 90 87 84 81 82 84 86 87 87 85 82 82 82 81 80 80 81 85 87 87 84 82 81 79 77 75 75 77 80 81 81 80 80 81 82 85 86 87 88 89 89 91 93 93 94 95 96 96 97 97 95 93 92 92 93 94 95 96 97 97 97 95 93 91 91 93 94 93 93 94 94 94 96 95 92 90
71 72 74 77 79 81 83 82 80 79 80 83 84 84 83 83 86 90 91 90 88 85 83 81 82 84 85 85 84 82 81 80 80 80 79 80 83 86 87 85 82 79 77 76 75 76 77 80 83 83 82 83 82 81 81 82 83 84 85 87 89 91 92 93 94 93 93 94 95 95 93 91 91 92 94 96 96 97 97 97 96 94 92 90 90 90 91 92 92 92 93 93 94 94 93 91
71 72 75 78 79 80 81 81 77 77 80 82 82 81 81 84 88 91 90 89 87 83 81 80 82 84 85 84 83 82 81 80 79 79 79 80 83 86 85 83 80 76 75 75 76 79 81 83 85 86 85 85 85 83 81 81 81 82 84 86 89 90 91 91 92 91 91 92 92 93 91 90 90 92 93 95 96 97 98 97 96 94 92 90 88 88 89 90 90 91 91 91 92 93 92 90
71 72 75 78 78 78 79 79 76 76 80 81 80 79 82 85 89 90 88 86 84 82 79 80 83 84 85 84 83 82 81 80 79 78 78 80 82 84 83 81 77 75 75 76 78 80 83 85 87 88 88 87 87 86 83 81 81 81 83 85 87 89 90 91 90 89 89 90 90 90 90 90 91 92 93 94 96 97 98 97 96 94 92 91 89 88 88 88 88 88 89 91 92 92 91 90
71 72 74 74 74 75 78 76 75 77 79 79 78 80 83 86 89 88 85 83 81 80 79 80 82 84 85 84 83 84 83 81 80 78 78 79 81 82 80 78 75 75 76 77 78 80 82 84 86 88 88 88 88 88 86 84 83 82 82 83 84 86 87 87 87 87 87 87 87 88 90 91 93 93 94 95 96 97 98 97 95 94 92 91 89 87 87 86 86 86 87 88 89 90 91 89
71 72 72 72 73 74 76 75 75 77 77 77 78 81 83 84 86 84 81 79 78 78 79 80 81 83 85 85 85 85 85 85 83 79 77 78 80 79 77 75 75 76 77 77 78 80 81 81 84 87 89 88 88 88 88 87 86 85 85 84 84 84 85 86 87 87 87 89 90 90 90 91 92 94 94 95 97 97 98 97 95 94 92 91 89 88 87 86 85 85 85 86 86 87 88 86
71 72 72 72 73 74 75 74 73 74 75 77 79 82 83 82 81 80 78 77 78 80 81 82 83 85 86 86 86 85 85 85 84 80 76 76 77 76 75 74 75 77 80 80 81 82 82 81 82 85 87 87 87 87 89 89 89 90 90 89 86 86 87 87 88 90 90 91 92 92 92 92 94 94 94 95 96 97 98 97 95 94 92 91 90 90 90 90 87 85 84 84 84 85 86 84
72 72 72 72 73 74 74 73 73 72 73 76 79 82 82 80 78 77 77 77 80 82 83 83 85 87 88 87 86 84 84 85 83 79 75 74 75 75 74 74 75 78 81 83 85 86 86 84 82 83 84 85 87 88 90 90 91 91 91 91 89 88 89 90 90 92 92 92 93 93 93 93 95 96 96 96 96 97 98 97 96 95 93 92 92 92 91 91 88 85 82 82 82 84 84 82
71 72 72 72 73 73 74 73 72 72 72 73 77 81 80 77 76 76 77 79 82 85 85 85 87 89 89 87 85 83 83 83 81 77 74 74 74 75 75 75 76 78 81 84 87 88 88 86 84 83 84 86 87 89 91 92 92 92 93 93 91 89 90 92 92 92 94 94 94 95 95 94 95 96 97 96 97 97 98 97 96 95 94 94 93 92 91 90 88 84 82 81 81 81 82 82
71 71 71 72 72 72 73 72 71 70 70 70 70 74 76 74 73 76 79 82 85 87 87 88 89 89 88 86 85 83 80 79 78 75 73 74 76 77 77 77 79 79 81 84 87 89 90 90 87 87 87 88 90 91 92 93 93 94 94 93 91 90 92 93 94 94 94 95 95 96 97 97 96 96 97 97 97 98 98 97 97 95 93 93 91 90 89 88 86 83 82 82 81 80 80 80
71 71 71 71 72 72 73 71 70 70 70 70 70 70 70 72 74 79 84 85 85 85 86 88 89 88 85 83 83 81 79 76 74 72 73 75 78 79 79 79 81 81 81 83 86 88 89 90 89 88 89 90 91 92 93 93 94 94 94 93 92 91 92 94 94 95 95 95 96 96 97 97 97 97 97 98 98 98 98 98 97 95 93 91 89 87 86 85 84 84 85 85 83 81 80 80
71 71 71 71 71 71 71 70 70 70 70 70 70 70 70 71 77 83 85 84 82 81 84 87 88 87 84 81 81 79 77 74 72 73 75 77 79 81 81 81 82 82 82 82 84 87 88 87 87 89 89 91 92 93 94 94 94 94 93 93 92 93 93 94 95 94 94 94 94 96 97 97 97 97 97 98 98 98 98 98 96 94 92 90 88 87 86 86 86 87 88 88 87 84 81 80
73 72 71 71 71 71 70 70 70 70 71 72 71 70 70 70 75 81 83 82 80 80 83 86 88 87 85 82 79 77 75 72 72 74 77 79 81 82 82 82 82 84 84 83 83 84 85 85 87 89 90 91 93 93 94 94 93 93 93 93 93 93 94 94 94 94 94 94 94 96 97 97 98 97 97 97 98 98 97 96 94 92 90 88 88 87 88 88 88 89 90 90 89 86 82 80
77 74 72 71 71 71 70 70 70 70 72 73 73 71 70 70 70 74 79 79 77 78 81 85 85 84 83 81 79 77 75 72 72 75 78 80 82 84 85 84 84 84 85 85 84 84 84 86 88 90 90 91 92 92 92 91 91 91 92 92 92 94 94 94 93 92 92 93 95 96 97 97 97 97 97 97 97 97 97 95 93 91 90 89 88 89 90 90 90 90 91 91 90 88 85 81
75 72 72 71 71 70 70 70 70 71 74 75 73 72 71 70 70 70 72 74 76 79 82 83 82 81 82 81 79 77 74 72 73 76 79 81 83 85 87 86 85 84 85 85 85 86 87 88 89 90 91 91 91 91 91 91 91 91 91 91 92 94 95 94 92 91 93 96 96 96 97 97 97 97 97 97 97 97 97 95 94 93 92 90 90 91 91 91 91 91 91 92 90 88 85 84
76 73 72 71 71 70 70 70 70 72 74 75 73 72 72 70 70 70 70 72 77 80 80 79 80 81 82 80 79 77 75 72 73 76 79 82 84 86 86 85 83 82 82 82 84 86 87 87 87 88 88 89 90 91 91 91 91 91 90 90 92 94 94 92 90 91 94 96 97 95 94 95 96 95 95 96 97 97 97 96 95 94 93 92 93 93 93 92 91 91 91 90 89 88 86 85
75 73 72 72 71 70 70 70 70 73 75 75 74 73 72 71 70 70 70 70 73 76 76 77 81 83 84 83 80 78 76 73 73 75 78 81 83 84 83 82 80 80 82 82 82 83 84 84 86 89 90 90 90 91 91 91 90 88 88 90 93 94 92 90 90 93 94 95 95 93 92 92 93 94 94 96 97 97 97 96 96 96 95 94 94 94 93 91 89 88 87 87 86 85 85 85
75 74 73 72 72 71 70 70 71 74 75 75 74 73 73 71 70 70 70 70 70 72 74 78 81 84 83 81 79 77 75 72 73 75 77 79 80 80 80 80 80 82 85 86 86 85 84 86 88 90 90 91 91 91 91 90 88 87 88 91 93 93 91 89 90 93 94 94 94 92 91 91 92 93 95 96 97 97 96 96 96 96 96 95 94 94 92 90 89 88 87 87 86 85 85 85
80 78 76 73 74 74 72 70 73 75 75 75 74 73 73 72 71 70 70 70 70 70 72 76 80 82 82 80 78 77 74 72 72 74 75 77 78 78 79 80 82 85 87 87 88 88 87 88 90 90 90 89 89 90 90 88 87 87 89 92 93 92 89 88 90 93 93 92 91 90 90 90 92 94 96 97 97 97 96 94 95 96 96 96 95 94 92 91 90 90 90 89 88 87 86 85
84 81 77 75 76 78 78 78 78 77 75 75 74 73 73 72 71 70 70 70 70 70 70 73 78 80 80 78 77 75 72 72 72 75 78 79 80 81 81 81 82 83 83 84 86 88 88 88 89 90 88 88 88 89 88 86 86 88 90 93 93 90 87 88 91 92 91 89 88 89 90 92 93 95 96 97 98 97 95 94 94 95 96 96 96 94 92 91 92 92 92 91 90 89 88 87
86 83 78 77 79 80 81 82 82 79 75 74 73 73 72 72 71 71 70 70 70 70 70 71 75 77 78 76 74 72 71 71 73 75 78 80 81 81 82 82 80 80 81 81 83 86 87 87 87 88 86 86 87 88 86 85 86 89 91 93 91 89 87 89 90 91 89 87 87 89 91 93 93 94 95 96 97 97 95 94 94 94 95 96 96 95 94 93 93 94 93 92 91 89 87 86
87 84 80 80 82 82 83 84 83 79 76 74 73 73 72 72 72 72 72 71 70 70 70 70 70 73 75 74 72 71 71 72 74 76 78 78 78 78 78 78 78 78 78 79 80 80 81 82 84 85 84 85 86 85 84 85 87 89 92 92 90 88 87 89 90 90 88 86 87 89 91 93 94 94 94 96 97 97 95 94 94 94 95 96 97 96 95 94 94 94 93 91 89 87 85 85
87 85 83 84 84 84 84 83 81 79 76 74 73 73 72 73 73 73 73 72 70 70 70 70 69 69 69 70 70 71 72 73 75 76 75 74 73 72 70 71 72 73 74 75 75 75 76 78 79 81 82 83 84 84 84 86 88 91 92 91 89 86 86 87 87 88 86 85 86 89 91 92 93 93 94 95 96 96 94 92 93 94 94 95 96 96 95 95 94 93 91 89 87 87 86 85
88 86 85 85 83 82 81 80 79 77 75 73 73 73 75 75 75 75 74 73 72 70 70 70 69 69 69 69 70 71 72 72 73 72 70 70 70 70 70 70 70 70 70 71 74 77 78 79 81 82 83 84 85 85 87 89 91 91 91 89 87 85 84 84 84 84 84 84 85 88 90 91 92 93 94 95 96 94 93 91 91 91 93 94 95 94 94 95 94 94 92 90 89 88 88 88
88 87 86 85 83 81 78 78 77 76 75 74 74 75 75 76 76 75 75 73 72 70 70 70 70 71 71 71 71 70 70 70 70 70 70 70 70 70 70 70 70 70 72 76 80 82 83 84 84 83 84 85 86 87 88 90 91 91 90 88 86 83 82 82 83 84 85 86 86 88 90 92 93 93 94 95 95 94 92 91 91 91 92 93 94 94 94 94 95 94 93 92 91 90 90 90
88 85 83 82 82 80 78 76 75 75 75 74 75 76 76 76 76 75 75 73 72 70 70 70 70 70 71 71 71 70 70 70 70 70 70 70 70 70 70 70 70 71 76 80 83 85 86 86 85 84 84 84 85 86 88 89 90 90 89 86 83 81 82 85 87 87 88 89 89 89 91 92 93 94 94 95 94 93 92 90 90 90 91 91 92 93 93 94 94 94 94 93 92 92 91 91
89 86 83 80 79 79 77 76 75 75 75 75 76 76 77 77 76 75 75 74 72 70 70 70 70 69 69 70 71 70 70 70 70 70 70 70 70 70 70 70 70 75 80 82 83 84 85 86 85 84 84 84 85 86 87 89 90 89 87 84 81 81 84 87 88 89 90 91 91 90 91 92 93 94 95 95 94 93 91 89 89 90 90 90 91 91 92 93 94 94 94 93 93 92 91 89
87 86 84 81 78 77 76 75 75 75 75 76 77 77 77 76 76 75 74 73 72 70 70 70 70 69 69 69 69 70 70 70 70 70 70 70 70 70 70 70 74 79 80 81 81 82 83 84 82 81 81 82 83 85 86 87 88 86 84 81 81 82 85 88 89 91 91 92 92 92 91 92 93 94 94 94 94 92 91 89 88 88 89 90 91 91 92 92 93 93 94 94 93 91 89 87
83 82 82 81 79 76 75 75 75 75 77 78 78 78 77 76 75 74 73 73 72 71 70 70 70 69 69 69 69 70 70 70 70 70 70 70 70 70 70 70 73 76 77 77 79 80 81 81 80 80 80 82 84 85 86 87 86 84 81 80 82 85 88 89 90 91 92 93 93 93 93 93 93 94 94 94 93 92 90 88 88 89 90 90 91 92 91 91 92 93 94 94 92 90 87 86
81 80 79 78 77 75 75 75 75 77 80 81 79 78 77 76 75 75 74 73 72 72 71 70 70 69 69 69 70 70 70 70 70 70 70 70 70 70 70 70 70 72 74 75 76 77 78 77 77 79 81 83 84 85 85 85 83 81 79 80 83 86 89 90 91 91 92 93 93 93 93 92 92 93 94 92 91 91 89 88 88 90 90 91 91 90 90 90 91 92 93 94 92 89 87 86
80 78 78 76 76 77 77 75 75 79 82 82 80 78 77 77 77 76 75 74 73 73 71 70 70 70 70 70 70 70 70 70 70 70 70 70 71 70 70 70 70 70 72 74 74 75 74 74 77 79 81 83 84 85 84 82 80 78 79 82 85 88 90 91 91 91 91 91 91 91 92 91 91 91 92 91 90 89 87 87 88 89 89 89 89 89 88 89 90 91 92 92 91 89 87 85
78 78 78 77 78 79 77 74 75 79 82 82 80 78 78 78 77 75 74 73 72 72 70 70 70 70 70 70 70 70 70 70 70 70 70 70 71 71 70 70 70 70 70 72 74 73 73 74 77 79 81 82 83 84 83 81 79 78 79 83 86 89 90 91 91 91 90 90 91 91 91 90 90 91 92 91 89 88 87 87 88 88 88 88 88 88 87 88 90 91 92 91 90 89 87 85
79 78 80 81 82 81 77 75 76 79 81 82 80 79 79 79 77 74 72 72 72 70 70 70 70 70 70 70 70 70 70 70 70 70 70 70 71 71 70 70 70 70 70 70 70 70 71 75 77 78 80 81 82 81 80 78 77 77 80 83 86 88 89 88 89 90 89 89 90 90 89 89 89 91 92 92 90 89 87 86 86 86 86 86 87 86 86 87 89 90 91 90 89 88 86 85
84 83 83 84 83 80 76 75 77 79 80 81 80 80 79 78 76 73 72 73 73 72 70 70 70 70 70 70 70 70 70 70 70 70 70 70 72 72 70 70 70 70 70 70 70 70 70 73 77 78 79 79 79 79 77 76 77 79 81 84 86 87 87 87 87 88 88 89 89 88 88 88 89 91 92 92 91 89 87 85 85 85 85 85 85 85 86 87 88 90 90 88 86 86 84 83
87 86 85 83 81 78 76 76 78 79 80 81 81 80 78 76 74 74 75 75 74 73 72 70 70 70 70 70 70 70 70 70 70 70 70 70 73 73 71 70 70 70 70 70 70 70 70 73 75 76 76 77 76 75 75 76 78 81 84 85 86 86 84 85 87 87 87 87 87 87 87 89 90 92 93 93 92 90 88 85 84 83 83 84 85 85 86 87 88 89 89 87 85 83 83 83
89 87 84 81 79 77 76 77 78 79 81 81 82 80 78 75 74 76 76 75 74 73 72 70 70 70 70 70 70 70 70 70 70 70 70 71 75 75 73 71 70 70 70 70 70 70 70 71 73 74 74 75 75 75 75 76 79 82 84 85 85 84 84 85 86 87 87 87 86 86 87 89 91 92 93 93 91 89 87 84 81 81 83 84 85 85 86 87 88 89 89 88 86 83 82 82
87 85 81 78 78 78 78 78 80 80 81 82 82 80 77 75 77 78 77 75 73 73 72 71 70 70 70 70 69 69 70 70 70 71 73 76 78 77 75 74 71 70 70 70 70 72 74 74 73 74 74 75 75 75 75 76 78 81 83 83 83 82 82 83 84 85 85 85 85 86 88 90 91 92 92 90 89 88 86 82 81 82 84 87 87 87 87 88 88 89 89 88 87 84 81 80
82 81 79 79 79 79 78 78 80 81 82 82 81 79 76 77 79 78 76 74 73 73 72 71 70 70 70 70 69 69 70 70 72 76 78 80 80 79 78 76 73 70 70 70 70 74 77 77 76 75 75 76 76 77 77 77 78 78 78 79 80 81 81 82 83 84 85 85 85 86 89 91 92 92 91 89 87 86 84 82 81 82 86 89 90 88 87 88 89 88 88 88 87 85 82 79
82 80 79 80 80 79 78 78 80 83 84 83 80 79 79 81 80 77 76 75 75 74 73 74 73 71 69 69 70 70 70 73 75 78 81 82 82 82 81 79 74 71 70 70 70 73 76 77 77 77 77 78 79 80 81 81 81 80 79 79 80 81 81 82 82 83 84 84 86 88 90 91 92 91 89 87 86 86 84 81 81 83 87 89 88 86 87 88 88 87 87 86 86 86 84 81
82 81 81 81 81 79 78 80 82 84 84 83 80 80 83 83 80 78 78 78 78 77 75 76 75 73 70 68 72 76 79 81 81 80 81 84 85 84 83 81 76 72 70 70 70 70 70 72 74 76 78 80 81 82 84 84 84 83 82 81 81 83 83 83 82 83 84 84 86 89 90 90 90 90 89 87 86 85 83 80 80 83 86 86 84 84 86 87 87 85 85 85 85 87 85 83
81 81 81 82 81 79 79 81 84 85 85 83 80 80 84 84 81 80 80 80 80 77 75 76 76 75 74 75 79 83 85 85 83 81 81 84 85 85 84 82 77 72 70 70 70 70 70 71 73 75 77 80 82 83 84 85 85 84 84 83 83 84 84 84 84 83 84 85 86 87 88 89 90 90 89 88 87 85 83 79 79 81 84 84 84 84 86 87 86 84 84 84 85 87 86 84
82 81 82 82 82 80 80 83 86 88 87 84 81 82 85 86 84 84 84 84 82 78 76 77 78 79 80 83 85 87 88 87 84 81 80 82 84 84 82 80 77 72 70 70 70 70 70 72 73 74 75 77 79 80 81 83 84 85 86 86 85 85 86 86 86 85 85 85 86 87 88 89 91 91 91 90 88 86 83 79 78 79 81 82 83 84 85 86 85 83 83 84 85 86 87 86
81 81 82 83 81 80 82 85 88 90 89 85 82 82 85 88 88 88 88 86 83 78 76 79 83 85 87 88 88 88 88 86 83 79 78 80 82 82 79 78 76 73 70 70 70 70 71 74 77 78 76 76 77 78 79 81 84 85 86 87 87 87 87 87 87 87 87 86 87 88 89 90 91 92 91 91 90 88 85 82 79 78 79 81 83 84 85 85 83 82 83 84 86 87 88 87
