geo_cache/4-3/elevation.txt
ncols         938
nrows         918
xllcorner     -71.72222222222221
yllcorner     42.504
cellsize      1.0E-5
NODATA_value  -9999
[rows 343 to 391 of 918, columns 768 to 863 of 938]
43 43 44 44 44 44 44 45 45 44 42 41 40 40 41 41 41 44 47 50 51 51 50 49 48 46 43 43 46 48 50 48 48 47 47 47 47 47 48 51 56 57 55 52 49 45 45 45 47 48 51 54 56 58 59 59 59 59 58 57 57 56 55 55 55 55 55 57 57 57 56 55 52 50 49 47 46 45 42 40 37 35 35 39 42 45 46 45 45 44 43 42 40 38 36 35
42 42 42 43 44 44 44 44 43 42 41 41 41 41 41 41 41 44 47 50 51 51 50 49 47 45 44 44 46 47 48 47 47 48 47 47 48 48 48 49 54 57 56 53 50 47 45 45 47 47 50 52 54 56 57 58 58 58 57 56 55 54 54 54 54 55 55 57 57 57 56 55 51 49 49 47 46 45 42 40 38 35 35 39 43 47 47 46 46 45 44 43 42 41 39 37
41 41 41 41 42 42 42 42 41 41 41 41 41 41 41 41 41 43 46 50 50 50 49 48 47 46 46 45 46 46 46 47 48 48 48 48 49 48 47 47 52 57 57 55 51 48 46 46 47 47 49 51 53 55 55 56 56 56 56 55 54 53 53 53 54 55 55 57 57 58 57 55 52 50 50 48 46 45 42 41 39 36 37 40 44 47 48 47 47 45 45 44 44 44 41 38
41 41 41 41 41 41 41 41 41 41 41 41 41 41 41 41 41 43 45 48 49 49 48 47 47 47 46 46 46 45 45 46 48 49 48 49 49 48 47 47 52 56 57 56 52 48 47 47 47 47 49 49 51 53 54 54 55 55 55 54 53 53 53 53 54 55 56 57 57 58 57 56 52 51 51 50 48 47 46 44 41 37 38 41 44 47 48 48 47 46 46 45 45 45 42 39
43 41 41 41 41 41 41 41 41 41 41 41 41 41 41 41 41 43 44 46 47 47 47 46 46 46 46 46 45 45 44 44 47 49 49 49 49 49 48 48 52 56 57 56 52 48 47 47 47 47 47 48 50 51 52 52 53 53 53 53 53 53 53 53 54 55 56 57 57 57 57 55 52 52 52 51 51 50 48 46 43 40 39 41 43 46 48 48 48 46 46 46 45 45 43 39
44 43 41 41 41 41 41 41 41 41 41 41 41 41 41 41 41 43 44 44 45 46 46 46 46 46 46 46 45 44 44 44 46 48 49 49 50 49 49 49 52 56 57 56 53 49 47 47 47 47 47 48 49 50 50 51 52 52 52 53 53 53 53 53 55 56 57 57 57 57 55 54 53 53 53 53 52 52 50 47 44 41 40 41 43 45 48 48 48 47 47 46 45 45 43 40
44 44 43 42 42 41 41 41 41 41 41 41 41 41 41 42 42 43 43 43 44 44 45 45 45 46 46 46 44 44 44 44 44 47 48 48 50 49 49 49 53 57 57 56 53 50 48 47 47 47 47 47 48 49 49 50 51 51 52 52 52 53 53 53 55 57 57 56 56 56 55 54 53 55 56 55 54 54 51 48 45 43 41 41 43 44 47 48 48 47 47 46 45 45 43 41
45 44 44 43 42 42 42 42 42 42 42 41 41 41 42 42 42 43 43 43 44 44 44 45 45 46 47 47 44 44 44 44 44 46 48 48 49 49 49 50 54 57 57 57 54 50 49 48 47 47 47 47 47 48 48 49 50 50 51 52 52 53 53 53 55 56 56 56 56 56 55 54 55 56 57 57 55 55 51 48 45 43 42 42 43 43 46 48 48 47 47 46 45 45 44 43
45 44 44 43 43 43 42 42 43 42 42 41 42 42 42 42 42 43 43 43 44 44 44 45 45 47 48 47 44 44 44 44 44 45 48 48 48 48 48 51 54 56 57 56 54 51 49 48 47 47 47 47 47 47 47 48 50 50 50 52 52 52 52 53 54 55 55 55 55 55 55 55 56 58 59 59 57 55 52 48 45 43 43 43 43 43 44 46 47 47 47 46 45 45 45 43
45 44 44 43 43 43 42 42 41 41 41 41 41 41 42 42 42 43 43 43 44 44 44 45 45 47 47 46 44 44 44 44 44 44 46 47 48 48 48 51 53 55 55 55 54 51 50 49 47 47 47 47 47 47 47 48 49 49 50 52 52 51 51 52 53 54 54 54 54 55 56 56 57 59 61 60 58 56 53 49 46 45 43 43 43 43 44 45 46 47 47 47 46 46 45 44
45 45 45 43 42 42 41 41 41 41 41 41 41 41 42 42 43 44 44 44 44 44 44 45 46 47 46 45 44 44 44 44 44 44 45 47 48 48 48 51 53 54 55 55 54 52 50 49 47 47 47 47 47 47 47 47 49 49 51 52 52 50 50 50 51 52 53 53 53 54 55 55 57 59 61 61 58 57 53 50 47 45 44 43 43 43 44 44 45 47 47 47 46 46 46 44
45 45 45 44 42 42 41 41 41 41 41 41 41 41 42 43 44 45 45 45 44 44 44 46 47 47 46 44 44 44 44 44 44 44 44 45 48 47 47 49 51 52 53 54 54 52 51 49 47 47 47 47 47 47 47 47 49 50 52 52 52 50 50 50 50 50 51 52 52 53 55 55 58 60 61 60 58 57 54 51 48 46 45 43 43 43 44 44 44 46 47 47 46 46 46 44
45 45 45 44 42 41 41 41 41 41 41 41 42 43 43 44 44 45 45 46 45 45 46 46 47 47 44 44 44 44 44 44 44 44 44 44 47 47 47 48 49 50 51 53 53 52 51 49 47 47 47 47 47 47 47 47 49 50 52 52 51 50 49 49 49 50 50 50 52 53 55 56 58 60 61 59 58 58 55 52 49 46 45 44 44 44 44 44 44 46 47 47 46 46 46 44
45 44 44 43 41 41 41 41 41 42 43 43 44 44 45 45 45 46 46 47 47 47 47 48 48 46 44 44 44 44 44 44 44 44 44 44 44 47 47 47 48 49 50 51 52 52 51 49 47 47 47 48 48 47 47 47 49 50 51 51 50 49 49 49 48 48 48 49 51 53 55 56 58 59 60 59 58 57 55 52 49 47 46 44 44 44 44 44 44 46 47 47 46 46 46 45
44 44 43 42 41 41 41 41 42 43 43 44 45 45 46 46 46 46 46 47 48 48 48 48 48 46 45 45 45 45 44 44 44 44 44 44 44 46 47 47 48 48 50 50 50 50 50 49 49 48 48 48 48 48 48 48 48 49 50 49 48 48 49 49 48 48 48 48 49 51 53 55 57 59 59 58 57 56 54 52 50 47 46 44 44 44 44 44 44 46 48 48 47 47 46 46
44 43 42 41 41 41 42 42 43 44 44 45 46 46 46 46 46 47 47 47 49 49 50 50 49 48 47 46 46 46 46 46 45 44 44 44 44 44 47 48 48 49 50 50 49 49 49 49 49 49 48 48 48 48 48 48 48 48 48 47 47 48 48 48 47 47 47 48 48 50 52 54 57 58 58 58 58 56 54 52 50 48 46 44 44 44 44 44 45 47 48 48 47 47 46 46
43 42 42 41 41 41 42 42 43 45 45 46 46 46 47 48 48 48 48 49 50 50 50 50 50 50 49 48 48 48 48 47 47 45 44 44 44 44 44 48 48 49 50 50 49 49 49 49 49 49 48 48 48 48 48 48 48 48 47 47 47 47 47 47 47 47 47 48 48 49 51 54 57 58 58 59 58 57 55 53 51 48 46 44 44 44 44 45 47 48 48 48 47 47 46 46
43 42 42 41 41 42 43 44 44 45 45 46 47 47 48 50 50 50 50 50 51 51 51 51 52 51 51 50 50 49 49 49 48 46 45 44 44 44 44 45 49 50 51 50 49 48 48 48 48 48 48 48 48 48 48 47 47 47 47 47 47 47 47 47 47 47 47 47 47 48 50 53 56 58 58 59 59 58 55 53 51 48 46 44 44 44 44 46 47 48 48 47 47 47 46 45
43 42 42 42 42 43 44 44 45 46 46 47 47 48 49 51 51 51 51 51 51 51 52 53 53 52 52 51 51 50 50 50 49 48 47 45 44 44 44 44 47 50 51 51 48 47 47 47 48 48 48 47 47 47 47 47 47 47 47 47 47 47 47 47 47 47 47 47 47 47 50 52 56 58 58 59 59 57 55 53 51 48 46 44 44 44 45 47 47 48 48 47 46 46 46 45
43 43 43 43 44 44 45 45 45 46 46 47 47 49 50 51 51 52 52 52 52 52 54 55 54 53 52 52 51 51 51 51 50 49 47 46 44 44 44 44 44 48 51 51 49 47 47 47 47 47 48 47 47 47 47 47 47 47 47 47 47 47 47 47 46 46 46 47 47 47 50 52 55 57 57 58 57 56 54 53 51 49 47 45 44 44 45 47 48 48 47 46 45 45 45 44
43 43 43 44 45 45 46 46 46 47 47 47 48 50 51 52 52 52 52 52 53 54 55 56 56 55 53 53 52 52 52 51 51 50 48 47 46 45 44 44 44 46 50 51 50 48 47 47 47 47 47 47 47 47 47 47 47 47 47 47 47 47 46 46 46 46 46 47 47 47 49 51 55 57 57 57 56 56 54 53 51 49 48 45 44 44 46 48 48 47 46 45 45 45 45 43
44 43 43 44 45 45 46 46 46 47 47 47 48 51 52 52 52 53 53 53 54 55 57 57 57 57 56 56 56 55 54 53 52 51 50 49 48 47 46 45 44 45 48 50 50 49 47 47 47 47 47 47 47 47 47 47 46 46 46 46 46 46 46 46 46 46 46 47 47 47 48 50 54 56 56 56 56 56 54 54 52 50 48 46 45 45 47 48 48 46 44 43 43 43 42 41
45 44 44 44 46 46 46 46 47 47 47 48 49 52 54 53 53 53 53 55 57 58 59 59 59 59 60 60 60 59 57 55 53 52 50 50 48 48 47 46 46 45 47 50 50 50 49 47 47 47 47 47 47 47 47 46 46 46 46 46 46 46 46 46 46 46 46 46 46 47 48 49 54 55 56 57 57 56 54 54 53 50 49 47 46 47 48 48 47 45 42 42 42 41 40 40
46 46 45 45 46 46 47 47 47 47 47 48 50 53 54 53 53 53 53 57 60 61 61 60 60 61 63 64 64 63 61 58 55 52 50 50 49 48 48 47 46 46 47 49 50 51 50 48 47 47 47 47 47 47 47 46 46 46 46 46 46 46 46 46 46 46 46 46 46 47 48 49 53 55 55 57 57 57 54 54 52 50 49 48 48 48 48 48 46 44 42 41 40 39 39 39
47 47 47 47 47 47 47 47 47 47 47 49 51 53 53 53 53 53 55 59 63 65 65 65 65 66 68 69 69 68 65 62 59 55 52 50 49 49 49 48 48 48 48 48 50 51 50 49 47 47 47 47 47 46 46 46 46 46 46 45 45 45 45 45 46 46 46 46 46 46 47 49 52 54 54 56 56 56 54 54 52 50 50 49 49 49 48 47 45 43 41 40 39 38 38 38
49 48 48 48 48 48 48 48 48 48 49 49 51 53 53 53 53 54 57 60 64 67 68 68 68 69 72 72 72 72 69 65 62 58 55 53 51 50 50 49 49 49 49 49 49 50 50 50 48 47 47 47 47 46 46 46 46 46 46 45 45 45 45 45 45 45 45 46 46 46 47 48 50 52 53 55 55 55 54 54 52 51 50 50 48 48 47 45 42 41 41 40 39 38 38 38
51 50 49 49 49 49 49 49 50 50 50 51 52 53 53 53 54 56 58 61 65 69 71 71 71 71 73 75 75 75 72 68 64 62 59 55 53 51 51 50 50 49 49 49 49 50 50 50 48 47 47 47 47 46 46 46 46 46 46 45 45 45 45 45 45 45 45 45 45 46 47 47 49 51 53 54 54 54 54 54 52 51 50 50 48 47 46 44 42 41 41 41 40 39 38 38
52 52 52 51 51 51 51 52 52 52 52 52 53 53 53 53 54 57 59 61 66 69 72 72 72 72 74 75 77 77 75 71 67 64 62 58 55 53 52 51 50 50 50 50 50 50 50 50 48 48 47 47 47 47 47 46 46 46 46 45 45 45 45 45 45 45 45 45 45 46 46 46 47 49 51 53 54 54 54 54 53 51 51 49 47 46 45 43 42 42 42 42 40 40 39 38
53 54 54 53 53 53 53 54 55 54 54 54 54 54 53 53 54 58 59 62 66 69 73 74 75 74 74 76 78 78 77 74 71 67 64 61 57 55 54 53 52 50 50 50 50 50 52 54 52 51 50 48 48 48 48 47 46 46 46 45 45 44 44 44 44 44 44 44 44 45 46 46 47 49 50 52 52 53 53 53 52 51 51 49 47 46 44 43 44 43 43 42 40 40 39 38
53 54 54 54 54 55 55 56 56 56 55 55 54 53 53 53 54 58 60 62 66 69 73 75 77 77 76 77 79 80 78 76 74 72 68 64 61 58 57 56 54 52 50 50 50 50 50 54 55 55 54 51 49 49 48 48 47 47 46 46 46 44 44 44 44 44 44 44 44 44 45 45 47 48 49 51 51 51 52 52 52 51 50 48 46 46 45 45 45 43 43 42 40 40 39 38
53 54 54 55 56 56 57 57 57 57 56 55 54 53 53 53 55 58 60 62 66 69 73 75 77 78 78 78 80 81 80 77 76 75 73 69 66 63 61 58 56 53 51 50 50 50 50 52 56 56 56 53 51 50 49 48 48 48 47 46 46 45 44 44 44 44 44 43 43 44 45 45 46 47 48 49 50 50 51 51 50 50 49 48 46 46 46 45 45 43 43 42 40 40 39 39
53 54 54 56 57 57 57 57 57 57 56 55 53 53 53 53 55 59 60 62 66 69 72 75 77 79 79 80 81 82 81 79 77 76 75 73 70 67 64 61 58 56 53 51 50 50 50 49 54 55 56 55 52 50 50 49 48 48 47 46 46 45 44 44 44 43 43 43 43 43 44 45 45 46 47 47 47 48 49 50 49 49 48 47 46 45 45 45 45 43 43 42 40 40 39 39
53 53 54 55 56 56 56 56 56 56 56 54 53 53 53 54 55 59 60 62 66 69 72 75 77 79 80 80 82 82 82 79 78 77 75 74 71 68 65 61 59 57 54 53 51 50 50 49 53 55 56 56 53 50 50 50 49 49 48 46 46 44 44 44 44 43 43 43 43 43 44 44 45 46 46 46 47 47 48 49 49 48 48 47 45 45 45 44 44 43 43 42 40 40 40 40
52 52 53 55 56 56 56 55 55 54 54 54 53 53 53 54 55 59 60 62 65 68 72 75 77 80 80 81 82 83 83 81 79 77 76 75 73 71 68 65 61 59 57 56 54 52 50 49 50 54 57 56 55 51 50 50 50 50 49 48 46 44 44 44 44 43 43 43 43 43 43 44 45 45 45 46 47 47 47 48 48 47 47 47 45 45 45 44 44 43 43 42 41 41 41 42
52 52 52 54 55 55 54 54 54 53 53 54 53 53 53 53 55 59 60 61 65 68 72 74 77 80 81 82 83 84 84 83 80 78 77 76 74 72 70 67 64 62 60 58 57 55 53 51 50 52 56 56 56 54 50 50 50 51 51 50 48 45 44 44 44 43 43 43 43 43 43 43 43 44 44 45 45 46 47 47 47 47 47 46 45 45 44 44 44 43 43 42 41 42 43 44
52 52 52 54 54 54 54 54 54 53 53 54 53 53 53 53 54 58 60 62 65 68 72 74 77 81 82 82 84 85 85 84 81 79 78 77 76 74 72 69 67 65 64 62 59 58 55 53 49 49 53 56 56 55 53 51 51 51 52 51 49 46 44 44 44 44 44 43 43 42 42 42 43 43 43 45 45 45 46 46 47 47 47 46 45 45 44 44 44 43 43 42 42 42 43 44
53 53 53 54 54 54 54 54 54 53 53 53 53 53 53 53 54 58 60 62 66 70 72 74 77 81 82 83 85 86 86 85 82 81 79 78 77 76 74 72 70 68 66 64 62 59 56 54 50 49 50 54 56 56 55 54 53 53 54 52 50 47 44 44 44 44 44 42 42 42 42 42 42 42 42 44 44 45 46 46 46 46 46 46 45 45 44 44 44 43 43 42 42 43 43 43
53 53 53 54 54 54 54 54 54 53 53 53 53 53 53 53 54 59 60 63 67 71 73 75 77 81 83 84 85 87 87 86 84 82 80 79 78 77 76 75 73 71 69 67 64 61 57 55 51 50 50 53 55 57 57 56 55 56 55 54 51 47 44 44 45 45 45 45 43 42 42 42 42 42 42 42 44 44 45 45 45 46 46 46 45 45 44 44 44 43 43 43 42 42 42 42
55 54 54 54 54 54 55 55 54 53 53 53 53 53 53 53 55 59 61 65 69 72 74 75 77 81 83 85 86 87 87 86 85 83 81 81 80 79 78 76 75 73 72 70 67 63 59 56 52 50 51 53 55 57 59 59 58 58 57 55 53 49 44 43 45 46 47 47 45 42 42 42 42 42 42 41 43 43 43 44 45 45 45 45 45 45 44 43 43 43 43 43 42 42 41 41
55 54 54 55 55 55 55 55 55 53 53 53 53 53 53 53 56 60 63 66 70 73 75 76 78 82 84 86 87 88 88 86 86 84 82 82 80 80 79 77 76 74 73 71 69 64 60 57 53 52 54 54 55 58 59 60 59 59 58 55 54 50 45 43 45 47 47 48 46 44 42 42 41 41 41 41 41 42 43 43 44 45 45 45 45 45 44 43 43 43 43 43 41 41 41 41
55 55 55 56 55 55 55 55 55 53 53 53 53 54 54 55 57 60 64 69 73 74 75 76 79 82 85 86 88 88 88 87 86 85 83 82 81 81 80 79 77 75 74 73 71 66 61 58 54 54 56 56 56 58 59 60 61 60 59 56 54 51 46 44 45 47 48 48 48 46 44 42 41 41 41 41 41 41 42 43 43 45 45 45 45 45 44 43 43 43 43 43 41 41 41 41
56 56 56 56 56 56 55 55 55 53 53 54 55 57 58 58 59 62 67 71 74 75 76 77 80 83 85 87 88 89 89 88 87 86 85 83 82 81 81 79 78 76 75 75 73 67 62 59 55 56 59 57 56 58 59 60 61 61 59 57 55 52 48 45 46 48 48 49 49 47 45 43 41 41 41 41 41 41 41 42 42 43 44 44 45 45 44 43 42 42 42 42 41 41 40 40
57 57 56 56 56 56 55 55 55 54 54 55 57 58 60 61 63 66 69 73 75 76 78 79 81 83 86 87 89 90 90 89 88 87 86 85 84 82 81 80 79 78 77 76 74 68 63 59 57 59 60 58 57 58 59 61 62 62 60 57 56 52 49 47 46 48 49 50 50 49 46 44 42 41 41 41 41 41 41 41 41 43 43 43 44 44 43 42 41 41 42 42 41 41 40 40
58 58 57 56 56 56 55 55 55 54 54 57 59 61 63 65 68 70 73 76 77 79 80 81 82 84 86 87 89 90 90 89 89 88 87 87 85 84 83 82 81 80 79 77 74 68 63 59 59 61 61 59 58 58 60 62 62 62 61 58 56 53 51 49 46 47 49 51 51 50 46 45 43 41 41 40 40 40 40 40 41 41 41 41 42 42 41 41 40 39 40 41 41 40 40 40
59 58 58 55 55 56 55 55 54 54 56 59 61 63 67 69 72 74 76 78 80 81 82 83 83 84 86 87 90 91 91 90 90 89 88 88 87 86 84 82 81 81 80 78 75 69 63 60 61 63 63 60 59 59 62 63 63 62 62 61 58 56 53 51 48 47 48 50 51 50 46 46 43 42 41 40 40 40 40 40 41 41 41 41 41 40 40 39 39 39 39 39 39 39 39 39
59 58 58 55 55 56 55 55 54 56 59 61 63 68 72 74 76 78 79 81 82 83 84 84 85 85 86 87 90 91 91 91 90 90 90 89 89 88 86 84 83 81 80 79 76 70 64 62 64 66 66 63 61 63 64 65 64 64 63 61 59 57 55 52 49 47 47 50 51 50 46 46 44 42 42 40 40 40 40 40 40 40 40 40 40 39 38 38 38 38 38 37 36 37 37 37
58 58 57 57 57 57 56 56 57 59 61 63 68 73 76 78 80 81 83 84 84 85 86 86 87 87 87 88 90 91 91 91 91 91 90 90 90 89 89 87 85 83 81 80 77 71 65 64 66 68 68 64 63 65 66 66 65 65 64 62 61 59 57 54 51 47 47 48 50 49 47 46 44 43 42 41 41 41 40 40 40 40 40 40 39 39 38 38 38 38 38 37 35 35 35 36
58 57 57 58 58 57 57 57 59 61 62 66 72 76 78 80 84 86 87 87 87 87 88 88 88 89 89 89 90 91 92 93 92 92 91 91 91 92 91 89 86 84 81 80 77 71 67 66 68 70 68 63 63 66 68 67 66 65 64 63 62 60 58 56 53 49 47 47 48 48 47 47 44 43 42 41 41 41 40 40 40 39 39 39 39 39 39 38 38 38 38 38 37 35 35 35
58 58 58 59 58 58 59 60 63 64 66 70 75 78 81 83 87 89 89 89 88 88 88 89 89 90 90 90 91 92 92 93 93 92 92 92 93 93 92 91 88 84 82 80 76 71 68 68 70 70 66 64 67 69 70 69 67 66 65 63 63 61 60 57 54 50 47 47 47 48 47 46 44 43 42 41 40 40 40 40 40 39 39 39 39 39 39 39 39 39 39 39 37 36 35 35
