geo_cache/4-3/elevation.txt
ncols         938
nrows         918
xllcorner     -71.72222222222221
yllcorner     42.504
cellsize      1.0E-5
NODATA_value  -9999
[rows 49 to 97 of 918, columns 384 to 479 of 938]
107 106 104 104 103 102 102 102 102 102 103 103 103 101 100 100 100 100 99 98 96 95 95 94 92 91 90 87 86 82 78 76 74 73 73 74 73 73 76 79 81 83 84 85 85 87 91 92 92 93 95 98 99 95 88 84 76 71 70 69 69 68 66 64 64 63 60 59 60 62 60 59 58 58 58 58 61 63 63 61 61 61 61 61 61 61 61 61 60 60 60 60 62 62 61 61
107 106 105 104 103 102 102 102 103 103 103 103 103 102 101 100 100 99 97 96 94 92 94 93 91 91 90 87 85 82 78 76 74 73 72 71 71 73 77 82 84 84 85 85 85 87 91 92 93 95 97 100 102 99 92 88 79 74 71 71 70 69 67 64 63 62 60 59 59 61 59 59 59 58 58 58 61 63 63 62 61 61 61 61 61 61 61 61 60 60 60 61 63 63 61 61
108 106 105 105 103 103 102 102 103 103 103 103 103 102 102 101 100 99 98 97 92 90 91 92 91 90 89 86 84 83 79 76 74 73 72 71 71 74 80 86 87 86 86 85 86 87 91 92 94 96 100 104 107 104 95 91 83 76 72 71 70 69 67 65 63 62 60 59 59 60 60 60 60 60 58 58 61 63 63 62 62 62 62 61 61 61 61 60 60 60 60 64 66 65 63 62
108 107 106 106 105 104 103 103 103 103 103 103 103 103 103 101 100 100 100 98 94 90 86 87 88 89 88 85 83 82 79 75 73 72 71 71 71 75 82 87 88 87 87 86 87 87 91 93 95 98 103 109 113 108 98 93 85 78 72 70 70 70 68 66 64 62 59 59 60 60 60 62 62 60 58 58 60 63 63 63 63 63 63 63 63 61 61 60 60 60 60 65 67 68 67 63
108 107 107 106 105 105 104 104 103 103 103 103 103 102 102 101 100 100 100 98 95 90 84 83 83 85 85 84 83 81 79 74 72 71 70 70 71 75 83 87 88 87 87 86 86 87 91 94 96 100 106 112 116 112 101 96 87 80 73 70 70 70 69 67 65 62 60 60 61 60 60 63 63 59 58 58 60 63 63 63 63 63 63 63 63 62 61 60 59 59 60 65 68 68 67 64
109 108 107 107 107 105 105 104 104 104 103 103 103 101 101 101 101 101 99 96 91 87 83 82 81 81 82 84 83 81 77 72 70 70 70 70 71 75 82 87 87 86 86 85 85 87 92 95 98 102 109 115 119 115 104 98 89 81 74 70 69 69 70 68 66 62 60 63 61 61 62 63 63 59 58 58 61 64 64 64 64 64 64 63 63 62 62 61 59 59 61 66 69 68 68 66
109 108 107 107 107 106 105 105 104 104 103 103 103 102 102 102 102 102 100 97 91 86 84 83 81 80 81 84 85 82 77 72 70 70 70 70 70 74 80 86 87 86 85 84 84 86 91 95 98 104 111 117 121 118 107 101 91 82 74 70 69 69 69 68 66 62 62 63 59 61 63 65 63 60 58 59 61 66 66 64 64 64 64 63 63 63 63 62 59 59 62 67 70 69 68 68
110 109 108 108 107 106 106 105 105 104 103 103 103 103 103 103 102 102 100 98 93 89 89 86 82 80 80 83 85 84 79 74 71 70 70 70 70 72 77 83 85 85 84 83 83 85 90 95 98 104 111 117 124 121 109 104 92 84 75 70 69 69 69 67 65 64 64 62 59 61 64 65 64 60 58 59 60 65 66 65 65 65 64 64 64 64 64 63 60 60 63 67 70 70 68 68
110 109 108 108 107 106 106 106 106 106 103 103 103 103 103 102 102 102 100 99 95 93 92 89 83 80 79 81 84 83 79 75 72 71 71 70 70 70 74 80 83 84 83 83 82 85 89 94 97 103 110 117 124 124 112 106 94 85 76 70 68 68 68 66 64 63 64 63 60 62 65 64 64 60 58 58 59 62 64 65 65 65 63 63 63 64 64 62 60 60 64 68 70 71 69 68
110 110 108 108 108 106 106 106 105 105 103 103 103 103 103 102 101 101 100 99 97 94 92 90 85 80 78 79 82 82 79 76 73 72 71 70 70 70 72 77 80 82 82 81 81 83 88 92 96 102 108 116 124 124 116 109 96 86 77 71 68 68 66 65 63 63 63 63 62 63 66 65 62 60 59 58 58 60 62 63 65 64 62 63 63 64 64 62 60 60 65 69 71 71 70 69
110 110 109 109 108 106 106 105 105 104 103 103 103 103 103 102 101 101 100 100 98 95 93 91 87 82 78 78 79 79 78 76 74 73 72 70 70 70 72 74 78 80 81 81 81 82 87 91 95 99 106 113 121 124 117 110 98 88 78 72 68 67 65 63 62 62 63 64 63 64 66 65 63 62 60 60 60 60 60 62 63 62 62 63 63 64 63 61 60 61 66 70 71 72 71 70
110 110 109 109 108 106 106 105 104 104 103 103 103 103 103 102 101 101 101 100 100 97 94 92 88 83 79 77 77 77 79 79 77 74 73 71 70 70 71 73 75 78 79 80 81 82 86 90 93 97 103 111 118 122 116 110 99 88 80 73 68 66 64 62 61 60 62 65 64 64 65 65 63 63 61 61 60 60 60 60 61 61 63 64 64 64 63 61 60 62 66 69 71 74 73 72
110 110 108 108 107 106 106 105 104 104 103 103 103 102 102 101 101 101 101 100 100 98 95 93 89 85 80 77 77 77 79 81 81 76 72 71 70 70 70 71 73 76 78 79 80 81 85 88 91 95 100 106 114 119 115 110 99 88 80 73 68 65 63 61 60 59 60 63 64 63 65 63 62 62 61 61 60 59 59 59 60 61 63 64 64 63 63 61 61 62 66 68 72 75 75 74
110 110 108 108 107 106 106 104 104 104 103 103 103 102 101 101 101 101 101 100 100 98 97 94 91 87 82 78 77 76 78 81 81 76 72 71 71 70 70 71 72 75 77 79 79 81 85 88 90 92 96 102 108 114 113 109 98 88 80 73 67 64 62 60 59 59 58 60 63 63 62 59 61 61 61 61 60 58 58 58 59 61 63 63 63 62 62 61 61 63 65 68 73 77 77 76
110 109 108 108 107 105 105 104 103 103 103 102 102 101 101 100 100 100 100 100 100 98 97 96 92 89 83 79 77 76 76 78 78 74 72 71 71 70 70 70 72 74 76 78 79 81 85 87 88 90 94 98 103 108 107 105 96 87 79 72 66 63 61 59 59 58 58 59 62 64 62 59 59 60 61 61 61 60 59 59 59 60 62 63 63 62 62 62 62 63 65 68 74 79 80 80
110 109 108 108 107 105 105 104 103 103 102 101 101 100 100 100 100 100 100 99 99 98 97 95 92 89 85 80 77 76 76 76 76 75 73 72 72 72 71 71 71 73 75 76 79 80 84 86 88 89 92 95 99 101 100 99 93 85 77 69 64 62 61 59 59 58 58 59 61 65 63 59 60 60 60 60 61 61 61 62 63 62 62 62 62 62 62 63 63 64 66 69 76 82 84 84
109 109 107 107 106 105 105 103 103 103 102 101 101 100 100 99 99 99 100 99 99 97 96 94 92 90 86 80 78 76 76 76 78 78 76 74 74 74 72 72 71 71 73 75 78 80 83 85 87 88 90 93 94 95 95 93 87 81 73 67 63 62 61 59 59 58 58 59 60 64 62 59 59 59 60 60 61 61 61 62 64 64 65 62 61 62 62 63 65 65 67 72 79 85 87 87
109 108 107 107 106 104 104 103 103 103 102 101 101 100 100 99 98 98 98 99 98 96 95 93 91 89 86 81 78 77 77 77 79 78 78 76 76 77 75 72 71 71 72 74 77 80 82 84 86 87 89 90 89 89 87 85 79 74 70 66 63 62 62 60 59 59 58 58 59 62 61 59 59 59 60 60 61 60 59 62 62 64 66 62 61 62 63 65 66 67 69 75 81 86 87 87
108 108 107 106 105 104 103 103 102 102 102 102 101 100 100 100 98 97 97 97 97 95 93 91 90 89 86 82 80 78 77 77 79 78 77 76 75 75 75 73 71 71 71 73 76 78 81 83 84 85 86 86 85 83 79 77 71 68 67 66 65 63 62 60 59 58 58 58 58 59 60 60 60 60 62 59 59 59 59 61 61 64 66 62 61 62 63 65 67 67 71 77 81 85 85 86
108 107 106 106 105 103 103 102 102 102 103 102 102 101 101 100 99 97 97 97 96 94 92 91 90 89 88 85 81 79 76 75 77 77 76 75 75 75 73 73 71 70 70 72 74 77 79 81 82 82 82 83 81 77 72 69 66 66 67 67 66 65 63 60 60 58 58 58 58 59 59 60 60 63 62 59 59 60 60 61 61 63 65 61 61 63 63 65 66 68 73 78 81 84 84 85
108 107 106 106 104 103 103 102 102 102 103 102 102 101 101 101 100 99 99 98 97 95 93 91 91 91 89 86 83 80 76 75 75 75 75 74 74 74 73 73 71 70 70 71 73 75 77 78 79 79 80 81 78 73 67 66 67 70 69 67 67 67 64 60 60 59 58 58 58 58 58 61 62 63 62 61 63 63 64 62 61 61 61 61 61 63 63 64 66 69 75 80 82 83 83 84
107 107 106 105 104 102 102 102 101 101 102 103 103 102 102 101 101 102 102 102 100 97 95 93 92 92 90 87 84 80 76 75 74 74 75 74 73 73 73 73 71 69 69 70 71 72 74 75 75 76 77 77 75 70 67 67 70 71 70 69 69 68 64 61 60 59 58 58 58 58 58 61 61 63 65 67 68 68 68 64 62 61 61 61 61 63 63 64 66 71 79 84 83 83 83 83
107 107 105 105 104 102 102 100 100 100 102 102 102 102 102 102 103 103 102 102 101 99 97 95 94 92 90 88 84 79 76 76 74 73 73 73 73 73 74 74 72 69 69 70 71 71 71 72 72 73 74 74 72 69 68 69 71 71 70 70 69 67 64 61 60 59 58 58 58 58 58 58 60 63 68 68 69 69 69 67 65 64 62 61 61 63 63 64 67 73 82 87 86 84 83 83
106 107 105 105 103 101 101 100 100 100 101 102 101 101 101 102 103 103 102 101 101 100 98 96 95 93 91 88 84 79 77 76 74 73 73 73 73 73 73 74 73 69 69 70 70 70 70 70 70 71 71 71 69 69 70 71 71 71 70 69 67 65 63 61 61 59 59 59 58 58 58 58 60 64 68 68 69 69 69 68 68 68 65 62 62 63 63 64 68 74 83 89 89 85 84 84
106 106 105 104 103 101 100 100 100 100 100 100 100 101 101 102 102 102 102 101 101 100 99 97 95 94 92 88 85 81 77 76 74 73 73 73 73 73 73 73 72 69 69 69 70 70 69 69 69 68 68 68 68 69 70 71 71 70 69 66 61 60 61 60 60 59 59 59 58 58 58 58 61 66 69 69 69 69 69 69 69 69 68 66 64 63 63 65 70 77 84 90 91 87 86 85
105 106 105 103 102 100 100 99 99 99 99 100 100 100 101 101 102 102 102 102 101 100 99 97 95 95 92 88 85 81 77 76 74 73 73 73 73 73 72 72 71 69 69 69 69 69 68 68 68 67 66 66 68 69 70 70 70 69 66 61 58 58 58 59 59 59 59 59 59 58 58 57 61 66 69 69 69 69 69 69 68 68 68 67 67 65 64 66 71 79 84 90 92 90 88 87
104 104 104 103 101 100 100 99 99 99 99 100 100 100 100 101 102 102 102 102 102 99 98 97 95 94 92 88 85 81 78 76 74 74 73 73 73 73 71 71 71 70 70 68 68 68 67 67 67 66 66 66 68 68 69 69 68 65 61 59 58 58 58 58 58 59 59 59 60 59 58 57 60 66 69 69 69 69 69 69 68 68 67 67 67 66 66 67 73 79 84 89 92 93 91 89
103 103 103 102 101 99 99 99 98 98 98 99 99 101 101 102 102 102 102 102 101 100 98 97 95 94 92 89 86 82 79 76 75 74 74 73 73 73 71 71 71 70 70 68 67 67 66 66 66 65 65 66 67 68 67 66 64 61 60 60 59 59 58 58 58 58 58 59 60 59 58 57 59 65 68 68 69 69 69 68 68 68 67 66 66 66 66 67 73 79 84 88 92 95 93 90
103 103 102 101 100 99 99 98 98 98 98 99 99 101 101 102 102 102 101 101 101 100 99 98 96 95 93 90 87 84 80 76 75 75 75 73 73 73 71 71 71 70 70 68 67 67 66 65 64 64 64 65 66 65 63 62 61 60 60 60 59 59 58 58 58 58 58 58 59 59 58 57 59 64 68 68 69 68 68 68 67 67 67 66 66 66 66 67 73 78 83 87 91 95 93 90
104 103 101 101 100 99 99 98 97 97 97 98 99 101 101 102 102 102 101 101 101 100 99 98 96 95 94 90 87 84 80 78 76 76 75 73 73 72 71 71 71 71 71 68 67 67 66 65 64 64 64 64 63 63 63 61 60 60 60 60 59 59 58 58 58 58 58 58 59 58 58 57 59 64 68 68 69 68 68 67 67 67 66 66 66 66 66 68 74 79 83 86 90 94 92 89
104 103 101 101 100 99 99 97 97 97 97 98 99 101 101 102 102 101 101 100 100 99 98 98 96 96 94 90 87 83 80 79 77 76 75 73 73 72 71 71 71 71 70 68 67 67 66 66 65 64 64 64 63 64 63 62 62 62 61 59 59 58 58 58 58 58 58 58 60 58 58 57 59 64 68 68 69 68 68 67 67 67 66 66 66 66 66 70 76 80 84 86 89 92 90 89
103 102 101 101 100 99 99 97 97 97 97 97 98 100 101 102 102 100 100 100 99 99 98 98 96 95 93 90 86 83 80 80 78 76 75 74 73 72 72 72 71 70 69 68 67 67 66 66 66 64 63 63 66 68 66 64 64 67 63 59 58 58 58 58 59 60 62 62 62 58 58 57 59 64 68 68 69 67 67 67 67 67 66 66 66 66 66 70 77 81 84 86 87 89 89 88
103 102 101 101 100 99 99 97 96 96 96 96 98 99 101 102 101 99 99 99 99 98 98 97 96 95 93 89 86 83 81 80 79 77 76 75 74 73 72 72 71 69 69 67 66 66 65 65 65 64 63 63 66 68 68 67 66 68 66 61 58 58 58 58 60 65 67 65 60 59 58 57 59 64 67 68 68 67 67 67 66 66 66 65 65 66 66 70 77 81 84 86 87 88 88 87
103 102 101 101 100 99 99 97 96 96 95 95 96 98 99 101 99 98 98 99 99 98 97 97 95 94 92 89 86 84 82 81 80 78 77 77 76 75 73 72 71 70 69 66 66 66 65 64 64 63 63 64 66 68 69 68 68 69 68 64 61 59 58 61 64 65 66 63 61 60 58 57 58 62 66 68 68 67 67 67 66 66 65 64 64 65 66 70 76 81 83 85 86 87 86 84
102 102 100 100 100 98 98 97 96 96 94 94 94 96 98 98 98 97 97 99 99 98 97 96 94 93 91 88 86 84 83 82 81 79 78 78 78 77 74 73 73 70 69 66 66 66 65 64 64 64 64 66 68 68 69 69 69 69 69 68 64 60 60 65 66 66 63 61 61 60 57 57 58 59 64 67 68 67 67 66 66 66 64 64 64 64 66 71 76 79 83 84 85 85 85 81
102 101 100 100 100 98 98 97 96 96 94 93 93 94 96 97 96 95 96 98 98 98 97 95 93 92 90 88 87 85 83 83 81 80 79 78 77 76 74 74 73 70 68 66 66 66 65 64 64 64 64 66 68 68 69 69 69 69 68 68 64 60 62 67 68 68 67 66 64 59 57 57 58 59 63 67 67 67 67 66 66 66 64 63 63 64 65 71 75 78 81 82 83 82 81 79
102 101 100 100 99 98 98 97 97 96 94 93 93 93 94 95 94 93 94 96 97 96 95 93 92 90 89 87 86 84 83 82 81 80 79 78 77 76 74 74 73 70 68 66 66 66 65 64 64 64 64 65 67 68 68 69 69 69 68 66 62 62 67 70 70 69 69 69 66 59 57 57 57 58 61 66 66 67 67 66 65 65 64 63 63 64 65 69 73 75 77 78 78 78 78 77
101 101 100 100 99 98 98 98 97 97 95 94 94 93 93 94 93 92 93 94 94 93 92 91 90 89 88 86 85 84 82 81 80 79 78 77 77 76 74 74 73 70 69 66 66 66 65 65 65 63 63 65 66 67 68 69 69 69 67 65 63 66 69 69 67 65 65 63 61 57 57 57 56 56 60 65 66 67 67 66 65 65 64 64 64 64 64 66 69 72 72 73 73 74 75 75
101 100 99 99 99 98 98 97 97 97 95 94 94 93 93 93 92 91 91 91 92 91 90 90 89 88 87 85 84 83 82 80 79 77 77 77 76 76 74 73 72 70 69 67 66 66 65 65 66 64 63 63 65 66 68 69 69 68 67 65 66 68 66 64 61 60 59 58 56 57 57 58 56 56 59 64 66 66 66 66 65 65 65 64 64 64 64 65 66 67 67 68 70 72 73 75
101 100 99 99 98 97 97 96 96 96 95 94 94 93 93 92 91 90 89 89 89 89 88 88 88 87 86 84 83 81 80 78 77 76 76 75 75 75 73 73 71 69 68 67 66 66 65 65 66 64 63 63 65 66 68 69 69 68 68 67 67 66 61 59 58 57 56 55 56 57 58 58 57 59 63 63 65 66 66 66 65 65 65 64 64 64 64 65 64 64 64 66 66 68 72 75
100 100 98 98 97 97 97 96 95 95 94 94 93 92 92 92 91 90 88 88 88 88 87 87 85 85 84 82 82 80 78 78 77 76 76 74 74 74 73 72 69 68 67 66 66 65 64 65 66 64 63 63 65 66 67 68 68 69 69 69 67 63 59 58 57 56 54 54 57 58 59 59 59 62 64 64 65 65 65 65 65 65 65 64 64 64 64 64 64 64 64 66 66 67 70 73
100 100 98 97 97 96 96 95 94 94 94 93 93 92 92 92 91 90 89 88 88 88 88 87 85 85 84 82 82 81 79 79 78 77 76 75 73 73 71 71 69 67 67 65 65 65 64 64 64 63 63 63 65 66 67 68 68 69 69 69 66 61 59 57 57 55 54 54 57 59 59 61 61 62 64 64 64 65 65 65 65 65 65 64 64 64 64 64 64 64 64 65 65 66 67 69
100 99 97 97 97 96 96 96 95 94 94 93 93 91 91 91 91 91 89 88 88 89 89 88 87 85 84 82 82 82 80 80 79 78 77 76 75 73 72 71 69 68 67 66 65 65 63 62 62 62 62 63 65 66 67 68 68 68 68 68 65 60 59 58 57 57 55 55 56 58 59 61 63 63 64 64 64 65 65 65 64 64 64 64 64 64 64 64 64 64 64 65 65 65 65 65
100 99 97 97 97 97 97 97 96 95 94 93 93 91 91 91 91 91 90 90 90 90 90 90 88 85 83 82 82 82 80 80 79 78 78 76 76 75 73 71 70 69 67 66 65 65 62 61 60 61 62 63 65 65 67 67 67 67 66 66 64 60 59 58 58 57 55 55 55 57 58 60 62 63 64 64 64 65 65 65 64 64 64 64 64 64 64 63 64 64 64 64 64 65 65 64
99 99 98 98 98 97 97 97 96 96 95 94 93 91 91 91 90 90 90 90 90 90 91 91 89 86 83 82 82 82 80 80 78 78 78 76 76 75 74 73 71 69 68 66 65 65 63 61 60 61 62 63 65 65 66 65 65 63 62 62 60 59 58 57 57 56 54 54 54 55 56 59 61 63 63 63 64 64 64 64 64 64 63 64 64 64 64 63 63 63 63 64 64 64 64 64
99 99 98 98 98 97 97 97 96 96 95 94 94 92 91 91 90 90 90 90 90 91 91 91 90 86 83 81 81 81 80 80 78 77 77 76 76 75 74 73 72 69 69 67 65 65 64 62 60 60 62 63 65 65 66 65 64 60 59 59 58 58 57 57 56 55 54 54 54 53 54 57 59 62 62 62 63 64 64 64 64 64 63 64 64 64 64 63 61 61 62 63 63 63 64 64
99 99 98 98 98 97 97 96 96 96 95 94 94 92 92 91 91 91 91 91 91 91 92 92 91 87 84 81 81 81 80 80 78 77 77 76 76 75 74 74 72 70 69 67 66 66 66 64 61 59 61 63 65 66 66 65 64 60 59 58 58 57 56 54 55 56 57 56 55 53 51 53 57 59 60 61 62 63 63 64 63 63 63 64 64 64 64 63 62 61 61 62 63 62 63 63
99 99 98 98 98 97 97 96 96 96 95 94 94 92 92 91 91 91 91 91 91 93 93 93 92 89 85 82 81 81 80 80 78 77 77 76 76 75 73 73 72 70 70 68 67 67 66 66 63 59 59 62 65 66 66 65 64 61 58 58 57 56 56 56 58 58 57 57 57 54 51 51 54 57 58 58 60 61 62 63 63 62 62 63 63 64 64 63 62 60 60 61 61 61 61 62
98 98 98 98 98 97 97 96 95 95 94 94 93 92 91 91 90 90 91 91 91 93 93 93 92 90 86 83 81 81 79 79 78 77 77 76 76 75 74 73 72 70 70 68 67 67 67 66 64 59 59 62 65 66 65 64 63 61 58 57 56 56 57 58 58 58 57 57 57 57 53 51 52 55 56 57 58 59 60 61 61 60 61 62 63 63 63 62 60 59 59 60 60 60 60 61
