geo_cache/4-3/elevation.txt
ncols         938
nrows         918
xllcorner     -71.72222222222221
yllcorner     42.504
cellsize      1.0E-5
NODATA_value  -9999
[rows 392 to 440 of 918, columns 768 to 863 of 938]
59 59 59 60 59 59 61 64 66 68 70 74 77 80 83 87 89 90 91 90 90 90 90 90 90 91 91 91 92 93 93 93 93 92 92 92 94 93 93 92 89 85 82 81 76 71 69 70 73 71 68 68 70 71 71 70 69 67 65 64 63 62 61 58 55 51 47 47 47 47 47 46 44 43 42 41 40 40 39 39 39 39 39 38 38 38 40 39 39 39 39 38 36 35 35 35
60 60 60 60 60 60 63 68 70 73 74 77 80 82 86 88 89 90 91 91 91 91 91 91 91 91 92 92 92 94 94 93 93 92 92 92 94 94 94 92 89 86 83 81 76 72 71 74 75 75 73 72 72 72 72 71 69 68 67 65 64 62 61 59 55 53 49 47 47 47 46 46 44 43 42 41 40 40 39 39 39 39 39 38 38 38 40 39 39 39 39 38 36 35 35 35
60 60 60 61 61 62 66 71 74 76 77 79 82 85 88 89 89 90 90 91 91 91 91 91 91 91 91 92 93 94 94 94 94 93 91 91 92 93 93 92 89 86 83 81 77 73 75 77 77 77 77 75 73 72 72 71 70 69 68 66 64 62 61 60 57 53 50 47 47 47 46 46 45 45 43 41 40 40 39 39 39 39 39 38 39 39 40 39 39 38 38 37 36 35 35 35
60 60 60 61 62 65 69 73 76 77 79 81 84 87 90 90 90 91 91 91 91 91 92 91 90 90 90 92 93 94 94 94 94 93 90 90 91 92 92 91 89 86 83 81 78 75 75 77 78 78 78 77 75 73 73 72 70 70 69 66 64 62 60 60 57 53 51 47 47 47 46 46 46 46 45 42 40 40 39 39 39 39 39 39 40 40 39 39 39 38 38 37 36 36 35 35
59 59 59 61 63 68 71 75 77 78 79 82 85 87 91 91 91 91 91 91 92 92 91 90 88 87 88 90 91 93 93 94 94 93 90 90 89 90 90 90 88 85 82 81 77 75 75 76 77 77 78 77 76 73 73 72 71 70 69 67 64 62 60 60 58 55 51 48 47 47 46 46 46 47 46 42 41 40 40 39 39 39 39 39 40 40 39 39 39 38 38 37 37 37 36 36
58 59 59 62 64 68 72 75 77 79 80 83 86 87 89 90 90 91 92 94 94 93 88 86 84 84 84 85 87 91 93 93 93 92 90 90 89 89 89 88 86 84 82 80 77 76 76 76 77 77 76 76 75 73 73 73 71 71 70 67 64 62 60 60 59 57 52 48 47 47 46 46 46 47 46 43 41 41 40 40 40 40 40 40 40 40 39 39 39 38 38 38 38 38 37 37
58 59 59 62 64 67 71 74 76 79 80 83 85 86 88 89 90 91 94 95 94 92 87 85 83 83 83 83 83 87 92 93 93 92 90 90 88 88 87 86 85 83 81 80 77 76 76 76 76 76 76 75 75 73 73 73 71 71 70 67 65 63 61 60 59 57 52 48 47 47 45 45 45 46 46 44 41 41 40 40 40 40 40 40 40 40 39 39 39 38 38 38 38 38 38 37
58 59 59 61 63 65 68 72 75 77 80 81 82 84 85 86 88 90 93 95 92 89 85 84 83 83 83 83 83 87 91 93 93 92 90 90 88 87 86 85 83 82 81 80 77 77 77 77 76 76 77 77 75 74 73 73 72 71 70 69 67 64 61 59 56 55 53 50 48 47 45 45 45 45 45 44 42 41 41 41 41 40 40 40 39 39 39 38 38 38 38 38 39 39 39 39
59 59 59 60 62 64 67 70 74 76 78 79 79 80 81 82 84 86 88 89 87 85 84 83 83 83 83 83 85 87 90 92 92 91 90 89 87 85 84 83 81 80 80 79 77 77 77 77 77 77 78 77 76 74 74 73 72 72 71 69 67 64 61 58 56 56 55 51 49 48 47 45 44 44 44 44 42 42 41 41 41 40 40 40 39 39 38 38 38 38 38 39 40 40 40 40
58 59 59 60 62 63 66 69 72 74 75 76 76 76 77 78 81 83 84 85 84 83 83 83 83 83 83 83 85 87 89 90 90 89 88 87 85 84 82 81 79 78 79 79 77 77 77 77 76 76 77 77 76 74 74 74 72 72 71 68 66 64 62 60 58 57 56 53 52 50 48 46 44 43 43 42 42 41 41 41 41 40 40 40 39 39 38 38 38 38 38 40 42 42 41 41
58 59 59 60 62 62 65 67 69 71 72 72 72 72 73 75 77 79 81 82 82 82 82 83 83 83 83 83 84 86 88 89 89 88 86 85 83 82 80 78 77 77 78 79 78 77 77 77 76 76 77 77 76 75 74 74 73 73 71 69 67 65 64 62 59 57 56 55 53 52 50 47 45 43 43 42 41 41 41 41 41 40 40 40 39 39 38 38 38 38 39 41 43 43 42 42
59 59 59 60 62 62 64 66 68 69 70 69 69 70 72 73 75 77 79 80 81 81 82 82 82 82 83 83 83 85 87 87 88 87 85 84 82 81 78 76 75 75 77 79 79 77 77 77 76 76 78 77 77 76 74 73 73 73 72 72 70 67 65 63 60 58 57 55 54 53 51 49 46 45 44 42 41 41 41 41 41 40 40 40 39 39 38 38 38 39 40 42 44 44 43 43
58 59 59 60 61 62 63 65 67 68 68 68 68 69 70 71 73 75 76 78 80 81 81 82 82 82 82 82 83 84 86 86 86 85 84 82 80 78 76 74 74 74 76 79 79 78 78 77 77 76 77 77 77 74 74 73 72 72 73 74 71 68 65 63 61 59 57 55 55 54 52 50 46 45 45 43 41 41 41 41 41 40 40 40 39 39 38 38 38 39 41 43 45 45 44 44
58 58 59 60 61 61 63 64 65 66 66 66 66 68 69 71 72 73 74 76 78 80 81 81 81 81 81 81 82 83 84 85 85 84 83 81 79 77 75 73 72 73 75 78 78 78 78 78 77 76 75 75 74 74 74 74 71 71 73 74 72 69 66 64 61 59 57 54 54 54 52 50 46 44 42 42 41 41 41 41 41 40 40 40 39 39 39 39 39 40 42 44 45 45 45 44
57 58 58 59 59 61 63 63 64 64 64 65 65 66 69 70 71 72 73 74 77 79 80 80 80 80 81 81 82 83 83 84 84 83 82 80 77 74 72 72 72 73 75 77 78 78 78 78 76 75 74 74 74 74 77 75 71 71 72 72 71 69 66 64 61 60 58 55 54 54 52 48 45 43 42 41 41 41 41 41 41 41 41 40 40 40 40 40 40 41 43 44 45 45 46 45
57 58 58 58 58 60 61 61 61 62 62 63 64 65 68 69 70 71 72 73 77 79 80 80 79 79 80 80 81 82 82 82 82 81 80 78 75 73 72 71 71 72 75 76 77 78 77 76 75 74 74 74 74 77 77 75 71 71 71 71 70 68 66 64 61 60 59 55 54 53 51 48 45 43 42 41 41 41 41 41 41 41 41 41 41 40 40 40 40 42 43 44 46 46 46 46
57 58 58 57 58 59 60 60 61 61 61 62 64 65 68 69 69 71 72 74 77 78 78 78 78 78 79 79 80 81 81 80 80 79 78 76 74 72 72 71 71 72 74 75 76 76 76 75 74 74 74 74 74 77 76 74 71 70 70 70 69 67 65 63 61 60 59 56 53 53 51 49 46 44 43 42 41 41 41 41 42 42 43 42 41 41 40 40 40 42 43 44 46 46 46 47
56 57 56 57 58 58 59 59 59 59 60 62 64 65 67 69 69 71 73 74 76 76 77 77 76 76 76 77 78 79 79 78 77 77 76 75 75 73 72 71 71 72 73 73 73 73 74 74 74 74 73 73 74 77 76 73 70 69 69 69 68 66 64 63 61 60 59 56 53 52 51 50 48 45 43 42 41 41 41 42 44 45 45 44 44 42 41 40 40 42 42 43 46 47 47 47
55 56 56 57 58 58 59 59 59 59 60 62 65 65 67 68 69 71 72 74 74 74 74 75 75 75 75 75 76 77 77 76 75 75 74 74 75 73 71 71 71 71 71 71 71 72 73 73 74 74 73 73 74 75 73 71 69 68 67 66 66 64 63 62 61 59 58 55 53 51 51 51 49 46 43 42 42 42 42 45 46 46 46 46 46 44 42 41 41 42 42 43 46 47 48 48
55 56 56 57 58 58 59 59 59 60 61 63 65 65 67 68 68 69 70 71 71 71 71 72 72 72 72 72 72 73 74 74 73 73 72 73 73 71 69 69 70 69 69 68 68 70 72 72 72 72 73 73 74 73 71 68 66 65 64 63 62 61 61 61 60 59 58 55 52 50 49 49 47 46 44 41 41 41 43 45 47 48 49 48 48 47 45 43 41 42 43 44 46 47 48 48
55 56 56 57 58 58 59 59 60 61 61 64 65 66 67 67 67 68 69 68 69 69 70 70 70 71 71 71 71 71 72 72 71 71 71 71 70 69 69 69 69 69 68 68 68 70 71 72 71 70 71 72 72 71 69 66 63 62 61 60 59 59 59 59 59 58 57 54 52 49 47 47 46 46 45 42 41 41 43 45 47 49 49 49 49 49 47 45 44 45 45 45 46 47 48 48
55 56 56 57 58 58 60 60 61 61 61 64 66 66 67 67 67 67 68 68 68 68 69 69 69 71 70 70 70 70 70 70 70 70 70 70 69 69 69 69 69 69 68 68 68 70 71 71 69 69 70 71 71 70 67 64 61 59 58 57 57 56 56 56 57 57 55 53 51 48 45 45 46 46 46 42 41 41 43 45 47 50 50 51 51 50 49 47 46 46 46 46 47 47 48 47
55 56 56 58 59 60 61 62 62 62 63 64 66 66 67 67 67 67 67 68 68 68 68 69 69 71 70 70 69 69 69 69 69 69 69 69 69 69 69 69 69 69 68 68 69 71 71 70 68 67 68 69 69 68 66 62 60 58 57 56 56 54 53 54 54 55 53 50 48 46 44 44 45 46 46 45 42 41 43 45 47 50 50 52 53 51 50 49 48 47 46 46 45 46 46 46
55 56 56 58 60 61 62 63 64 64 64 65 66 66 67 67 67 68 68 68 68 68 68 69 69 71 71 70 69 69 69 69 69 69 69 69 69 69 69 69 68 68 68 68 69 70 70 68 67 67 67 67 67 66 64 61 59 58 57 56 56 54 52 52 51 50 49 47 45 44 44 44 45 46 46 46 43 42 45 47 48 50 50 52 53 52 50 49 49 47 46 45 44 45 45 44
55 56 56 59 61 62 64 65 66 66 66 66 66 66 67 67 67 68 68 68 68 69 70 70 70 70 70 70 69 69 69 69 69 69 69 69 69 69 69 69 68 68 68 68 68 68 68 67 65 65 65 65 64 63 61 59 58 58 58 59 58 56 54 52 50 49 48 46 45 44 44 44 45 46 46 47 46 44 47 50 50 50 51 52 52 52 51 51 50 48 46 45 44 44 44 42
55 56 57 60 62 65 66 67 67 68 68 67 67 67 67 67 67 68 68 68 69 70 73 73 71 70 69 69 69 69 69 68 68 68 68 68 68 68 68 68 68 68 68 68 68 67 67 66 65 65 64 63 62 60 59 59 58 58 60 60 59 56 54 53 51 50 49 48 46 44 44 44 46 47 47 47 47 46 48 52 52 52 52 52 53 53 52 51 51 48 46 45 43 43 42 40
55 56 58 61 64 67 69 69 70 70 70 69 69 67 67 67 67 68 68 68 69 73 75 74 72 70 69 69 69 69 69 68 68 68 68 68 68 68 68 68 68 68 68 68 68 67 66 65 64 64 63 62 61 59 59 59 59 59 61 61 60 56 56 55 54 52 51 49 47 45 44 45 47 48 50 48 48 48 49 52 54 55 54 54 54 53 53 51 50 48 46 45 43 43 42 39
55 57 59 62 65 69 71 73 73 73 73 73 71 69 68 68 68 68 68 68 70 74 77 77 74 71 69 69 69 69 69 68 68 68 68 68 68 68 68 68 68 68 68 68 67 66 66 65 64 64 63 62 62 61 62 61 60 61 62 61 60 57 57 56 55 53 52 50 49 46 45 46 48 50 51 50 49 49 50 52 56 56 55 55 54 54 53 51 50 48 46 45 43 43 42 39
55 57 59 63 68 71 74 75 75 76 76 77 74 72 70 69 68 68 68 68 70 76 80 81 77 73 71 71 71 70 69 68 68 68 68 68 68 68 68 68 68 68 67 67 67 66 66 65 64 64 64 65 64 64 63 63 62 62 62 61 60 60 59 58 56 54 53 51 50 47 46 48 50 52 53 50 49 49 49 52 56 57 57 56 55 55 53 52 51 48 46 45 43 42 41 38
55 57 60 64 69 74 76 77 78 78 79 79 78 76 73 72 71 71 69 69 71 77 83 84 80 75 73 73 73 72 71 69 69 68 68 68 68 68 68 68 68 68 67 67 67 66 66 65 65 65 65 66 67 66 65 64 63 63 63 62 62 62 61 60 58 57 55 53 51 49 48 50 51 53 53 51 49 49 49 50 53 56 57 57 56 55 53 52 51 48 46 44 42 41 40 38
55 57 60 64 70 76 78 79 80 81 82 83 81 80 78 76 76 75 73 69 71 77 84 86 83 78 76 75 75 75 74 71 69 68 68 68 68 68 68 68 68 68 67 67 67 66 66 66 66 66 66 68 69 69 69 66 64 64 64 64 64 64 63 62 61 59 57 55 52 50 49 50 53 53 53 51 50 49 49 49 51 54 57 57 56 55 53 52 52 48 46 43 42 40 38 38
55 57 60 64 71 76 81 84 84 85 86 86 85 84 83 83 81 79 77 73 72 77 85 87 85 79 76 76 76 77 76 73 70 69 68 68 68 68 68 68 68 68 68 68 68 67 67 67 67 67 67 69 70 71 71 69 67 66 66 66 66 66 66 64 62 61 59 56 54 52 50 50 53 53 53 51 50 50 50 50 50 52 55 57 56 55 53 52 51 48 46 43 41 39 38 39
55 57 60 64 71 76 83 88 89 89 89 89 90 89 89 88 86 83 80 76 75 77 83 86 85 80 76 76 76 77 77 75 73 71 68 68 68 68 68 68 68 68 68 68 68 67 67 67 67 67 68 69 70 72 72 71 70 68 67 67 68 68 68 66 63 61 60 57 55 53 51 51 51 52 52 51 51 50 50 50 50 50 51 56 56 55 53 52 50 47 44 42 40 39 38 40
56 58 60 65 70 76 84 89 93 93 90 91 92 95 96 95 91 87 82 78 76 76 79 81 82 79 76 74 75 76 77 76 74 73 71 69 68 68 68 68 68 68 68 68 68 68 68 68 68 68 69 70 70 72 72 72 71 70 69 69 69 69 68 67 63 61 60 57 55 54 51 51 50 50 51 52 51 51 50 50 50 50 50 53 55 55 53 51 48 45 42 41 39 39 39 40
56 58 60 64 69 75 83 89 94 97 93 91 93 99 104 103 98 91 84 79 75 75 75 76 76 76 75 73 72 73 74 74 73 73 71 70 68 68 68 68 68 68 68 68 68 68 68 68 68 68 69 69 70 72 73 73 72 72 71 71 71 70 68 67 63 61 60 57 55 54 51 51 50 50 50 51 51 51 50 50 50 50 50 51 53 53 52 49 46 43 41 41 40 39 39 40
56 58 60 64 68 74 80 87 94 97 93 89 90 96 104 106 101 91 85 79 74 74 74 74 74 74 73 72 71 71 70 70 70 69 69 68 68 68 68 68 68 68 68 68 68 68 68 68 69 69 69 69 70 71 73 74 73 73 72 72 72 70 69 67 63 61 59 56 54 53 51 51 50 50 50 50 51 51 50 50 50 50 50 50 50 52 50 47 45 43 42 41 40 40 40 40
56 57 59 63 66 72 78 86 90 92 91 87 86 92 99 102 98 90 84 78 74 74 74 73 73 72 72 71 69 69 69 68 68 68 68 68 68 68 68 68 68 68 68 68 68 68 68 68 69 69 69 69 69 71 72 74 75 75 74 73 72 70 69 67 63 61 59 55 54 53 52 51 50 50 50 50 50 50 50 50 50 49 49 49 49 50 49 46 46 47 45 42 40 40 40 41
56 56 58 62 64 68 75 81 86 88 88 85 84 88 94 97 93 87 82 77 74 74 73 73 73 71 71 70 69 69 69 68 68 68 68 68 68 68 68 68 68 68 68 68 68 68 68 68 69 69 69 69 69 71 72 74 76 76 75 73 73 71 69 67 64 62 59 57 55 54 53 51 50 50 50 50 50 50 50 50 49 49 49 49 49 49 48 47 49 49 46 43 41 41 41 41
56 56 56 60 63 65 70 76 82 84 85 83 81 85 90 93 89 84 80 76 74 74 73 72 72 71 70 70 69 68 68 68 68 68 68 68 68 68 68 68 68 68 68 68 68 68 68 68 69 69 69 69 69 72 72 74 76 76 75 74 73 72 69 68 65 63 61 59 56 54 53 52 51 50 50 50 50 50 50 50 49 49 49 49 49 49 48 48 49 47 45 43 41 41 41 41
56 56 56 58 61 63 66 71 76 81 82 80 78 82 86 88 86 82 78 76 73 73 72 72 72 71 70 70 69 68 68 68 68 68 68 68 68 68 68 68 68 68 68 68 68 68 68 68 68 68 69 69 69 71 72 74 76 76 76 75 75 73 70 68 66 63 62 60 58 55 54 53 52 51 50 50 50 50 49 49 49 49 49 48 48 48 47 47 45 44 43 41 41 41 42 42
56 56 56 57 60 62 65 68 73 76 79 77 76 78 82 84 83 79 77 75 73 73 72 71 71 71 70 70 69 68 68 68 68 68 68 68 68 68 68 68 68 68 68 68 68 68 68 68 68 68 69 69 69 71 72 74 76 76 76 76 76 73 71 69 67 64 63 61 59 56 54 54 53 51 50 50 49 49 49 49 49 48 48 48 48 48 46 46 43 41 41 41 41 41 43 43
56 56 56 56 59 61 64 66 70 72 75 74 73 75 78 79 79 77 75 73 73 72 72 71 71 70 70 70 69 68 68 68 68 68 68 68 68 68 68 68 68 68 68 68 68 68 68 68 68 68 68 69 69 70 72 74 76 76 76 76 76 74 71 70 67 65 64 62 60 57 56 55 53 51 50 49 49 49 48 48 48 48 48 48 48 48 47 46 42 41 41 41 41 41 43 45
56 56 56 56 59 61 63 65 68 70 72 72 72 72 73 74 74 73 73 72 72 71 71 71 71 70 70 70 69 68 68 68 68 68 68 68 68 68 68 68 68 68 68 68 68 68 68 68 68 68 68 68 69 70 71 74 76 76 75 75 75 74 71 70 67 65 64 62 61 59 58 57 54 51 50 49 49 49 48 48 48 48 48 48 48 48 47 46 44 43 42 41 40 41 43 46
56 56 56 56 57 60 61 63 66 69 70 70 70 69 70 71 72 72 71 71 71 71 71 70 70 70 70 70 69 68 68 68 68 68 68 68 68 68 68 68 68 68 68 68 68 67 67 67 67 66 67 67 67 69 70 72 74 74 74 74 74 74 71 70 67 65 65 62 62 61 61 62 60 53 50 49 48 48 47 47 47 47 47 47 47 47 47 47 47 46 44 43 42 41 43 46
57 57 56 56 57 59 61 62 65 67 67 67 66 65 67 69 70 70 70 70 70 70 70 70 70 70 70 70 69 68 68 68 68 68 68 68 68 68 68 68 68 68 68 68 68 67 67 67 66 65 65 66 66 67 68 68 72 72 65 64 66 72 71 69 67 66 65 65 65 64 63 64 62 54 50 48 48 48 47 47 47 47 47 47 47 47 48 48 48 47 46 46 46 45 44 46
58 58 58 59 59 59 61 62 64 66 66 65 65 65 67 68 69 70 70 70 69 69 69 69 69 69 70 70 69 68 68 68 68 68 68 68 68 68 68 68 68 68 68 68 67 66 65 65 64 64 64 64 65 66 66 67 67 58 46 45 49 56 63 68 67 67 66 66 66 65 64 64 62 55 51 48 47 47 47 47 47 47 47 47 47 47 48 48 48 47 46 46 46 46 45 47
58 58 59 61 61 61 62 62 64 64 65 65 65 65 67 67 68 69 69 69 69 69 69 68 68 69 70 70 69 68 68 68 68 68 68 68 68 68 68 68 68 68 67 67 66 65 64 62 62 62 62 62 63 64 65 65 54 38 31 30 32 38 48 61 67 67 67 66 66 65 65 65 62 54 51 48 47 47 47 47 47 47 47 47 47 47 48 48 48 46 46 46 46 45 45 46
58 58 60 62 62 63 63 63 63 64 64 64 65 65 66 66 67 67 67 68 68 67 68 68 68 69 70 70 69 68 68 68 68 68 68 68 68 68 68 67 67 67 66 65 64 63 62 61 61 61 61 61 62 62 62 59 41 30 24 23 23 27 33 48 66 67 67 66 66 65 63 60 57 53 50 48 47 47 47 47 47 47 47 47 47 47 48 48 48 47 47 47 46 45 45 45
59 59 60 62 63 63 64 64 64 64 63 63 63 64 64 64 65 66 66 67 67 66 67 67 67 68 69 70 69 68 68 68 68 68 68 68 68 68 68 67 66 66 64 62 60 60 60 60 60 60 60 60 60 60 59 55 39 28 23 23 23 23 27 43 65 66 66 65 65 63 59 56 54 51 50 49 47 47 47 47 47 48 48 48 48 48 48 48 48 48 48 48 46 46 45 45
