geo_cache/4-3/elevation.txt
ncols         938
nrows         918
xllcorner     -71.72222222222221
yllcorner     42.504
cellsize      1.0E-5
NODATA_value  -9999
[rows 392 to 440 of 918, columns 576 to 671 of 938]
86 87 87 86 83 80 79 78 77 76 75 75 75 75 77 81 81 79 76 73 69 66 66 66 64 63 61 59 57 55 54 52 50 49 49 49 49 49 49 49 49 49 49 49 49 50 54 57 60 61 63 67 70 71 74 75 77 80 82 84 82 82 81 80 80 80 80 80 80 81 81 80 78 76 76 76 78 81 83 83 83 85 84 83 79 79 82 85 87 88 87 86 88 90 92 93
87 87 87 86 82 80 80 78 78 76 75 75 75 76 77 77 77 75 70 68 67 66 66 67 68 65 61 59 58 57 55 53 49 49 49 49 50 49 49 49 49 49 49 49 49 50 53 57 59 61 63 67 70 72 74 75 77 81 82 84 83 82 81 81 80 80 80 80 80 80 80 79 78 77 77 79 81 83 84 84 84 85 85 83 80 80 84 87 89 89 87 87 89 91 94 95
85 86 86 85 82 80 79 78 77 76 75 75 76 78 78 75 73 70 67 66 66 67 69 71 71 66 62 59 57 57 55 51 49 49 49 49 50 49 49 49 49 49 49 49 49 51 53 55 58 60 63 67 70 72 74 75 77 80 82 83 83 83 82 82 81 81 80 80 79 79 78 78 78 77 79 81 83 85 86 86 86 86 86 84 80 81 86 89 89 88 88 88 90 93 96 98
85 85 85 84 81 79 78 77 77 76 76 77 78 78 76 73 71 68 66 68 71 73 73 74 75 73 68 60 57 56 55 51 49 49 49 50 50 49 49 49 49 49 49 49 51 54 55 55 57 59 62 66 68 71 74 75 77 78 79 81 83 83 83 83 82 81 81 80 79 79 77 77 77 79 80 82 85 86 87 87 87 87 86 85 82 82 86 89 88 88 88 89 91 96 98 100
84 85 85 84 81 79 78 77 77 77 78 80 80 78 73 70 68 68 69 74 76 77 76 76 77 79 74 63 59 58 56 51 49 49 49 50 50 49 49 49 49 49 49 50 54 56 58 56 56 58 61 63 65 67 71 73 75 75 77 79 81 82 82 82 82 81 81 80 79 78 77 77 77 80 81 83 86 88 88 88 88 89 87 86 85 83 85 86 86 87 88 90 93 97 100 103
84 85 85 84 81 79 78 78 78 78 79 82 81 78 73 69 68 71 75 79 78 77 77 77 79 79 74 64 60 59 57 54 50 50 50 51 50 49 49 49 49 49 49 52 56 59 62 60 57 58 59 61 62 64 66 69 71 73 75 76 78 79 80 81 81 81 81 81 78 77 77 77 77 80 82 84 87 89 89 89 89 89 89 88 86 84 84 86 86 87 89 92 95 99 102 105
84 85 85 84 81 79 79 78 78 78 79 82 81 77 73 72 75 76 76 79 79 76 77 78 79 78 72 63 60 59 58 55 51 50 50 51 50 49 49 49 49 49 49 54 58 63 68 66 62 60 59 61 61 63 66 67 69 72 73 75 76 76 78 79 80 80 80 79 77 77 77 77 77 80 83 84 87 89 90 89 89 89 89 89 86 85 85 86 87 89 91 94 97 101 104 106
85 87 86 84 81 81 79 79 79 78 80 81 80 76 75 78 80 79 76 76 76 74 76 78 78 75 68 62 58 56 54 51 50 50 50 51 49 49 49 49 49 49 50 55 60 67 72 73 70 68 66 65 62 63 67 69 71 72 72 74 75 75 75 76 77 77 77 77 77 77 77 77 77 80 83 85 88 90 90 89 89 89 90 89 87 86 86 86 88 91 94 96 100 103 105 107
87 88 87 85 84 83 81 80 80 80 80 80 79 78 80 82 82 80 76 73 70 71 75 77 77 71 63 59 55 51 51 50 50 50 50 50 49 49 49 49 49 49 50 56 62 70 75 78 78 76 73 69 64 64 66 68 71 72 72 73 74 74 74 75 75 76 76 76 77 77 77 77 77 81 83 85 89 90 91 90 89 89 90 90 89 87 86 87 89 91 95 97 101 104 106 109
88 90 89 87 86 84 82 81 81 80 80 80 79 79 81 83 83 81 76 69 69 73 79 79 77 71 62 58 54 50 50 50 50 50 50 50 49 49 49 49 49 49 52 57 64 71 76 78 79 77 75 71 67 65 65 67 69 70 71 73 74 74 74 74 75 76 76 76 77 77 77 77 77 80 83 85 88 90 91 91 89 89 91 92 90 88 86 87 89 91 94 98 102 105 108 111
88 89 89 88 86 83 82 81 81 80 79 79 78 80 81 83 83 82 77 72 76 80 81 81 79 72 62 58 54 50 50 50 49 49 50 49 49 49 49 49 49 49 53 59 66 72 76 78 79 77 76 73 69 68 67 67 69 71 73 73 74 76 76 76 76 76 76 76 77 77 78 78 78 80 83 84 87 89 91 91 90 90 92 93 91 88 87 87 88 90 95 98 103 107 109 112
86 88 89 88 84 81 79 79 79 79 78 78 78 79 81 82 82 82 80 79 82 83 82 81 78 71 62 58 54 50 50 50 49 49 50 49 49 49 49 49 49 49 53 60 67 73 77 79 80 78 77 74 70 69 69 69 70 72 74 75 76 77 79 80 79 78 77 77 77 78 79 80 80 80 83 84 87 88 90 92 91 91 92 93 91 88 87 87 89 92 96 100 104 108 110 114
84 86 87 85 81 79 78 78 78 78 77 77 77 79 81 82 80 80 81 82 83 84 83 81 77 71 62 59 54 51 50 50 49 49 49 49 49 49 49 49 49 49 55 61 67 74 77 79 80 78 77 74 71 70 70 70 71 73 74 76 77 79 80 81 82 81 78 77 78 79 81 82 81 81 83 85 87 88 90 92 92 92 93 93 90 88 88 88 90 92 97 100 105 109 111 115
83 84 84 82 79 78 78 78 78 77 77 77 77 80 82 81 80 79 80 82 83 84 84 82 78 71 64 59 55 51 51 50 49 49 50 49 49 49 49 49 49 51 55 61 66 73 77 79 80 78 76 73 72 71 71 71 71 73 74 75 77 79 81 82 83 83 81 78 78 79 82 84 84 82 83 85 87 88 89 92 93 93 92 92 89 88 88 89 90 94 98 102 106 110 111 114
82 82 81 79 78 78 80 78 78 77 77 77 79 81 82 81 80 79 80 82 83 82 82 83 79 72 65 59 55 52 51 50 50 50 50 49 49 49 49 49 49 52 56 61 68 74 78 78 79 77 76 74 73 71 71 71 71 72 73 74 76 78 82 83 84 84 82 78 79 80 83 85 87 84 83 84 87 87 89 91 93 93 92 91 89 89 89 89 90 94 99 102 107 111 111 114
81 81 80 79 79 78 80 78 77 77 77 78 81 81 81 80 80 80 82 83 82 80 81 83 78 70 65 60 56 53 51 50 50 51 49 49 49 49 49 49 49 52 56 62 68 74 78 78 78 78 77 76 74 73 73 71 71 71 72 74 76 78 82 84 86 86 83 78 79 80 83 86 87 85 84 84 86 87 88 90 92 93 92 90 89 89 89 89 91 95 100 103 109 113 112 114
81 80 80 81 81 80 79 77 77 77 77 78 81 81 81 80 80 81 82 82 80 79 80 80 75 67 63 60 56 54 52 52 53 52 49 49 51 53 52 52 52 53 56 59 64 68 72 74 76 78 78 77 75 74 74 71 70 71 72 74 76 77 81 84 86 86 83 79 79 81 84 87 87 87 85 85 86 86 87 89 92 93 91 90 89 89 89 90 92 95 100 104 110 113 113 114
81 81 81 82 81 81 79 77 77 77 77 78 80 81 81 80 80 80 80 79 78 78 78 75 71 66 62 60 57 56 55 54 53 49 49 49 53 56 57 57 57 57 56 57 59 61 64 67 71 75 77 77 76 75 72 69 69 71 73 74 76 77 81 84 86 86 84 79 80 82 85 88 89 88 86 85 86 86 87 89 91 93 91 89 89 89 91 93 93 95 100 104 110 114 114 115
83 82 82 82 81 80 78 77 77 77 77 78 80 81 81 80 79 79 79 78 76 76 74 70 67 64 61 60 58 57 56 54 51 49 49 49 54 57 58 59 60 60 60 58 58 59 59 63 68 73 75 75 74 72 69 68 69 73 74 75 76 78 81 83 85 86 84 80 81 83 86 89 90 89 87 86 86 86 87 89 90 92 91 89 89 90 91 93 93 94 100 104 110 114 114 115
84 82 82 81 80 79 77 77 77 77 77 78 80 81 80 79 78 77 75 74 72 70 67 64 63 63 60 60 58 57 55 52 49 48 49 50 55 58 62 63 65 67 65 63 61 59 59 60 65 71 73 71 70 68 68 68 72 74 75 76 77 78 81 82 84 85 84 80 82 84 87 90 92 91 89 86 86 86 86 88 89 91 90 89 89 89 90 91 92 94 100 105 110 114 114 115
85 82 82 81 80 79 77 77 77 77 78 78 79 78 79 78 77 76 74 73 71 69 67 63 61 61 60 60 58 56 55 52 48 48 49 51 55 59 64 66 69 71 71 69 67 64 61 60 63 68 70 68 68 68 68 70 73 75 76 77 78 79 81 82 84 84 84 81 83 86 89 91 94 93 91 87 86 86 86 88 89 90 90 89 89 89 89 91 91 94 100 105 110 114 114 114
85 83 83 82 81 81 78 77 77 77 78 79 79 78 78 78 77 76 74 73 72 72 69 64 61 61 61 60 59 56 55 52 49 48 49 51 55 60 65 67 71 75 75 73 70 67 64 61 63 66 67 68 68 68 68 71 75 76 76 77 79 79 81 82 84 85 84 82 84 88 91 94 96 96 93 89 86 86 86 88 89 90 91 91 90 89 89 91 91 94 100 104 110 114 114 114
86 84 84 83 83 82 79 78 78 78 79 81 80 78 78 76 75 74 73 73 75 74 71 67 65 64 62 61 59 56 55 52 49 48 49 50 54 60 66 67 71 75 77 75 73 70 66 62 62 65 66 68 70 68 69 72 75 77 78 78 79 80 82 83 85 86 85 84 86 89 93 97 100 99 95 90 87 87 87 88 90 91 93 93 93 92 91 91 92 95 99 104 111 114 114 114
89 85 84 84 83 83 81 81 80 79 80 81 80 78 78 75 73 72 72 76 77 75 72 71 67 65 63 62 59 56 54 52 51 49 48 49 53 60 64 66 70 74 77 77 76 73 69 65 63 65 66 70 71 69 70 72 76 79 80 79 80 80 82 85 85 86 86 85 87 90 94 99 101 101 97 92 90 88 89 90 93 95 95 96 96 96 94 92 93 95 99 105 111 115 115 114
90 85 84 84 83 83 83 82 81 79 79 79 79 78 77 74 72 71 73 78 78 75 73 72 68 65 63 62 59 55 53 53 52 51 49 49 51 56 61 64 68 72 76 77 77 75 72 68 66 67 70 72 72 71 71 73 76 80 81 80 80 80 83 85 86 87 87 87 88 91 95 100 102 101 99 95 92 92 93 95 97 98 99 99 100 100 99 97 96 97 100 105 110 115 115 114
91 85 85 85 84 84 84 83 82 79 79 79 78 77 76 72 72 71 75 78 78 75 74 72 68 65 62 62 60 54 53 53 53 52 51 49 50 53 57 60 65 71 75 77 78 76 73 70 68 70 72 74 75 74 73 73 76 80 81 80 80 80 84 86 87 88 88 88 89 92 96 101 102 102 100 97 94 94 97 99 100 101 101 102 103 104 103 103 101 100 100 105 110 113 115 114
90 85 85 86 86 85 85 83 82 80 79 79 78 77 75 71 71 72 76 78 77 75 75 74 69 63 60 59 57 54 53 53 53 53 52 51 51 52 56 58 62 68 72 74 76 76 74 71 70 71 73 75 77 77 76 75 77 81 81 80 80 81 85 87 87 88 88 88 89 94 98 102 102 102 101 98 95 96 98 101 102 103 104 104 106 107 108 107 106 103 102 105 108 112 114 114
90 87 87 87 86 84 83 82 81 80 80 80 78 77 75 71 71 72 76 77 77 78 79 74 69 64 61 58 54 53 52 53 54 54 53 52 52 52 55 57 61 66 69 71 73 74 74 72 71 72 73 76 78 78 77 76 77 81 81 80 80 82 86 87 87 88 88 89 90 95 99 102 102 102 101 99 97 97 98 101 102 103 105 106 108 110 110 110 108 104 103 105 108 112 114 115
90 89 89 88 86 82 81 81 81 81 79 79 78 77 74 70 70 73 77 80 81 81 80 75 70 67 62 57 53 52 52 54 54 54 54 53 53 53 55 57 61 64 66 68 71 72 73 73 73 73 74 77 78 78 77 77 77 80 80 80 80 82 86 86 87 88 88 89 91 96 100 102 102 102 101 100 98 98 98 100 102 103 105 106 109 111 112 111 109 105 104 106 109 112 114 115
93 91 90 88 84 82 81 81 81 82 80 79 77 76 74 73 75 79 82 84 82 79 76 73 70 69 62 60 60 56 55 55 55 55 54 54 54 54 56 58 61 64 66 68 70 72 73 73 74 74 74 76 77 77 77 77 77 79 79 80 80 82 86 86 87 89 89 90 93 96 101 103 103 102 101 100 98 98 99 100 101 103 105 106 110 112 113 111 108 105 104 106 110 113 115 116
95 92 90 86 83 83 82 81 83 83 80 79 77 77 77 79 81 81 83 84 80 75 72 69 66 65 62 63 61 58 57 55 55 55 55 54 54 55 57 59 62 64 67 69 71 72 73 74 75 75 75 76 77 77 77 77 77 78 78 80 81 82 86 86 87 89 90 92 94 97 101 102 102 102 100 99 98 98 98 99 101 103 105 106 110 113 113 111 108 106 105 108 111 114 116 117
95 93 89 86 85 85 84 83 84 83 80 79 79 80 81 81 80 80 82 83 80 75 72 68 63 61 61 61 60 58 58 56 55 55 55 55 55 55 58 59 62 66 69 72 74 75 76 77 78 79 79 79 80 80 79 78 78 78 78 79 80 82 85 86 87 89 90 92 95 97 100 101 102 100 99 98 98 98 98 99 102 104 106 107 110 112 112 112 111 108 107 109 112 116 117 118
96 93 89 87 87 87 85 84 84 81 79 79 81 81 81 81 79 79 82 82 80 75 71 66 62 61 60 59 58 58 57 56 55 55 55 55 55 56 59 59 63 68 72 75 77 79 80 81 81 82 82 82 82 82 82 80 79 79 79 79 79 81 83 85 86 88 90 92 95 97 99 99 99 98 98 98 98 98 98 100 102 104 106 107 110 112 114 115 114 110 109 110 114 117 118 118
96 92 90 90 90 88 86 84 81 78 79 79 82 82 82 79 78 80 81 79 76 72 69 63 61 61 59 59 58 57 56 56 55 55 55 55 55 56 59 59 64 69 74 78 80 81 82 83 83 84 83 83 83 83 84 83 83 82 80 79 79 80 80 81 82 85 89 92 95 97 97 97 97 97 97 97 98 98 98 100 102 104 106 108 111 115 119 118 116 112 110 111 114 117 119 119
95 93 92 91 90 87 84 82 79 77 77 78 80 80 78 74 73 75 76 74 69 67 67 64 63 61 59 59 57 56 56 56 55 55 55 55 55 56 58 60 64 70 76 79 80 83 84 84 85 85 85 84 84 85 85 85 85 84 82 80 79 79 80 80 80 82 87 91 95 96 96 96 96 96 96 96 97 97 97 100 102 105 107 110 114 118 122 121 118 113 110 111 114 118 119 119
95 93 92 91 89 85 82 78 76 76 76 75 74 72 70 69 70 71 72 73 70 65 63 61 61 60 58 58 57 56 56 56 55 55 55 55 55 56 58 61 67 73 77 80 82 84 85 86 86 86 86 85 85 86 87 88 87 85 83 81 80 80 80 80 80 82 86 89 93 93 93 94 94 95 95 96 97 97 98 100 103 107 110 112 115 119 124 122 119 114 111 111 114 118 119 119
96 93 90 88 85 82 78 76 74 74 74 73 71 71 71 72 70 70 72 73 69 63 61 58 56 57 58 58 57 56 56 56 55 55 55 55 55 56 60 62 69 74 78 81 83 85 87 88 88 87 87 86 87 88 89 90 91 89 85 83 80 80 80 80 80 82 84 87 89 90 91 91 91 92 93 95 97 98 101 104 107 110 112 113 116 120 124 122 119 115 111 111 114 118 119 119
97 93 89 87 83 80 77 75 74 73 72 72 71 74 76 74 71 70 71 70 65 59 57 57 56 56 59 59 57 57 57 57 55 55 55 55 55 57 61 64 70 75 78 82 84 86 88 90 90 90 89 87 87 88 90 92 93 92 89 85 81 80 80 80 80 82 83 84 86 88 89 90 90 91 92 94 97 100 102 106 109 111 113 114 117 120 123 122 119 116 112 112 114 117 119 119
96 91 87 84 80 78 75 73 73 72 72 72 76 78 76 72 70 68 67 63 59 56 55 56 56 56 59 59 58 58 58 57 55 55 55 55 55 57 62 66 72 76 78 82 85 89 91 93 93 92 92 89 88 89 92 93 94 95 92 87 83 80 80 80 80 82 82 83 84 85 86 87 88 89 91 93 98 101 104 107 110 112 113 114 116 119 122 121 119 116 112 112 114 117 118 119
92 88 84 81 78 75 73 71 71 72 73 76 79 78 72 69 68 66 63 60 58 57 56 56 56 57 59 59 58 57 57 57 55 55 55 55 55 58 64 68 73 76 79 84 87 91 93 94 95 95 94 92 90 90 93 94 95 97 95 90 85 83 80 80 80 80 81 82 82 83 83 84 85 88 91 93 98 102 105 109 111 113 115 115 116 119 121 121 119 116 112 112 114 117 118 118
89 86 83 79 76 73 70 70 71 74 77 78 76 71 66 64 64 63 61 60 58 59 57 57 57 57 59 58 57 57 57 56 55 55 55 55 55 60 66 69 74 77 81 86 90 92 95 96 97 97 97 96 93 91 93 94 96 98 99 94 88 85 82 80 80 80 80 80 81 82 82 82 84 87 91 94 99 103 106 110 112 115 116 115 115 118 120 120 118 116 113 113 115 117 117 118
86 83 80 77 73 71 69 70 75 78 77 74 69 65 63 62 62 62 60 59 58 58 58 57 57 57 59 58 56 56 56 56 55 55 55 55 56 61 68 71 74 78 82 88 91 93 96 98 100 101 100 99 96 94 94 95 96 99 100 97 90 86 83 81 80 80 80 80 80 80 81 81 83 87 91 95 100 103 106 110 112 115 117 115 113 116 119 119 117 114 113 113 115 117 117 118
84 80 78 75 72 70 69 70 77 78 73 68 64 62 62 62 63 64 63 59 57 57 57 58 58 58 59 58 56 56 56 56 55 55 55 55 57 63 69 71 75 78 83 89 92 95 98 101 103 104 104 102 100 96 95 96 97 99 100 98 92 87 85 83 80 80 80 80 80 80 81 81 82 87 91 95 101 104 106 109 112 115 117 116 112 114 117 118 116 114 113 113 115 117 117 118
81 79 77 75 73 72 69 69 72 71 67 64 62 61 61 63 64 65 64 60 57 57 57 58 58 59 58 58 58 56 56 56 55 55 55 56 59 64 70 72 76 78 83 89 92 96 99 103 105 106 106 105 102 98 96 96 97 99 100 98 94 89 86 85 83 81 80 81 81 81 81 81 83 87 91 95 101 104 106 109 112 115 117 115 112 113 116 117 115 113 113 113 115 117 117 117
80 77 76 77 77 73 69 66 66 65 64 64 62 61 63 65 66 65 62 57 56 57 57 57 58 59 58 58 58 56 56 56 56 56 56 58 60 65 71 72 76 78 83 90 92 97 100 103 106 107 109 108 104 99 95 96 98 99 99 98 96 92 89 87 85 83 82 82 82 82 82 82 83 87 92 95 101 104 106 107 111 115 117 115 111 112 114 115 114 113 113 113 115 116 116 117
79 76 76 77 77 72 68 65 64 65 66 67 66 64 65 67 67 62 58 55 55 56 56 56 58 59 58 57 57 57 57 58 58 58 58 59 61 65 71 72 76 78 84 90 92 96 99 102 105 108 110 110 106 100 95 95 98 100 100 98 97 94 91 88 86 85 84 84 82 82 82 82 83 86 91 95 99 103 104 106 109 114 117 115 111 111 113 113 113 111 112 113 114 114 115 116
79 75 75 74 72 69 66 65 64 69 74 73 69 67 68 68 63 57 55 55 55 56 56 56 58 59 57 57 59 59 60 60 60 60 60 60 62 66 71 73 76 79 84 90 92 96 98 102 105 108 110 111 107 101 95 94 96 97 97 98 97 95 93 90 87 86 85 85 82 82 82 83 83 85 89 93 97 100 103 106 108 113 115 114 110 110 110 111 111 111 111 112 112 113 114 115
79 75 73 71 69 67 65 65 69 76 80 75 71 69 69 64 57 55 55 55 55 56 56 56 58 58 58 61 65 64 63 61 61 61 61 61 64 67 72 73 76 80 85 90 93 96 98 101 105 108 110 111 108 102 96 93 92 93 93 95 95 94 93 91 88 86 86 84 82 82 82 83 83 85 88 91 95 98 102 106 108 112 114 113 110 108 108 109 109 109 109 110 110 112 113 114
79 75 73 71 68 66 65 68 74 78 80 75 71 69 66 59 55 55 55 55 55 56 56 60 59 59 58 61 65 66 64 62 61 61 61 62 64 68 72 74 77 82 86 91 93 96 99 101 105 107 110 110 107 101 96 93 92 91 91 92 93 93 93 91 88 86 84 83 83 83 83 84 84 85 87 90 94 98 103 106 108 111 112 112 109 106 106 107 108 108 109 109 110 111 112 113
