geo_cache/5-3/elevation.txt
ncols         938
nrows         918
xllcorner     -71.37777777777778
yllcorner     42.504
cellsize      1.0E-5
NODATA_value  -9999
[rows 550 to 604 of 918, columns 0 to 95 of 938]
89 90 90 90 90 90 90 90 89 87 87 88 89 89 89 88 88 87 86 86 84 84 83 83 83 83 84 84 83 83 83 82 82 81 80 78 76 72 71 74 75 75 73 69 64 58 55 53 53 53 53 51 51 50 49 47 45 44 43 42 42 42 41 41 40 39 39 38 37 37 37 37 37 37 37 37 37 37 37 37 37 37 37 37 37 37 37 37 37 37 37 37 37 37 37 38
88 89 89 89 90 90 89 89 89 87 87 87 88 89 89 88 88 87 86 86 84 84 83 83 83 83 84 84 84 83 83 81 81 81 80 79 75 72 69 70 73 74 72 69 65 59 57 53 52 52 52 51 50 49 47 46 44 44 43 41 41 41 41 41 40 38 37 37 37 37 37 38 37 37 37 37 37 37 37 37 37 37 37 37 37 37 37 37 37 37 37 38 37 37 37 38
87 88 88 88 89 89 89 88 88 87 87 87 88 89 89 88 88 87 86 86 84 84 83 83 83 83 83 83 83 83 83 81 81 80 79 79 74 70 66 67 69 72 70 68 65 60 57 54 52 52 51 50 50 48 46 46 44 44 43 41 41 41 41 41 41 38 37 37 37 39 41 41 39 37 37 37 37 37 37 37 37 37 37 37 37 37 37 37 37 37 37 38 38 38 38 38
85 86 87 87 88 88 88 87 87 86 86 86 88 89 88 88 87 86 86 86 84 84 83 82 82 82 82 83 82 82 82 81 80 79 77 75 72 69 66 64 65 68 68 65 63 59 57 54 52 52 50 50 49 48 46 46 44 44 43 41 41 41 41 41 41 38 37 37 39 42 42 41 40 37 37 37 37 37 37 37 37 37 37 37 37 37 37 37 37 37 37 38 38 38 38 37
84 85 85 86 87 87 87 86 85 85 85 86 88 88 88 87 87 86 85 85 84 84 83 82 82 82 82 82 82 81 81 80 80 79 75 73 70 67 66 64 64 64 65 63 62 59 56 53 52 51 50 49 48 47 46 45 44 44 43 42 42 42 42 42 41 39 38 37 40 43 42 41 40 37 37 37 37 37 38 37 37 37 37 37 37 37 37 37 37 37 37 37 38 38 38 37
82 83 84 85 86 86 86 85 84 85 86 86 87 87 88 87 87 86 85 85 84 84 83 82 81 81 81 81 81 81 81 80 80 78 75 73 70 68 67 65 64 64 63 63 61 58 56 53 51 51 50 48 48 47 46 45 44 44 43 42 42 42 42 42 41 41 41 38 39 41 41 41 40 37 37 37 37 37 38 38 38 37 37 37 37 37 37 37 37 37 37 37 37 37 37 37
80 80 82 83 84 85 84 84 84 85 86 86 86 86 87 87 87 86 85 85 84 84 83 82 81 80 80 81 81 80 80 80 79 77 75 74 71 70 69 68 65 64 63 62 61 59 56 54 52 51 50 48 48 47 47 46 44 44 43 43 43 43 42 42 42 42 42 40 39 40 40 40 40 37 37 37 37 37 38 38 38 37 37 37 37 37 37 37 37 37 37 37 37 37 37 37
79 80 80 81 83 83 83 83 84 85 85 85 86 86 87 87 87 86 86 86 84 84 84 82 81 80 80 80 80 80 79 78 78 76 75 73 72 70 70 68 67 66 65 63 61 59 56 54 52 51 50 49 50 50 49 47 45 44 44 43 43 43 43 43 42 42 42 40 40 40 39 39 38 37 37 37 37 37 38 38 38 37 37 37 37 37 37 37 37 37 37 37 37 37 37 37
78 79 79 80 82 81 82 83 84 85 85 85 86 86 87 87 87 86 86 86 84 84 84 82 81 80 79 79 80 79 78 77 76 75 73 72 71 70 69 69 68 68 66 64 61 58 55 54 53 52 52 53 53 52 50 49 48 45 44 43 43 43 43 43 41 41 41 41 40 40 38 38 38 37 37 37 37 37 37 37 37 37 37 37 37 37 37 37 37 37 37 37 37 37 37 37
78 78 78 79 80 80 82 83 84 85 85 85 86 86 87 87 87 86 86 86 85 85 84 82 81 80 78 77 78 78 77 75 75 74 72 70 69 69 69 68 68 68 66 62 59 55 55 55 55 56 55 54 53 52 51 50 48 46 44 44 44 44 43 43 41 40 40 40 40 40 38 38 38 37 37 37 37 37 37 37 37 37 37 37 37 37 37 37 37 37 37 37 37 37 37 37
77 77 77 78 78 80 82 84 84 85 85 85 86 86 87 86 86 86 85 85 85 85 84 83 82 80 77 76 77 77 76 75 74 73 71 69 67 67 68 67 67 65 62 59 57 55 55 56 58 59 56 54 53 52 51 50 48 46 44 44 44 44 43 42 40 40 40 40 39 39 38 38 37 37 37 37 37 37 37 37 37 37 37 37 37 37 37 37 37 37 37 37 37 37 37 38
75 76 77 78 78 81 83 84 85 84 84 84 85 85 87 86 86 85 85 85 84 84 84 83 82 79 77 75 75 75 74 73 73 72 70 67 65 66 66 65 63 61 58 57 56 56 56 57 59 59 57 54 53 52 50 50 48 47 46 45 45 44 43 41 40 39 39 38 38 38 37 37 37 37 37 37 37 37 37 37 37 37 37 37 37 37 37 37 37 37 37 37 37 37 37 38
75 77 78 79 81 82 84 84 85 84 84 84 85 85 86 86 86 85 84 84 84 84 84 83 81 78 76 74 74 74 74 72 71 70 68 66 65 64 64 62 61 60 58 56 55 55 55 56 58 58 56 53 53 52 51 51 50 50 47 45 45 44 42 41 40 39 38 38 38 38 37 37 37 37 37 37 37 37 37 37 37 37 37 37 37 37 37 37 37 37 37 37 37 37 37 38
77 79 80 81 82 83 84 84 85 84 84 84 84 85 86 85 85 84 83 83 83 83 83 82 80 78 75 74 73 73 73 71 71 70 68 67 65 64 63 61 60 60 58 55 55 54 54 54 55 55 54 53 53 53 52 52 52 52 48 45 44 43 42 41 39 38 38 38 38 38 38 38 37 37 37 37 37 37 37 37 37 37 37 37 37 37 37 37 37 37 37 37 37 38 38 38
78 80 82 81 83 84 84 84 85 83 83 83 83 84 85 85 84 83 83 82 82 82 82 81 79 78 74 74 72 72 71 71 70 69 68 68 65 64 63 61 60 59 57 55 54 53 53 54 53 53 53 52 54 54 53 53 53 51 48 46 44 43 41 41 39 38 38 38 38 38 38 38 37 37 37 37 37 37 37 37 37 37 37 37 37 37 37 37 37 37 37 37 37 39 39 38
79 80 82 82 83 85 86 85 85 83 83 82 82 82 83 83 83 82 82 81 80 80 80 80 78 77 74 74 72 71 71 70 70 69 68 67 65 64 63 61 60 58 56 55 54 53 53 52 52 51 51 51 52 52 53 55 52 51 49 47 44 43 42 41 40 39 38 38 38 38 38 38 38 38 38 38 37 37 38 38 38 38 38 38 38 37 37 37 38 39 41 40 39 39 39 39
79 80 81 82 83 86 87 86 85 83 82 81 81 81 82 82 82 81 80 80 79 79 79 78 77 76 74 73 71 71 71 70 70 69 67 67 66 64 62 60 59 59 59 58 55 53 53 52 51 50 50 50 50 50 53 55 53 52 50 48 46 44 43 42 42 41 40 39 38 38 38 38 38 38 38 38 38 38 38 38 38 39 39 40 40 38 38 39 41 43 44 43 41 40 39 38
79 80 81 83 84 87 89 87 86 83 81 80 79 79 80 79 80 80 79 78 77 77 77 76 76 75 73 73 71 71 71 70 70 69 68 67 65 63 61 59 60 62 62 58 56 53 53 52 50 50 50 50 50 50 53 54 54 52 51 48 47 46 45 45 44 43 42 39 38 38 38 38 38 38 38 38 38 38 39 40 40 41 42 43 43 42 42 41 42 45 45 45 43 41 38 37
78 79 81 84 86 87 89 87 86 83 80 79 78 78 78 77 78 78 77 76 76 76 76 75 75 75 73 73 71 71 71 70 70 69 68 67 65 62 61 61 62 63 62 58 56 53 53 52 51 51 50 50 50 52 54 55 54 52 50 49 48 47 46 46 44 43 42 40 39 38 38 38 38 38 38 38 38 40 41 41 42 43 44 44 44 43 41 41 42 44 44 44 43 41 38 36
75 76 80 84 86 87 87 86 85 82 79 77 77 76 75 75 76 76 76 75 74 74 74 75 75 74 74 74 71 71 71 70 70 69 67 66 64 63 63 63 63 63 61 59 57 56 54 53 52 52 51 50 50 53 55 55 54 50 50 49 49 48 47 46 44 43 42 41 40 39 39 39 38 38 38 39 41 42 42 43 43 44 44 44 44 43 41 41 41 42 42 42 42 41 38 36
76 79 84 87 87 87 86 85 84 81 78 76 75 75 74 74 75 75 75 75 74 74 74 74 74 74 73 73 72 72 72 70 70 68 66 65 64 64 64 64 64 64 62 60 58 57 55 53 52 52 51 51 50 54 54 55 53 50 50 50 50 49 48 48 45 43 43 42 41 41 40 38 38 38 40 42 43 43 42 42 43 44 45 45 43 42 41 41 41 41 41 41 41 39 38 36
80 84 85 87 86 86 84 83 81 79 76 75 74 73 73 73 73 74 75 75 73 73 73 73 73 73 73 73 72 72 72 70 69 67 65 65 65 64 64 65 66 66 63 61 59 57 56 53 52 52 52 52 50 53 52 53 53 49 49 50 50 50 50 50 46 44 43 43 42 42 41 38 38 39 41 42 42 42 42 41 42 44 43 43 42 40 40 40 40 40 40 40 40 38 38 36
82 85 85 85 85 83 82 81 79 77 74 72 72 71 71 71 72 73 75 75 73 72 72 73 73 73 73 73 72 72 72 69 65 64 64 64 65 65 65 65 68 67 64 62 60 58 56 54 52 51 51 52 49 49 49 49 49 48 48 48 48 49 50 50 46 45 45 43 42 42 41 39 39 41 41 41 42 41 41 40 39 40 39 39 38 39 39 40 40 40 40 40 39 38 38 35
83 85 84 83 82 81 80 79 77 74 72 70 69 68 69 70 70 72 74 74 72 71 71 72 72 72 72 72 72 72 71 68 63 61 62 64 65 65 65 65 67 66 63 62 61 58 57 54 52 50 50 49 48 47 47 47 47 47 47 47 47 46 47 47 46 45 44 43 42 41 40 40 40 40 40 41 41 40 39 38 37 37 37 37 38 38 39 39 39 39 39 39 38 38 37 35
85 84 83 81 79 78 78 76 75 72 71 68 67 66 67 68 69 71 73 73 71 71 71 71 71 71 72 72 73 73 71 69 63 61 62 64 65 65 65 65 64 64 62 61 59 58 57 54 51 49 48 47 47 47 47 47 47 47 47 47 47 46 45 45 44 44 43 42 41 40 39 39 39 38 39 40 40 39 37 37 37 36 36 36 38 38 38 38 38 38 38 38 38 37 36 34
85 83 81 78 78 77 75 73 72 70 68 66 65 65 66 67 69 70 71 71 70 70 70 70 70 71 72 72 74 74 73 69 62 61 62 64 64 65 65 65 65 64 62 60 58 57 56 53 51 48 47 47 47 47 47 47 47 47 47 47 47 46 45 44 44 43 42 41 40 39 38 38 38 38 38 38 38 37 37 36 36 36 36 36 37 37 37 37 38 38 36 35 36 35 34 33
83 80 78 76 75 74 73 70 68 67 66 65 64 63 64 66 67 69 70 70 69 69 69 70 70 70 71 72 74 74 71 65 61 61 63 63 64 65 67 66 65 65 63 59 57 55 53 51 48 47 47 47 47 47 48 48 48 48 48 47 47 46 44 43 42 42 41 39 39 39 38 38 38 38 38 38 37 37 36 36 36 36 35 35 35 35 35 34 35 36 33 33 33 33 33 33
78 76 74 72 71 70 69 66 65 64 65 64 62 62 63 64 66 67 68 68 68 68 68 69 69 70 70 70 72 72 67 62 61 61 63 64 64 65 67 66 65 65 63 59 56 53 51 48 47 47 47 47 47 48 48 48 48 48 47 47 46 45 42 41 41 40 39 39 39 39 38 38 38 37 37 37 37 37 36 36 36 36 35 35 35 35 35 34 34 34 33 34 33 33 33 33
73 71 69 67 66 65 64 62 62 62 62 62 61 61 62 63 64 66 67 67 67 67 67 67 69 69 68 68 70 70 64 59 61 62 63 64 65 66 66 65 64 64 63 59 55 53 50 48 48 48 47 48 48 48 48 48 47 47 46 45 43 42 40 40 40 39 40 40 40 40 39 39 38 37 37 37 37 37 37 37 37 36 36 36 36 36 36 35 35 35 35 35 34 34 33 33
69 67 64 63 63 61 60 59 59 60 61 61 60 60 61 63 63 65 65 66 66 66 64 64 66 66 66 67 68 66 60 59 62 62 64 64 65 65 65 64 63 61 59 56 54 51 49 49 48 48 48 47 47 47 47 47 47 46 45 42 41 42 43 42 42 42 42 42 41 40 40 39 39 38 37 37 37 37 37 37 37 36 36 36 36 36 36 36 36 35 35 35 35 34 34 33
63 63 61 60 60 58 57 57 57 58 58 59 59 59 61 63 63 65 65 65 65 64 61 61 63 64 65 65 65 63 57 60 62 62 64 65 66 65 64 63 61 58 55 52 51 49 49 49 48 48 48 47 47 46 46 45 45 44 42 41 43 45 46 45 44 44 44 42 41 41 40 40 40 39 39 39 38 38 37 37 37 37 37 37 36 36 36 36 36 36 36 36 35 35 35 33
60 60 59 58 57 56 55 55 55 56 57 58 58 59 62 63 63 65 65 66 65 64 60 58 60 64 65 63 62 60 56 59 61 61 64 67 67 65 63 60 57 54 52 49 49 48 48 48 47 47 47 47 46 45 45 44 43 42 41 43 46 47 47 47 46 44 44 42 41 41 41 40 40 39 39 39 38 38 37 37 37 37 37 37 37 37 36 36 36 36 36 36 36 35 35 33
58 58 57 56 55 55 55 55 55 55 55 56 58 59 62 63 64 65 66 66 65 64 59 55 58 63 62 61 60 58 54 56 58 58 65 68 68 65 61 57 53 51 50 49 49 47 47 46 46 46 45 45 44 43 43 42 42 42 44 46 46 47 47 47 46 44 44 43 42 42 42 42 41 40 40 39 38 38 38 38 38 37 37 37 37 37 37 37 37 36 35 35 35 35 34 33
57 57 54 54 55 55 54 54 54 54 55 56 58 59 62 63 66 68 67 65 65 63 58 53 56 59 59 58 56 54 51 52 54 58 64 68 67 65 60 55 50 49 48 48 48 47 46 46 46 45 45 45 44 44 44 44 44 45 46 46 47 47 47 45 45 44 44 43 43 43 42 42 41 40 40 39 38 38 38 38 38 38 37 37 37 37 37 37 37 36 35 35 35 34 34 33
54 54 53 54 54 54 54 54 53 54 55 56 59 59 62 65 69 68 66 64 63 61 56 52 53 55 55 54 52 51 49 49 51 56 61 64 63 61 57 52 49 47 47 47 47 46 46 47 48 48 48 47 47 47 47 47 47 47 47 48 48 50 49 46 45 46 45 44 45 44 43 43 42 40 40 39 38 38 38 38 38 38 38 38 38 38 38 38 38 37 36 36 35 35 34 33
53 53 53 53 54 54 54 54 53 55 56 57 58 59 63 68 69 67 65 62 60 58 54 51 51 52 52 50 48 48 48 48 48 51 56 60 59 56 52 49 47 47 47 47 47 47 48 48 49 49 49 48 48 48 48 48 48 48 49 50 51 53 52 52 50 50 49 47 46 46 44 43 42 40 40 40 38 38 38 38 38 38 38 38 38 38 38 38 38 38 38 37 36 35 34 33
54 53 53 53 53 53 54 54 55 56 56 57 57 59 63 66 66 63 62 59 57 57 55 52 51 50 49 48 48 48 49 49 48 48 52 55 52 50 49 47 47 47 47 47 48 48 49 49 49 49 49 49 49 49 49 50 50 49 50 52 53 54 55 55 54 53 52 50 49 47 45 43 42 41 41 41 38 38 38 38 38 38 38 38 38 38 38 39 39 38 38 37 35 35 34 33
54 53 53 53 53 53 54 55 56 56 56 55 55 59 62 63 62 60 58 56 56 56 55 52 51 50 48 48 49 50 52 51 48 48 49 50 49 48 48 48 48 48 49 49 49 50 50 51 51 51 51 50 50 50 51 52 51 51 52 53 54 55 56 57 56 55 54 52 51 49 46 44 43 42 42 42 40 38 38 39 39 38 38 38 38 38 39 39 39 38 37 36 35 35 34 34
54 53 53 53 53 53 55 55 56 56 54 53 54 57 59 60 59 56 55 53 55 56 54 52 52 50 48 49 50 51 53 51 50 48 48 48 48 48 48 48 49 49 49 50 50 51 52 52 52 52 52 51 51 52 53 53 53 52 53 54 55 57 58 59 58 58 56 54 52 50 48 45 43 43 43 42 41 39 39 39 40 39 38 38 38 38 40 40 40 39 38 37 37 37 36 37
54 54 54 54 54 54 55 55 55 54 54 53 53 54 56 56 55 53 53 53 54 54 53 52 52 50 48 50 53 54 54 51 50 49 49 49 49 49 49 50 50 50 51 52 53 53 55 56 55 54 53 53 53 54 55 55 54 54 54 55 56 58 61 62 61 61 58 56 53 52 50 48 44 43 43 42 41 41 40 41 41 40 38 38 38 39 42 43 43 41 40 39 40 41 42 41
54 54 54 54 54 54 55 55 55 54 54 53 53 53 53 53 53 53 53 53 53 52 52 51 51 50 48 51 56 56 54 51 51 50 50 50 50 50 50 50 50 52 53 55 56 57 59 60 59 56 55 54 54 55 55 55 54 54 54 56 58 61 62 63 63 62 59 57 55 54 53 50 46 44 44 43 42 41 41 42 42 42 39 38 39 41 44 44 43 41 40 40 41 42 42 41
54 54 54 54 55 55 55 55 55 54 54 53 53 53 53 53 53 53 53 53 51 51 51 50 50 49 48 53 56 55 52 51 51 51 52 51 52 52 52 51 51 53 57 59 60 61 63 63 61 58 56 55 55 55 55 55 55 55 55 56 58 61 63 63 63 62 60 58 57 56 53 51 47 45 44 44 43 43 43 44 44 43 42 41 42 43 44 44 43 41 41 41 42 42 42 41
54 54 54 54 55 55 55 55 55 55 54 53 54 54 54 53 53 53 52 52 51 51 50 50 48 48 50 55 54 53 52 53 54 54 54 54 54 55 55 54 53 55 60 63 63 63 64 62 60 58 56 55 54 54 54 54 55 55 55 56 58 61 63 63 64 63 61 59 57 57 53 51 48 45 44 44 44 44 44 45 45 44 44 43 43 43 44 43 42 41 41 41 42 42 42 41
54 54 53 53 54 54 56 56 56 55 55 55 56 57 56 55 54 53 52 51 50 50 50 48 48 48 52 53 52 53 55 56 57 57 56 56 57 58 58 57 54 55 61 62 62 62 61 60 58 58 57 55 53 53 54 54 55 55 55 56 58 61 62 63 64 63 62 59 57 56 53 52 49 46 44 44 44 44 44 45 45 44 44 44 44 44 44 42 41 41 42 42 42 42 42 41
54 53 53 53 53 54 56 56 56 55 55 56 58 58 57 55 53 53 51 50 50 49 49 48 48 51 52 53 56 57 58 60 60 59 58 59 60 60 60 59 57 56 60 62 61 60 59 59 58 58 57 55 53 53 53 53 54 54 55 56 57 59 62 63 64 63 62 59 57 56 53 53 49 46 45 45 44 44 44 45 45 44 44 44 44 44 44 43 41 42 42 42 42 41 41 40
54 53 53 53 53 54 55 55 56 56 56 57 60 61 58 54 52 51 50 49 48 48 48 48 51 53 54 57 59 60 62 63 63 62 60 60 62 63 63 62 60 58 59 61 61 60 59 59 59 59 58 55 53 53 53 53 53 54 55 56 57 58 62 62 64 63 62 59 57 56 53 52 48 46 46 46 45 45 44 45 45 44 44 44 44 44 44 43 43 43 42 42 42 41 40 37
53 53 53 53 53 53 55 55 56 56 56 57 61 61 56 52 51 50 49 48 48 48 48 50 54 57 59 60 62 64 65 66 66 65 63 63 64 64 64 64 63 61 60 61 61 61 61 61 61 59 57 54 53 52 52 52 53 54 56 57 57 58 62 63 64 63 62 60 57 56 53 50 47 46 46 46 45 45 45 44 44 44 44 44 44 44 44 43 43 43 42 42 41 41 39 34
53 53 53 52 52 53 54 55 56 55 55 55 58 57 53 51 50 49 48 48 48 49 50 54 58 62 63 63 65 67 68 67 67 66 65 65 66 66 67 67 66 64 62 62 63 64 64 63 62 59 57 54 53 50 51 51 53 54 56 57 57 58 62 63 64 63 63 60 57 55 52 50 47 47 47 46 45 45 45 44 44 44 44 44 44 44 44 44 44 43 42 42 41 40 38 34
53 53 53 52 52 52 53 55 55 55 54 54 54 53 51 50 49 48 48 49 50 51 53 58 63 65 66 67 68 69 70 68 68 68 67 67 68 68 68 68 68 67 65 65 66 66 66 65 62 59 56 54 52 50 50 51 53 54 56 56 58 59 62 62 63 63 62 59 56 54 52 50 48 47 47 46 45 45 45 44 44 44 44 44 44 44 44 44 44 43 42 42 41 38 36 33
53 53 53 52 52 52 53 53 53 52 52 52 51 50 50 49 48 48 49 51 52 52 56 61 66 68 69 70 70 70 71 70 70 70 69 69 70 71 70 70 70 69 68 68 68 67 66 64 62 59 55 53 51 50 50 51 53 54 56 56 58 59 61 62 63 62 61 58 55 54 51 51 49 47 47 46 45 45 45 44 44 44 44 44 44 44 44 44 44 43 42 42 41 39 34 33
54 53 53 52 51 51 52 52 51 51 51 50 50 49 49 49 48 49 51 52 53 54 58 64 68 69 70 71 72 72 72 72 71 71 71 70 71 72 72 72 72 71 70 70 69 67 65 63 60 58 55 51 49 49 50 50 52 53 55 56 57 58 60 61 62 60 58 56 55 54 51 50 49 46 46 45 45 45 44 44 44 44 45 45 44 44 44 43 43 42 42 42 41 41 38 34
53 53 53 52 51 51 51 51 51 50 50 50 48 48 48 48 48 50 52 53 56 58 60 66 69 71 73 74 75 75 75 74 73 73 73 72 72 74 74 74 74 74 73 70 68 65 63 62 59 58 56 51 49 48 49 50 52 52 53 56 56 57 59 60 60 57 56 56 56 55 51 49 48 46 45 44 44 44 43 43 43 45 45 45 44 44 44 43 43 42 42 42 41 41 41 37
53 53 53 52 51 51 51 51 51 50 50 49 48 48 48 48 49 51 53 56 60 62 63 67 71 73 75 76 76 76 76 75 74 74 74 72 73 74 75 75 74 74 73 70 67 65 63 62 60 59 56 51 49 47 48 49 52 53 54 56 56 57 57 58 58 56 56 58 57 54 49 46 46 45 44 44 44 43 43 43 43 45 45 45 44 44 43 43 43 42 42 42 40 39 38 36
53 53 53 53 51 51 50 50 50 50 49 48 49 49 49 50 52 53 57 60 65 68 68 70 73 75 77 77 78 78 78 77 76 75 75 74 74 76 76 76 75 75 73 70 67 66 64 62 60 58 55 51 49 47 47 49 52 53 54 56 56 57 55 55 55 55 55 57 56 52 47 44 44 44 43 43 43 42 42 42 43 45 44 44 43 43 42 42 42 41 41 41 38 35 33 33
53 53 53 53 51 51 50 50 50 49 49 50 52 53 53 53 53 56 60 64 68 71 73 74 76 78 78 79 80 80 80 79 77 77 76 76 76 77 78 78 77 76 74 71 69 68 65 63 60 58 55 52 49 47 47 49 53 53 54 56 56 57 53 53 54 54 54 54 51 48 46 43 42 41 40 40 40 40 40 42 43 45 44 43 42 42 41 41 40 39 39 38 35 33 33 33
