geo_cache/5-3/elevation.txt
ncols         938
nrows         918
xllcorner     -71.37777777777778
yllcorner     42.504
cellsize      1.0E-5
NODATA_value  -9999
[rows 0 to 54 of 918, columns 192 to 287 of 938]
42 42 42 42 42 42 40 40 39 39 39 40 41 41 42 42 42 44 44 45 45 45 45 47 47 48 48 48 48 48 48 47 47 46 46 46 46 46 46 47 47 47 47 47 48 51 51 52 55 55 57 59 59 60 60 60 59 57 53 50 50 50 50 50 52 53 53 54 54 54 54 54 53 53 53 54 54 54 58 60 60 61 61 61 61 61 61 62 63 65 66 66 69 70 71 71
42 42 42 42 42 42 41 41 39 39 39 40 40 40 41 42 42 44 45 45 44 44 44 45 45 46 47 47 47 47 47 46 46 46 46 46 46 47 47 46 46 46 45 46 47 49 49 51 53 55 55 56 57 58 58 58 56 53 52 50 50 50 51 53 56 56 56 57 58 58 57 54 54 54 54 54 54 54 57 58 59 60 60 60 61 61 61 62 62 63 64 64 66 67 68 68
43 42 42 42 42 42 42 42 40 39 39 40 40 40 41 42 43 45 47 47 45 44 44 45 45 46 47 47 47 47 47 46 46 46 46 46 46 47 47 45 45 45 44 45 46 46 48 50 52 53 54 53 54 55 55 55 53 51 51 50 50 50 52 55 60 61 60 61 62 62 60 58 55 55 55 55 55 55 57 58 58 60 60 60 61 61 61 61 61 61 62 62 63 64 65 65
43 42 42 42 42 42 42 42 41 41 40 40 40 41 41 42 45 47 47 47 46 45 45 45 46 47 47 47 47 47 47 47 47 46 46 46 46 47 47 45 45 45 44 44 44 45 46 48 49 50 51 51 53 54 54 53 51 51 51 51 51 52 53 58 62 63 63 63 63 63 63 61 59 59 58 59 57 56 57 58 59 60 60 60 61 61 61 60 60 60 60 61 60 61 62 63
43 42 42 41 41 41 41 41 41 41 41 41 41 42 43 46 47 48 48 48 46 46 46 46 46 47 47 47 47 47 47 47 47 47 46 46 45 46 46 46 45 45 44 44 44 45 46 47 48 48 49 50 52 54 53 52 51 51 51 53 53 54 54 59 63 65 66 66 65 65 66 66 64 62 61 62 60 58 59 59 60 60 60 60 61 61 61 59 58 58 58 58 58 58 59 60
42 42 42 41 41 41 41 41 41 42 42 41 43 45 47 48 48 48 48 48 47 47 46 46 46 46 46 46 47 47 47 47 47 47 46 46 45 45 45 46 45 45 44 44 45 45 45 46 47 47 49 51 53 54 53 52 51 51 51 53 54 55 57 61 64 66 67 67 67 67 68 68 67 65 65 64 62 61 60 61 61 61 61 61 61 61 61 59 57 57 57 57 57 57 58 58
42 42 42 41 41 41 41 41 40 42 42 44 46 47 49 48 48 48 48 47 47 47 46 46 46 46 46 46 46 46 46 46 46 46 46 46 44 44 45 46 45 45 45 45 45 46 46 46 46 47 49 52 54 55 53 52 52 52 52 53 55 57 60 63 65 67 68 68 68 68 69 69 69 68 67 65 65 63 61 61 61 61 61 61 61 61 60 58 57 57 57 57 57 57 58 58
41 41 41 41 41 41 41 41 40 42 44 47 48 48 48 48 48 47 47 47 47 47 47 47 47 46 46 46 46 46 46 46 46 46 46 46 44 44 44 45 45 45 45 45 45 45 45 45 46 48 51 53 54 55 53 52 52 52 52 54 56 59 62 64 66 68 69 70 70 70 70 70 71 70 69 68 67 65 64 63 62 61 61 61 61 60 58 57 57 57 57 57 57 57 58 58
41 41 41 41 41 41 41 41 41 44 46 48 48 48 48 48 48 47 47 47 47 47 47 46 46 46 46 46 46 46 46 46 46 46 45 45 44 44 44 45 45 45 45 45 45 44 44 45 47 48 51 52 53 54 52 51 51 51 53 56 59 62 64 66 68 69 70 71 71 71 71 71 72 71 71 70 69 68 66 64 63 62 62 62 60 60 58 57 57 56 56 56 57 58 58 58
41 41 41 41 41 41 41 42 43 46 47 48 48 48 48 47 47 47 47 47 47 47 46 46 46 46 46 46 45 45 45 45 45 45 45 45 45 45 45 45 45 45 45 45 44 44 44 44 46 48 50 51 51 52 51 50 50 52 55 58 61 63 65 67 68 70 71 72 73 74 74 74 74 74 74 72 70 69 67 65 64 63 63 62 60 60 59 59 57 56 56 56 57 59 59 59
41 41 41 41 41 41 42 43 45 47 47 47 47 47 47 47 47 47 47 47 46 46 46 46 46 45 45 45 45 45 45 45 45 45 45 45 45 45 45 45 45 45 45 45 44 44 44 44 45 47 49 50 50 50 50 49 50 54 58 59 63 65 66 68 70 71 72 74 75 75 75 75 76 76 76 75 73 71 69 67 65 64 62 62 60 61 61 59 57 56 56 57 59 60 60 60
41 41 41 41 41 41 43 44 47 47 47 47 47 47 47 47 47 47 47 46 46 46 46 45 45 45 45 45 45 45 45 45 45 45 45 45 45 45 45 45 45 45 45 45 44 44 44 44 45 46 48 48 48 48 47 48 52 56 59 61 64 66 68 69 71 73 74 75 75 76 77 77 78 78 78 77 74 72 70 68 67 64 62 62 62 62 61 58 57 56 58 60 62 62 62 62
41 41 41 41 41 41 44 46 47 47 46 46 46 46 46 47 47 46 46 46 46 46 46 45 45 45 45 45 45 45 45 45 45 45 45 45 45 44 44 44 44 44 45 45 44 44 44 44 45 45 47 47 47 47 47 47 52 56 60 63 65 67 69 71 73 74 75 75 76 77 78 78 79 80 80 79 77 73 71 69 67 64 62 62 61 60 59 58 58 59 61 63 63 63 63 62
41 41 41 41 41 41 43 46 47 46 46 46 46 46 46 46 46 46 46 46 46 46 46 45 45 45 45 45 45 45 45 45 45 45 45 45 44 44 44 44 44 44 45 45 45 46 47 46 45 45 46 47 47 47 47 47 52 57 61 64 66 68 71 72 73 75 75 76 76 77 79 80 80 81 81 80 77 74 71 69 68 65 63 63 62 60 59 60 61 62 63 64 64 64 63 61
41 41 41 41 41 41 42 45 46 45 45 45 45 45 45 46 46 46 46 46 46 46 45 45 45 45 45 45 45 45 45 45 45 45 45 45 44 44 44 44 44 44 45 46 47 47 47 47 46 46 46 47 47 47 47 49 53 58 62 65 67 69 72 73 74 75 75 77 77 78 79 80 81 81 81 81 77 74 72 70 68 66 65 64 62 61 61 62 63 64 65 66 64 63 62 60
41 41 41 41 41 41 41 43 43 44 44 44 45 45 45 46 46 46 46 46 46 46 45 45 45 45 45 45 45 45 45 45 45 45 45 45 44 44 44 44 45 45 46 47 47 48 48 48 47 47 46 47 47 47 48 52 56 61 63 65 67 69 72 74 75 76 76 77 77 78 80 80 81 82 82 81 77 74 73 71 69 68 67 65 63 63 64 64 65 67 68 67 64 61 60 58
42 41 41 41 41 41 41 41 42 43 43 44 44 44 45 45 45 46 46 46 45 45 45 45 45 45 45 45 45 45 45 45 45 45 45 45 44 44 44 45 45 45 46 47 48 48 48 48 47 47 47 47 47 48 52 56 59 62 63 65 65 67 72 74 75 76 77 77 78 79 81 81 81 82 82 80 77 75 73 72 71 70 68 66 65 64 65 66 68 68 68 66 62 59 56 55
42 42 41 41 41 41 41 41 41 43 43 44 44 44 45 45 45 46 46 46 45 45 45 45 45 45 45 45 45 46 46 46 45 45 45 45 45 45 45 45 45 45 47 47 48 48 48 47 47 47 47 47 47 51 55 59 61 63 63 65 66 68 72 74 76 77 77 78 79 79 81 81 81 81 81 80 77 76 74 72 72 71 68 68 67 67 67 68 69 68 67 64 60 57 55 53
42 43 43 42 41 41 41 41 42 43 43 44 44 44 45 45 45 46 46 46 45 45 45 45 45 45 45 45 45 47 47 47 47 46 45 45 45 45 45 45 45 46 47 48 49 47 47 47 47 47 47 48 49 53 56 60 62 63 64 65 67 69 73 74 77 78 78 79 80 80 81 81 81 81 81 79 77 76 75 73 72 72 73 71 70 69 69 68 68 67 64 61 59 56 55 54
42 43 43 44 43 41 42 42 42 43 43 44 45 45 45 45 45 45 45 46 45 45 45 45 45 45 45 45 45 47 47 48 48 47 46 46 46 46 46 46 46 46 47 48 49 48 47 47 47 48 49 51 53 55 58 61 63 63 64 66 67 69 73 74 77 78 78 80 80 81 81 81 82 81 81 80 78 77 77 75 74 73 73 74 71 70 68 68 65 63 62 61 59 56 56 59
41 42 43 44 44 44 43 43 43 44 44 44 45 45 45 45 45 45 45 45 45 45 45 45 45 45 45 45 46 47 48 48 48 47 46 46 46 46 46 46 47 47 48 49 50 49 47 47 47 49 52 54 55 56 59 62 64 64 64 66 67 70 73 74 77 78 79 81 81 81 82 82 82 81 81 81 80 79 78 77 76 74 74 73 71 69 67 64 64 63 62 61 60 60 60 63
40 41 42 43 43 43 43 43 44 45 45 45 45 45 45 45 45 45 45 45 45 45 45 45 45 45 45 47 48 48 48 49 48 47 46 46 46 46 46 47 47 47 48 49 50 49 47 47 49 52 55 56 57 57 59 62 64 64 65 66 67 70 73 74 77 78 79 81 81 81 82 82 82 82 82 81 81 81 80 78 77 75 74 73 71 69 66 65 64 64 63 63 64 63 63 64
40 40 41 41 42 42 42 43 44 44 44 45 45 45 45 45 45 45 45 45 45 45 45 45 45 45 47 49 49 49 49 50 48 47 46 46 46 47 47 47 47 48 49 50 50 47 47 48 51 54 57 59 59 60 61 62 64 65 65 66 68 70 72 74 76 78 79 80 80 81 82 82 82 82 82 82 81 81 81 81 79 77 76 75 72 70 68 66 65 65 65 67 67 66 65 66
40 40 40 40 40 41 42 43 44 43 43 44 44 44 45 45 45 44 44 44 44 44 44 44 44 45 47 49 49 49 50 50 47 47 46 46 46 47 47 47 48 49 51 51 49 47 48 50 54 57 60 61 61 62 62 62 65 65 65 66 68 71 72 73 75 77 78 80 81 82 83 83 83 82 82 82 82 83 83 83 83 81 79 78 76 73 72 71 68 67 68 70 70 70 68 68
41 40 40 40 40 40 41 43 43 42 42 43 44 44 45 45 45 44 44 44 44 44 44 44 44 46 50 50 48 48 50 49 47 47 46 46 46 47 47 47 48 50 53 51 49 48 51 54 58 60 61 62 62 62 62 62 64 65 65 66 68 71 73 73 75 77 78 80 82 83 83 83 83 83 83 83 83 83 84 85 85 84 82 81 79 78 76 75 74 72 71 72 73 73 71 71
42 41 40 40 40 40 41 41 41 41 41 42 43 43 44 44 44 43 43 43 43 43 44 44 45 47 49 49 47 47 48 48 47 46 46 46 46 46 46 47 47 49 50 50 50 52 56 59 61 61 62 62 62 61 60 60 62 63 64 65 68 70 73 74 75 77 79 80 82 83 83 83 83 83 83 83 83 83 84 85 86 86 86 85 83 81 80 79 77 76 75 74 75 75 74 73
42 42 42 41 41 40 41 41 41 41 41 42 42 42 43 43 43 43 43 43 43 43 44 45 45 47 48 47 46 46 46 46 46 46 46 46 46 46 46 47 47 47 49 49 50 53 56 59 61 61 61 60 59 58 57 58 59 60 63 63 66 70 74 75 77 79 80 81 82 83 84 84 83 83 83 83 84 84 85 86 87 88 88 88 87 85 83 82 80 79 77 77 78 77 76 75
42 42 42 44 44 42 41 41 41 41 41 41 42 42 42 42 42 42 42 42 42 43 43 45 45 46 46 46 46 45 45 45 45 45 45 45 45 45 45 46 47 47 48 48 50 51 54 56 58 59 58 57 56 56 56 56 57 58 60 60 65 69 74 75 77 79 80 81 82 83 84 84 84 83 83 83 84 85 86 87 88 90 91 90 89 88 87 85 83 82 80 79 79 79 79 78
42 42 42 45 46 45 43 42 41 41 41 41 41 41 42 42 42 42 42 42 42 42 43 44 44 45 45 45 45 45 45 45 45 45 45 45 45 45 45 46 46 46 48 48 48 49 50 50 51 53 53 53 53 53 54 55 55 55 58 60 65 69 73 75 77 78 79 81 81 83 84 84 84 84 84 84 84 86 87 89 91 92 94 93 92 90 88 87 86 84 83 82 82 81 81 79
41 41 42 46 46 46 45 44 43 41 41 41 41 41 41 41 41 42 42 42 42 42 43 44 44 44 44 44 44 44 44 44 44 44 44 44 44 45 45 45 45 46 47 47 47 48 48 48 50 50 51 51 51 52 53 53 53 55 59 62 66 69 73 75 77 78 79 81 81 82 84 84 84 84 84 85 86 88 89 91 93 95 96 96 94 92 91 89 88 86 85 85 84 83 82 81
41 41 43 45 45 45 45 45 43 41 41 41 41 41 41 41 41 41 41 42 42 42 43 43 43 44 44 44 44 44 44 44 44 44 44 44 44 44 44 45 45 45 45 45 45 46 46 47 47 48 48 49 49 50 52 53 53 57 61 64 67 70 74 75 78 79 81 81 82 83 84 85 85 85 85 87 89 92 94 95 96 97 98 97 96 94 92 91 90 89 88 87 86 84 84 83
41 41 43 44 44 44 45 45 43 42 42 42 41 41 41 41 41 41 41 41 42 42 42 43 43 43 43 43 43 43 43 43 43 43 44 44 44 44 44 44 44 44 44 44 44 44 44 44 44 45 46 47 47 50 52 54 56 59 63 67 68 70 73 75 78 80 81 83 83 84 86 86 87 88 89 91 93 95 97 98 99 99 99 98 98 96 95 93 92 91 90 89 88 86 85 85
41 41 41 43 44 44 44 44 44 43 43 43 44 43 42 42 41 41 41 41 42 42 42 43 43 43 43 43 43 43 43 43 43 43 43 43 43 44 44 44 44 44 44 44 44 44 44 44 45 46 47 48 48 51 53 55 57 60 64 67 68 70 72 75 79 81 82 84 85 86 87 89 90 92 93 95 97 98 99 100 101 101 101 100 99 97 96 95 94 93 92 90 89 87 86 86
41 41 42 43 43 44 44 43 43 44 44 44 45 45 44 44 43 42 41 41 41 41 42 42 42 42 43 43 43 43 43 43 43 43 43 43 43 44 44 44 44 44 44 44 45 45 46 47 46 48 50 50 51 52 54 56 59 61 64 66 67 69 72 74 79 81 82 85 87 88 90 92 94 96 97 98 100 101 102 102 102 102 101 101 100 98 97 97 96 94 93 92 91 89 88 87
42 42 42 42 42 42 43 43 43 44 44 45 45 45 45 44 44 42 42 41 40 41 41 42 42 42 42 42 42 42 42 42 42 42 43 43 44 44 44 45 45 45 45 46 46 47 49 51 49 49 52 53 53 53 55 57 60 62 64 66 68 70 72 75 79 81 83 86 89 91 94 96 97 99 100 101 102 103 104 104 104 103 103 102 100 100 99 98 97 96 95 94 92 91 89 89
42 42 42 42 42 42 42 42 42 43 44 45 45 45 45 44 44 43 42 41 40 40 40 41 41 42 42 42 42 42 42 42 42 42 43 44 44 45 45 45 45 45 46 47 47 47 49 52 53 50 52 54 56 58 58 59 61 63 64 67 68 70 73 76 79 82 86 88 91 94 97 99 99 101 102 103 104 105 105 105 104 104 103 102 101 100 100 99 99 97 96 95 94 92 91 90
42 42 42 42 42 42 42 42 42 43 43 45 45 45 45 45 45 43 42 41 40 40 40 40 41 42 42 42 41 41 41 42 42 42 44 44 45 45 45 45 45 45 47 47 48 48 50 52 53 52 52 55 58 60 62 63 64 65 65 67 68 70 73 77 80 83 87 90 93 96 99 101 102 103 104 106 106 107 106 106 106 105 104 103 102 102 102 101 100 98 97 96 94 93 92 91
42 42 42 42 42 42 42 42 42 43 44 45 45 45 45 45 45 43 42 41 40 40 40 40 41 42 41 41 41 41 41 42 42 43 44 44 45 45 45 45 45 45 47 47 48 49 51 53 53 53 53 55 59 62 63 63 63 63 64 66 68 71 74 78 81 84 88 92 95 98 100 102 103 105 107 108 108 108 107 107 107 106 104 104 103 103 102 102 102 99 97 97 95 94 93 92
42 42 42 42 42 42 42 43 44 45 45 45 46 46 45 45 45 43 43 42 41 40 40 40 40 41 41 41 41 41 41 42 42 43 44 44 44 44 44 45 45 45 47 47 48 50 52 54 54 53 54 57 60 62 62 62 62 62 63 66 68 72 76 80 83 87 91 95 97 99 101 102 103 107 109 109 110 110 109 107 108 108 106 105 103 103 103 102 102 99 97 96 95 94 93 93
42 42 42 42 42 42 43 45 46 47 47 47 46 46 45 45 45 43 43 42 41 41 40 40 40 40 40 40 41 42 42 42 42 43 44 44 44 44 44 45 45 45 47 47 48 50 53 55 56 55 54 56 58 59 60 60 62 63 66 67 69 74 78 83 87 90 93 96 98 100 102 103 104 108 110 110 110 110 109 109 110 109 107 106 104 104 104 102 101 99 97 96 95 95 94 93
42 42 44 44 44 44 45 46 47 48 47 47 46 46 45 44 44 43 43 43 41 41 40 40 40 40 40 41 41 42 42 43 43 43 44 44 44 44 44 45 46 46 47 48 50 53 55 57 58 58 56 56 56 59 60 60 62 64 67 70 72 76 81 86 90 92 96 99 101 103 104 104 105 109 110 110 110 110 110 110 110 109 108 107 104 104 104 102 101 99 97 96 95 95 94 93
42 43 45 45 45 45 46 47 47 49 48 47 46 45 44 44 44 43 43 43 42 42 40 40 40 41 41 41 42 42 42 43 43 43 44 44 45 45 45 46 47 47 48 49 51 54 56 58 59 59 57 57 57 59 61 62 63 65 68 71 73 77 82 87 91 94 97 100 102 104 105 105 106 109 111 110 110 110 110 110 110 108 107 106 104 104 104 102 101 99 97 96 95 95 95 94
42 45 48 48 49 49 48 47 47 49 50 49 47 45 44 44 44 43 43 42 41 41 40 40 40 40 41 41 42 42 42 43 43 43 44 44 45 45 45 47 48 48 50 52 55 57 59 61 61 61 60 58 58 60 64 66 67 67 69 74 79 82 84 90 94 97 100 103 105 107 108 108 108 110 112 111 110 110 110 110 110 108 106 105 104 103 103 101 101 99 97 96 95 95 95 95
43 46 49 50 50 50 48 47 47 48 50 50 48 45 44 44 44 43 43 42 41 41 40 40 40 40 40 41 42 43 43 44 44 44 44 44 44 45 45 48 49 50 51 54 58 60 62 63 64 64 63 61 60 62 64 68 70 71 73 77 82 85 88 93 97 101 104 105 106 108 109 110 110 112 113 112 111 111 109 109 108 107 106 105 103 103 102 101 101 98 97 96 96 96 96 96
43 46 49 50 50 49 47 47 47 47 47 50 49 47 45 44 44 44 43 42 41 41 40 40 40 40 40 41 42 43 43 44 44 44 44 44 44 45 45 48 50 52 54 57 60 63 64 66 67 68 67 65 64 65 66 69 73 77 79 83 87 90 93 98 102 105 107 108 109 109 110 111 111 113 113 112 111 111 109 108 107 106 105 105 103 103 102 101 100 98 97 96 96 96 96 95
44 46 48 50 49 48 47 47 47 47 47 47 48 48 46 46 45 44 43 42 41 41 41 41 40 40 40 40 42 44 44 45 45 45 44 44 44 45 46 49 51 53 56 59 62 64 66 69 71 71 71 70 68 69 71 72 76 81 85 89 92 95 99 103 105 107 109 111 111 111 111 112 112 113 113 112 111 111 109 108 107 105 105 104 103 103 102 100 100 98 97 97 96 96 95 95
45 47 49 50 48 47 47 47 46 46 46 46 47 47 50 49 47 44 43 42 42 43 43 42 41 40 40 40 41 43 44 45 45 45 45 45 45 45 47 50 53 55 58 62 64 66 69 72 75 77 77 76 73 74 77 78 80 86 90 93 96 100 103 106 108 110 111 113 113 113 113 113 113 113 113 112 111 111 109 107 107 105 105 104 103 103 102 100 100 99 98 98 97 96 95 95
45 47 50 50 48 47 47 47 46 46 46 46 46 46 51 50 46 43 42 42 43 44 44 43 42 40 40 40 41 42 44 46 46 47 47 47 45 46 48 51 54 57 60 63 65 68 71 75 79 81 82 80 77 79 82 83 85 90 93 96 99 104 106 108 110 113 114 115 115 114 114 114 114 114 114 112 111 111 108 107 107 106 105 104 104 104 103 101 101 100 99 99 97 96 96 95
45 48 51 51 48 47 46 46 46 46 46 46 45 45 46 47 45 42 42 42 44 44 45 44 44 41 40 40 41 42 45 46 47 50 50 50 48 47 49 52 55 58 62 65 67 70 74 78 81 83 85 84 81 82 85 87 89 94 96 99 102 106 108 110 113 114 115 115 114 113 113 113 113 113 113 112 111 111 108 107 107 106 106 104 104 104 104 102 101 100 99 99 98 97 96 95
45 49 52 51 48 47 46 46 46 45 45 45 45 45 44 43 43 42 42 42 44 44 45 44 44 42 40 40 40 42 45 49 50 53 53 51 49 49 50 54 57 60 64 66 68 72 75 79 83 86 87 87 85 85 88 90 93 96 98 101 105 107 109 110 113 113 115 115 114 113 112 112 112 111 111 111 111 111 109 108 108 106 105 104 104 104 103 101 101 100 99 99 98 98 97 96
47 51 52 51 49 47 46 46 46 45 45 45 44 44 43 43 43 42 42 43 44 44 45 44 44 42 40 40 40 41 45 49 52 53 52 51 50 50 51 54 58 60 65 67 69 72 76 80 84 86 88 89 88 87 90 92 95 97 99 103 105 107 109 110 112 113 114 115 113 112 112 111 111 111 110 110 110 110 109 108 107 105 104 104 104 104 102 101 101 100 100 100 98 98 97 96
51 52 52 51 49 48 46 46 45 44 44 44 44 44 43 43 43 43 43 43 45 45 45 44 44 42 41 40 40 41 43 47 50 50 50 50 51 51 52 55 58 60 65 67 70 74 78 81 84 85 88 90 91 90 92 93 95 97 99 102 105 107 109 110 111 112 112 112 112 111 110 110 110 110 109 109 109 109 108 108 106 105 104 104 103 103 102 101 101 100 100 100 99 99 98 95
53 52 51 50 48 48 46 46 45 44 44 44 43 43 43 43 43 43 43 44 45 45 45 43 43 42 41 40 40 41 43 45 47 49 49 50 50 51 52 56 58 60 65 67 70 75 78 81 83 85 88 91 92 92 92 93 96 97 99 102 104 106 108 109 110 110 110 110 110 110 109 109 109 109 108 108 108 108 107 106 106 104 104 104 103 103 102 101 101 100 100 100 99 99 98 96
54 52 51 49 48 47 46 45 45 44 44 43 43 43 43 43 43 44 44 44 45 45 44 43 43 42 42 41 40 41 42 43 44 46 48 49 50 52 53 56 58 60 65 67 70 75 78 81 83 86 89 91 93 93 93 94 95 97 99 101 103 105 107 107 108 107 107 107 108 108 108 108 107 106 107 107 107 107 107 106 105 104 104 104 103 103 103 102 101 101 100 100 99 99 98 96
55 53 51 48 47 47 45 45 44 43 43 43 43 43 43 44 44 44 44 45 45 45 44 44 44 43 43 42 41 41 41 43 44 45 47 48 49 51 53 55 57 60 64 66 70 74 77 79 83 86 89 92 94 95 95 95 95 96 98 99 101 104 104 104 103 102 102 103 104 104 105 104 103 103 104 105 106 106 105 105 105 105 105 104 104 104 104 102 102 101 100 100 99 99 99 96
