geo_cache/5-3/elevation.txt
ncols         938
nrows         918
xllcorner     -71.37777777777778
yllcorner     42.504
cellsize      1.0E-5
NODATA_value  -9999
[rows 330 to 384 of 918, columns 192 to 287 of 938]
35 34 33 32 32 32 32 32 32 33 33 35 35 37 41 44 45 45 46 45 42 42 42 42 41 40 40 40 39 38 38 38 39 41 43 45 48 51 52 55 59 63 65 66 67 67 67 67 65 61 58 55 54 51 49 49 47 46 44 42 41 40 40 39 39 38 38 36 34 32 31 31 30 29 30 31 31 33 35 37 39 41 43 44 44 44 42 39 35 33 30 28 27 27 27 29
35 33 33 32 32 32 32 32 32 33 33 35 36 38 42 45 46 48 48 48 45 44 43 43 42 42 41 41 39 39 39 39 39 41 43 44 47 49 51 53 56 59 61 63 64 66 66 66 65 62 59 56 54 51 50 49 47 46 44 42 42 41 40 40 39 39 39 37 35 34 32 31 30 29 29 29 30 32 34 35 36 38 40 41 43 44 43 41 37 34 32 29 28 28 28 29
35 34 33 32 32 32 32 32 32 33 34 35 37 39 43 46 49 50 50 49 48 45 45 45 44 43 42 41 40 39 39 39 39 41 43 43 46 48 49 51 53 55 57 59 61 63 64 64 64 63 60 57 54 52 51 49 48 47 45 43 42 41 41 41 39 39 39 37 36 35 34 33 31 29 29 28 29 31 33 34 35 37 38 40 41 43 43 41 39 35 33 32 31 30 30 30
35 34 33 32 32 32 32 32 33 34 35 37 40 41 45 47 49 51 51 51 50 48 47 47 46 44 42 41 40 39 39 39 39 41 43 43 45 47 48 49 50 52 53 55 57 59 61 62 62 62 60 57 55 53 51 50 48 48 46 44 43 42 41 41 39 39 39 37 37 36 34 34 32 30 29 27 27 29 32 32 34 36 37 38 40 42 42 41 40 38 36 34 33 33 33 33
35 34 33 33 32 32 32 32 34 36 38 39 42 43 46 48 50 52 52 53 52 50 49 48 47 45 43 41 40 40 41 41 40 41 42 43 45 47 47 48 49 50 51 51 53 55 57 59 59 59 58 57 55 53 52 51 49 48 47 44 43 42 41 41 39 38 38 37 37 36 35 34 32 31 29 27 27 27 29 31 33 35 35 36 38 40 40 40 40 38 37 35 35 35 35 35
35 34 33 32 32 32 32 32 34 37 38 41 43 45 47 49 51 52 53 53 52 51 50 49 48 45 43 42 41 41 42 42 41 41 42 42 44 46 46 48 48 48 49 50 51 52 53 54 55 55 56 56 55 53 53 52 50 49 47 45 43 42 41 41 39 38 38 37 37 37 35 35 33 32 30 27 26 26 28 30 32 33 33 35 36 39 39 39 39 38 37 35 35 35 36 36
34 33 33 32 31 31 31 32 34 35 39 42 44 46 49 50 51 53 53 54 53 52 51 50 49 46 44 42 42 43 44 42 41 41 42 42 44 46 47 48 48 48 48 48 50 51 52 52 53 54 56 56 55 53 53 52 50 49 48 46 44 42 41 41 39 38 38 37 37 37 35 35 34 32 31 29 27 26 26 27 29 31 32 33 34 37 38 38 38 37 36 35 34 35 35 36
33 32 32 31 30 29 30 32 33 35 39 43 46 48 50 51 52 53 53 54 53 53 52 51 50 47 44 43 43 44 44 42 41 41 42 42 44 45 47 48 48 48 48 48 49 50 50 51 53 54 56 56 55 53 52 52 50 50 48 46 45 43 41 41 39 39 38 38 38 37 35 35 34 33 32 30 27 26 26 26 27 29 30 32 33 35 37 37 37 37 36 35 32 32 34 35
33 32 32 30 29 29 30 30 32 34 40 44 47 49 51 52 52 53 53 54 54 54 53 52 51 49 46 44 44 45 45 43 41 41 42 42 44 44 46 48 48 48 48 48 47 47 48 49 51 52 53 55 54 52 52 52 50 50 49 47 46 44 42 41 40 39 39 38 38 37 36 36 35 33 33 30 28 27 26 26 26 26 28 30 31 34 36 37 37 37 37 36 32 30 32 34
32 32 31 29 29 29 29 29 30 32 40 45 48 49 51 53 53 54 54 54 54 54 54 52 51 49 47 45 45 45 45 44 43 41 42 42 44 44 46 48 48 48 47 46 45 45 45 46 48 48 50 52 52 52 51 51 50 50 49 48 47 45 43 41 40 39 39 38 38 37 36 36 35 33 32 30 29 28 26 25 24 24 26 28 30 33 35 37 37 38 37 37 32 30 30 32
30 30 29 29 29 29 29 29 29 32 39 45 48 48 52 54 54 54 54 54 55 55 54 52 52 50 49 47 45 46 46 44 44 43 42 42 44 45 46 48 49 49 47 46 45 42 42 43 45 45 47 49 50 51 51 51 50 50 49 48 48 46 43 42 40 39 39 38 38 37 36 36 35 33 32 30 29 29 27 25 24 24 24 26 28 30 32 34 37 37 37 36 32 30 29 29
29 29 28 28 28 28 28 28 29 32 39 44 46 47 52 54 54 55 55 55 55 55 54 53 52 51 49 48 46 46 46 45 45 44 43 43 44 46 47 50 51 51 50 48 45 42 39 40 41 42 43 45 47 49 50 49 49 49 49 48 48 47 44 42 39 38 38 37 37 37 36 36 35 33 32 31 30 29 28 26 24 23 23 25 27 29 31 33 35 35 35 34 32 30 26 26
28 28 28 28 28 28 28 28 29 32 38 44 46 46 51 54 54 55 55 55 55 55 54 53 53 51 50 48 47 46 46 45 45 44 44 44 45 47 50 53 54 54 53 50 47 45 40 37 37 38 40 41 43 46 47 48 48 48 49 48 48 47 44 42 40 38 38 37 37 37 36 36 35 33 33 31 30 30 28 26 24 23 23 23 25 27 29 31 32 33 33 32 31 29 25 23
28 27 27 27 27 27 28 28 29 32 37 43 46 47 51 54 54 55 55 55 55 55 55 53 53 51 50 49 47 46 45 45 44 44 44 44 46 49 53 56 56 56 54 52 49 46 43 38 34 35 36 38 40 42 44 46 46 47 48 48 48 47 45 43 40 38 38 37 37 36 35 35 35 33 33 31 30 30 28 27 25 23 22 22 24 26 28 30 31 31 30 30 30 29 25 23
28 27 27 27 27 27 28 28 29 32 36 42 46 47 51 54 54 55 55 55 55 55 55 54 54 52 51 50 47 46 45 44 44 44 44 45 48 52 57 59 59 59 57 54 52 50 47 42 37 34 32 33 35 37 40 43 44 45 47 48 48 47 45 44 41 38 38 37 37 36 35 35 35 33 33 31 30 30 28 27 26 25 23 22 22 24 27 28 28 29 29 29 29 28 26 23
28 27 27 27 27 27 28 28 29 31 36 41 45 47 51 53 53 55 55 55 56 56 55 54 54 52 51 50 48 46 45 44 44 44 45 47 51 55 61 63 63 63 61 58 56 54 50 47 42 37 32 31 30 33 36 39 42 43 45 47 47 47 45 45 42 40 38 37 37 36 35 35 34 33 33 31 30 30 29 29 27 25 24 23 21 21 24 25 26 27 28 28 28 27 26 22
27 27 27 27 27 27 27 27 29 31 35 40 44 46 50 51 53 55 55 55 56 56 56 54 54 52 51 51 49 46 46 46 46 47 48 50 52 58 65 67 67 67 66 64 61 58 54 50 47 42 37 33 30 29 31 35 39 41 43 44 46 46 45 45 42 40 39 38 37 36 35 35 34 33 33 31 31 31 30 29 28 26 25 24 22 18 20 22 25 27 27 27 27 26 25 22
27 27 27 27 27 27 27 27 29 31 35 40 43 45 48 50 53 54 54 55 56 56 56 54 54 52 51 51 49 48 48 48 48 48 49 51 55 62 68 69 70 70 69 67 66 63 58 54 50 46 42 37 33 29 28 32 35 38 42 43 44 44 45 45 43 40 39 38 37 36 35 35 35 33 33 31 30 30 29 29 28 27 26 25 23 19 17 19 23 26 25 25 24 23 21 19
27 27 27 27 27 27 27 27 28 31 35 39 43 44 47 49 52 54 54 55 56 56 56 54 54 53 52 51 50 49 49 49 49 50 51 53 58 65 71 72 72 72 71 70 69 66 63 58 54 49 45 42 37 32 28 29 32 35 39 41 43 43 45 45 43 40 39 37 37 37 36 36 35 33 33 31 30 30 29 28 28 27 27 26 23 20 17 15 19 21 21 20 19 19 17 15
26 26 26 26 26 26 26 27 29 31 34 38 42 43 46 49 52 54 54 55 55 55 56 55 54 53 53 53 52 51 50 50 50 52 54 57 62 69 74 76 76 76 75 74 71 67 66 61 57 52 48 44 40 35 30 28 29 33 35 38 41 42 44 44 43 40 38 37 37 36 35 35 35 33 32 31 30 30 28 28 27 27 26 24 21 19 16 14 15 17 16 14 13 13 13 12
26 26 26 26 26 26 26 28 29 31 33 37 41 42 46 49 51 54 54 55 55 55 56 55 55 54 54 54 53 53 52 52 53 54 58 62 66 72 76 78 80 80 79 77 74 70 68 64 59 55 50 46 42 37 32 27 28 30 33 36 40 41 42 43 42 40 38 37 36 36 35 35 34 33 32 31 30 30 29 27 26 25 22 20 17 15 14 12 12 13 12 12 12 12 12 12
25 25 25 26 26 26 27 28 29 32 33 37 40 42 45 48 51 54 54 54 55 55 56 55 55 55 55 54 54 54 54 54 55 57 62 66 70 73 79 81 84 84 83 80 77 74 70 66 62 57 52 48 44 39 34 27 27 28 31 34 36 39 40 42 41 40 39 36 36 35 35 35 34 33 33 31 30 30 29 24 22 20 18 15 12 12 12 12 12 12 12 12 12 12 12 12
24 24 24 26 26 26 27 27 29 30 32 35 38 41 44 47 49 51 52 53 55 55 56 56 56 56 56 56 57 57 58 58 59 61 66 69 72 75 81 83 85 85 84 81 79 77 71 68 64 59 55 50 46 41 36 30 26 27 28 30 32 36 39 40 40 40 39 36 35 35 34 34 33 32 31 30 28 25 22 19 17 15 13 12 12 12 12 12 12 12 12 12 12 12 12 12
24 24 24 26 27 27 28 28 28 29 30 33 37 41 43 46 48 50 51 53 55 55 56 57 57 58 59 59 60 61 62 62 63 65 69 72 75 78 83 84 86 86 85 84 82 78 73 69 66 62 57 52 47 43 37 32 26 25 26 28 30 32 36 39 39 39 38 35 35 34 33 33 33 31 29 25 21 19 17 14 13 12 12 12 12 12 12 12 12 12 12 12 12 12 12 12
24 24 24 26 26 26 27 27 28 29 29 32 35 39 42 44 47 49 51 53 55 56 57 59 60 61 62 63 64 65 67 68 69 70 73 76 79 82 83 85 87 90 89 88 84 79 74 69 66 63 59 54 49 44 38 34 28 25 24 26 28 29 32 36 38 38 37 35 34 34 33 32 31 27 24 20 17 14 13 12 12 12 12 12 12 12 12 12 12 12 12 12 12 12 12 12
24 24 24 26 26 26 27 27 28 29 29 31 34 37 41 44 46 49 51 52 56 57 58 60 62 63 64 65 67 69 71 72 73 75 77 81 83 83 84 86 89 92 92 90 85 80 75 70 66 64 60 56 51 45 40 35 30 25 23 23 25 27 29 32 35 37 36 34 33 33 32 30 27 22 19 15 13 12 12 12 12 12 12 12 12 12 12 12 12 12 12 12 12 14 15 16
24 24 24 26 26 26 27 27 28 29 29 30 33 35 39 43 45 48 50 52 55 57 59 61 63 64 65 67 68 70 73 75 77 79 82 83 84 85 86 87 89 92 92 91 86 81 76 71 68 64 61 58 52 47 42 37 32 26 23 21 22 25 27 29 31 34 35 33 32 32 28 23 21 17 14 12 12 12 12 12 12 12 12 12 12 12 12 12 12 12 12 15 16 18 19 20
24 25 25 26 27 27 27 27 28 29 29 30 32 34 38 42 45 48 49 51 54 56 59 62 63 65 66 68 70 72 75 78 80 83 84 85 85 86 87 88 88 91 92 91 87 81 77 72 69 65 62 59 54 48 44 39 33 27 24 20 20 22 26 27 28 31 32 31 30 28 22 18 16 12 12 12 12 12 12 12 12 12 12 12 12 12 12 12 13 14 16 19 20 21 21 22
24 25 25 26 27 27 27 27 28 29 29 30 31 33 38 42 45 47 48 50 54 56 59 62 63 66 67 69 71 74 77 79 81 83 85 86 87 88 88 87 88 89 92 91 87 82 77 74 69 65 62 59 55 49 45 40 34 28 25 22 20 20 23 25 26 28 30 29 26 23 17 13 12 12 12 12 12 12 12 12 12 12 12 12 12 13 15 15 16 18 20 21 21 22 23 23
25 26 26 27 27 27 28 28 28 29 29 30 31 32 38 42 45 46 48 50 53 56 58 61 63 67 68 69 72 75 77 80 81 83 86 86 88 89 88 86 87 88 89 89 87 82 77 75 70 66 62 59 54 49 46 42 35 29 26 23 21 19 19 23 25 26 27 25 22 17 12 12 12 12 12 12 12 12 12 12 12 12 12 13 14 16 17 18 19 21 21 22 22 23 23 23
26 27 27 27 27 27 28 28 28 29 29 30 31 32 37 41 44 45 47 49 52 54 57 60 63 66 68 69 73 75 77 80 81 83 86 86 89 89 88 84 85 85 86 86 85 82 77 75 70 66 62 58 54 49 46 43 37 29 27 24 22 19 18 21 23 22 23 21 16 12 12 12 12 12 12 12 12 12 12 12 12 13 15 16 17 18 19 20 21 22 23 23 23 23 23 23
26 27 27 27 27 27 28 28 28 29 29 30 31 31 34 38 42 45 47 49 50 52 56 60 62 65 68 69 72 74 76 80 81 83 84 86 86 87 86 83 82 83 82 83 84 81 77 74 70 67 62 57 53 49 46 43 38 31 27 24 23 21 17 18 20 19 18 16 12 12 12 12 12 12 12 12 12 12 12 13 15 16 17 18 19 20 21 22 22 23 24 24 23 23 23 23
25 25 26 27 27 27 28 28 28 29 29 29 30 31 34 38 41 44 46 48 50 51 55 60 61 64 67 69 71 74 75 78 79 81 83 84 84 84 84 81 79 80 79 80 81 80 77 74 70 67 62 58 53 48 44 43 39 33 27 24 23 22 18 15 17 17 14 12 12 12 12 12 12 12 12 12 12 13 15 17 18 18 19 20 20 21 22 23 23 24 24 24 23 23 23 23
24 24 25 27 27 27 28 28 28 28 28 29 29 30 34 38 41 44 45 47 50 51 55 59 61 63 65 68 70 73 75 77 78 80 82 83 83 83 82 80 77 76 76 77 79 78 76 74 70 67 62 58 53 47 42 42 40 34 27 23 22 21 19 15 14 14 12 12 12 12 12 12 12 12 12 13 15 17 18 18 19 19 20 20 21 21 22 24 24 24 24 24 23 23 23 23
23 23 24 26 27 27 27 27 28 28 28 29 29 29 33 37 41 43 44 46 49 51 54 57 59 63 64 67 70 72 74 76 77 78 80 80 81 81 81 79 75 72 72 73 75 76 75 74 71 67 63 58 53 47 42 42 41 36 28 22 20 20 19 16 13 12 12 12 12 12 12 12 12 13 15 17 18 18 19 20 20 21 21 21 22 22 22 23 23 24 24 24 23 23 23 24
23 23 23 26 27 27 27 27 27 28 28 29 29 29 32 35 38 41 43 45 48 50 53 55 58 62 64 66 69 71 73 74 75 76 78 79 80 80 79 77 74 70 68 69 71 72 72 72 71 68 63 59 53 47 43 41 41 37 29 21 20 18 17 15 12 12 12 12 12 12 12 12 13 16 17 18 19 19 20 21 21 22 22 22 22 22 23 23 23 24 24 24 24 24 25 26
23 23 23 26 27 27 27 27 27 28 28 28 29 29 31 34 36 39 42 44 47 49 52 54 57 61 63 66 69 70 71 73 74 75 77 80 80 79 78 75 72 68 65 66 67 69 70 70 70 67 63 59 53 47 44 40 41 37 29 21 20 18 16 13 12 12 12 12 12 12 12 14 16 17 18 19 20 20 21 22 22 22 22 23 23 23 23 23 23 24 24 24 24 25 26 28
23 23 23 25 26 26 26 26 27 27 27 28 29 29 30 33 35 39 42 43 47 48 51 53 55 60 62 65 68 70 70 72 73 74 74 77 78 75 73 72 69 65 64 64 65 66 67 67 68 66 63 59 53 47 44 39 39 36 29 21 19 18 15 12 12 12 12 12 12 12 15 17 17 18 19 20 21 22 22 23 24 24 24 23 23 23 23 23 23 24 24 25 26 26 27 29
23 23 23 24 24 25 26 26 26 27 27 28 29 29 30 33 35 39 41 43 46 47 50 52 54 59 61 64 68 70 70 72 72 73 74 74 73 71 70 69 68 65 60 60 61 62 63 64 65 64 62 58 52 46 40 37 37 34 29 21 19 17 13 12 12 12 12 12 12 14 17 17 18 19 19 21 22 23 24 25 25 25 25 25 24 24 24 24 24 25 25 25 27 27 28 29
22 23 23 23 23 24 24 25 25 26 26 28 29 29 30 32 34 37 40 42 44 46 49 51 54 57 60 64 68 70 70 72 72 73 73 73 71 70 68 67 65 62 57 55 56 57 59 60 61 61 60 55 50 45 38 35 35 33 27 21 18 14 12 12 12 12 12 12 13 17 18 18 19 19 20 22 24 26 26 28 28 28 28 27 27 27 27 26 26 26 26 26 27 28 28 30
22 23 23 23 23 23 24 24 25 26 26 28 29 29 30 32 33 37 39 41 43 45 48 50 53 57 60 64 68 70 70 72 72 73 73 73 71 68 65 64 62 58 54 50 50 52 54 55 56 57 55 52 48 42 37 35 34 32 27 21 16 12 12 12 12 12 12 14 16 17 19 19 20 23 23 24 26 27 27 29 31 31 30 30 30 28 28 27 27 27 27 27 28 28 29 31
22 22 22 23 23 23 23 24 24 26 26 28 29 29 29 31 33 36 38 40 42 45 47 49 52 57 60 63 68 70 70 72 72 73 72 72 71 66 63 60 58 55 52 49 46 47 48 50 51 52 50 49 47 42 39 38 35 30 25 19 13 12 12 12 12 12 14 16 18 18 19 20 22 24 25 26 27 28 30 31 33 33 33 32 32 30 29 28 28 28 28 29 28 28 29 32
22 22 22 23 23 23 23 23 24 27 27 28 28 28 29 29 31 34 37 39 42 43 45 48 52 55 60 63 68 70 71 72 72 72 72 70 66 63 61 58 56 53 50 46 43 43 44 45 47 47 46 46 44 42 40 39 32 26 22 15 12 12 12 12 12 13 16 17 18 19 20 21 22 25 27 28 29 31 33 33 34 35 34 34 34 32 31 30 29 29 29 30 30 29 30 32
22 22 22 22 22 22 23 23 24 27 27 28 28 28 29 29 30 34 36 39 41 42 44 47 50 54 59 63 68 70 71 71 71 71 68 65 63 61 58 54 52 50 47 42 39 38 40 41 42 42 41 40 39 38 36 31 26 21 16 12 12 12 12 12 12 16 17 18 19 20 21 22 23 26 30 31 32 33 35 35 36 36 36 36 35 34 33 31 30 30 31 32 32 31 31 33
21 22 22 22 22 22 23 23 24 26 26 27 28 28 29 30 30 33 35 38 40 41 44 47 49 53 57 62 67 69 71 71 71 69 67 65 62 59 55 51 48 46 43 39 36 34 35 36 35 34 34 34 32 30 27 25 20 15 12 12 12 12 12 12 15 17 18 19 19 20 22 23 27 31 32 33 34 34 36 37 37 37 38 37 37 35 35 33 32 31 32 32 32 32 32 33
21 21 21 22 22 22 23 23 23 26 26 27 28 28 29 30 30 33 34 37 39 40 43 46 49 53 57 61 66 69 71 71 71 69 66 65 62 58 54 50 47 45 42 38 35 33 33 33 32 31 31 31 29 26 24 22 18 13 12 12 12 12 12 12 16 18 18 19 19 20 22 24 29 33 33 34 35 35 37 38 38 38 38 38 38 36 36 34 33 32 33 33 33 33 33 34
21 21 21 22 22 22 23 23 23 25 25 27 28 28 29 30 30 32 34 36 38 40 42 45 49 52 56 61 65 69 70 71 71 69 66 65 62 58 53 48 44 42 40 36 32 30 30 29 27 26 26 25 24 20 17 14 13 12 12 12 12 12 12 15 17 18 18 20 20 22 26 29 33 35 35 35 36 36 37 39 39 39 39 39 39 39 37 36 34 33 33 33 33 33 33 34
20 21 21 21 22 22 23 23 24 24 25 26 26 27 29 30 30 32 33 35 37 39 41 44 48 51 54 60 64 67 70 71 71 69 67 65 62 58 53 47 41 39 36 32 29 28 27 25 23 21 20 19 17 13 12 12 12 12 12 12 12 12 15 17 18 19 19 20 22 25 30 35 36 37 37 37 38 38 38 40 41 41 41 41 41 40 39 38 36 35 34 34 34 34 34 35
18 20 20 21 21 21 22 23 23 23 23 24 25 26 27 29 29 29 31 33 35 38 41 42 45 49 52 58 61 65 69 71 71 70 67 66 62 59 53 46 40 35 33 30 27 25 23 21 20 20 19 18 14 12 12 12 12 12 12 12 12 15 17 18 19 20 20 22 26 30 34 36 37 38 38 38 39 39 39 41 41 42 42 42 42 42 40 39 38 36 35 35 35 35 35 35
15 16 20 20 21 21 22 22 22 22 22 23 24 25 26 27 27 28 28 30 33 36 38 40 43 48 52 57 61 64 68 71 71 70 67 65 62 59 54 47 40 33 31 28 25 23 21 21 20 20 19 18 14 12 12 12 12 12 12 12 13 17 18 19 21 22 22 26 30 34 36 37 38 39 39 39 39 40 41 41 42 43 44 44 44 44 42 41 39 38 36 35 35 35 35 36
15 15 15 17 20 20 21 21 22 22 22 23 23 24 24 25 26 27 27 29 31 32 35 36 40 47 52 55 60 63 67 70 71 70 67 65 61 59 55 48 41 33 30 27 24 21 21 21 21 21 19 18 15 12 12 12 12 12 12 12 14 18 19 20 22 24 26 30 33 36 37 38 38 40 40 40 40 40 42 42 42 44 44 45 45 45 44 43 41 39 36 35 36 36 36 36
15 15 15 15 15 18 20 20 21 21 21 22 22 22 22 23 23 24 25 26 27 30 32 33 36 43 50 54 60 62 65 69 70 70 67 65 61 58 55 49 42 34 29 25 22 21 21 21 20 20 19 18 16 12 12 12 12 12 12 12 15 19 20 22 23 27 30 34 35 37 38 39 40 41 41 41 41 41 42 43 43 44 45 46 46 46 45 43 42 39 37 36 36 36 36 36
15 15 15 15 15 15 16 18 19 20 20 21 21 21 22 22 22 23 24 25 25 26 27 29 32 38 45 52 59 62 64 68 69 70 67 65 60 57 54 49 43 35 29 25 22 21 21 21 20 20 19 18 17 12 12 12 12 12 12 12 16 19 22 24 27 29 32 35 36 37 39 39 40 42 42 42 42 42 43 44 44 45 46 47 47 47 46 44 42 40 38 37 37 37 37 37
15 15 15 15 15 15 15 15 15 17 19 20 21 21 21 21 21 22 22 23 23 23 24 27 28 31 39 47 54 60 62 66 69 69 68 65 60 56 52 49 44 36 28 25 22 21 21 21 20 20 19 18 17 12 12 12 12 12 12 13 17 21 24 27 31 33 35 36 37 38 39 40 40 42 42 42 42 43 44 44 44 45 47 47 47 47 47 45 44 41 40 38 38 38 38 37
18 16 15 15 15 15 15 15 15 15 15 16 17 18 19 19 20 21 21 21 22 22 23 25 26 27 32 41 48 54 60 64 68 69 68 65 60 55 52 49 44 37 28 24 23 21 21 21 20 20 19 18 17 12 12 12 12 12 12 15 19 24 28 31 34 35 36 37 38 39 40 41 42 43 43 43 43 44 44 45 45 46 47 48 48 48 48 47 46 43 41 39 38 38 38 38
