geo_cache/5-3/elevation.txt
ncols         938
nrows         918
xllcorner     -71.37777777777778
yllcorner     42.504
cellsize      1.0E-5
NODATA_value  -9999
[rows 330 to 384 of 918, columns 96 to 191 of 938]
43 42 40 39 37 35 33 32 31 30 30 29 29 29 29 29 30 31 34 36 36 38 40 40 40 40 40 41 41 40 40 41 42 43 43 41 41 40 38 37 36 35 35 34 34 33 33 30 28 25 24 19 17 17 18 21 20 20 20 22 24 24 24 25 25 25 25 25 25 25 25 26 26 27 29 35 37 38 38 37 36 36 35 34 34 33 34 36 38 38 39 40 40 40 40 38
43 39 38 37 37 35 33 31 30 30 29 29 29 29 29 29 31 32 34 36 36 39 39 39 39 39 39 40 40 41 41 42 43 44 44 43 42 40 39 37 36 35 35 35 34 34 34 31 28 25 24 20 17 17 18 20 21 23 24 24 24 24 24 24 24 24 24 24 25 25 25 26 26 26 28 33 37 38 38 36 35 35 34 33 33 32 33 35 36 38 38 40 40 40 39 37
40 36 35 35 35 35 33 31 30 30 29 29 29 29 30 30 31 32 34 36 36 38 38 38 38 38 39 40 40 41 42 44 44 45 45 44 42 41 39 38 37 35 35 35 35 35 34 31 29 26 25 23 17 17 17 17 19 22 23 23 23 24 24 24 24 24 24 24 24 24 24 25 26 26 28 31 36 38 37 35 34 34 33 32 31 31 32 34 35 37 38 39 39 38 38 37
37 35 32 33 33 32 31 31 31 31 31 30 30 30 30 31 32 33 35 36 36 38 38 38 38 38 38 39 40 41 43 44 44 44 44 44 43 42 40 39 38 36 36 35 36 36 35 32 30 27 26 24 20 17 17 17 17 19 20 22 22 23 23 23 23 24 23 23 23 24 24 25 25 25 28 30 35 38 35 34 33 33 32 31 30 30 31 33 34 36 38 38 38 38 37 36
34 32 31 31 31 31 31 31 32 33 32 31 31 31 31 32 34 35 35 36 37 38 38 38 38 38 38 38 39 41 42 42 42 42 43 43 43 42 41 40 38 36 36 36 36 36 35 33 30 27 27 24 21 19 17 17 17 17 17 19 20 21 22 22 23 23 23 23 23 23 23 24 24 25 27 30 35 35 34 33 32 31 30 29 29 29 29 31 34 36 37 38 38 37 36 36
31 31 31 33 32 31 32 33 33 33 34 33 33 32 32 32 35 36 36 37 38 38 38 38 38 38 38 38 38 40 41 40 40 41 42 43 43 43 41 40 38 37 36 36 36 36 35 33 31 28 27 25 21 20 18 17 17 17 17 17 18 20 21 22 22 22 23 23 23 23 23 23 23 24 26 29 34 34 33 33 31 30 29 29 29 29 29 30 34 35 37 38 38 36 35 35
31 33 35 36 35 33 35 36 35 34 35 36 36 35 35 35 35 36 37 38 39 39 38 38 38 38 38 38 38 39 38 38 39 41 42 43 42 42 41 41 40 38 37 37 36 36 35 33 30 29 28 25 21 20 18 18 18 17 17 17 16 17 20 21 21 21 22 22 22 23 23 23 23 23 25 28 33 33 32 31 31 29 28 28 28 28 28 30 34 35 36 37 37 36 35 35
34 36 38 39 38 38 39 40 39 37 38 39 40 39 38 37 38 38 39 41 42 40 39 39 38 38 38 38 38 37 37 37 37 40 41 41 42 42 41 41 41 39 38 38 35 34 34 32 29 28 27 25 21 20 19 18 18 20 19 18 16 16 17 19 20 21 22 22 22 23 23 23 23 23 24 27 30 31 29 29 30 29 28 27 27 27 27 30 32 32 33 35 36 36 34 34
38 39 39 40 40 41 42 43 43 42 41 42 42 42 41 40 40 40 41 43 43 41 39 39 38 38 37 37 36 36 36 36 35 37 39 40 41 41 41 41 41 39 39 37 34 34 33 31 29 27 27 25 21 20 20 19 19 20 20 19 18 16 16 16 19 20 21 21 22 22 22 23 23 23 24 25 29 30 29 29 29 29 27 27 27 27 27 28 30 30 30 32 35 36 34 33
39 40 41 41 42 42 43 44 45 46 45 45 45 44 44 44 43 42 43 43 42 41 39 39 37 37 36 36 36 35 35 35 35 35 37 39 39 39 39 40 40 39 38 36 34 33 32 29 28 26 26 24 21 21 20 20 20 21 20 20 19 18 17 16 16 20 21 21 22 22 22 23 23 23 24 24 26 27 28 28 28 28 27 26 26 26 27 27 29 29 29 31 35 35 33 32
40 41 42 42 42 43 44 45 47 49 49 49 49 49 47 46 45 44 43 42 42 40 39 39 38 37 36 35 35 35 35 35 35 35 35 36 38 38 38 39 39 38 37 35 33 33 31 28 27 25 25 24 21 20 20 20 20 21 21 21 20 19 19 17 16 19 21 21 21 22 22 23 23 23 24 24 25 27 27 27 27 27 27 26 26 26 27 27 28 28 29 30 34 35 33 31
41 42 42 43 43 45 47 48 51 54 55 54 54 53 50 48 46 45 44 42 41 40 39 39 38 37 36 35 35 35 35 35 35 35 35 35 36 37 36 36 36 36 36 34 32 31 30 28 26 25 24 22 21 20 20 20 20 21 21 21 21 20 20 18 16 18 21 21 21 22 22 23 23 23 24 24 24 25 26 26 26 26 26 25 25 26 26 26 27 28 28 30 33 33 32 30
41 42 43 43 45 48 50 52 56 58 59 57 56 54 51 50 48 46 45 43 41 39 39 38 36 36 36 35 35 35 35 35 35 35 35 35 35 35 35 35 35 34 34 33 31 30 28 27 26 24 23 22 20 20 20 20 20 21 21 21 21 21 21 19 16 18 21 21 21 22 22 22 23 23 23 23 24 25 25 25 26 26 25 25 25 25 26 26 27 27 28 29 31 32 31 30
41 42 44 45 48 50 53 56 60 60 58 56 56 54 52 51 50 47 45 43 41 39 38 37 36 36 36 36 36 35 35 35 35 35 35 35 35 35 35 35 34 33 32 31 29 29 27 26 25 23 23 22 20 20 20 20 20 21 21 21 21 21 21 20 16 16 20 20 21 21 21 22 22 22 23 23 23 24 24 25 25 25 24 24 24 25 26 26 27 27 28 29 30 30 30 30
41 43 45 48 50 52 55 58 60 60 56 55 55 53 53 51 50 48 45 43 40 39 37 36 35 35 35 36 36 36 35 35 35 35 35 35 35 35 35 35 34 33 32 30 28 28 26 25 25 24 24 22 20 20 20 20 20 21 21 21 22 22 22 20 16 15 16 19 20 21 21 22 22 22 23 23 23 24 24 24 24 24 24 24 24 25 26 26 27 27 27 28 29 29 29 29
40 43 46 49 52 53 57 59 60 58 55 55 54 53 51 48 48 46 44 41 40 38 36 36 35 35 35 36 36 35 35 35 35 35 35 35 35 35 35 35 35 35 33 30 28 28 26 25 25 24 24 22 21 21 20 20 20 21 21 21 20 20 20 17 15 15 15 15 20 21 21 22 22 22 22 22 23 23 23 24 24 24 24 24 24 26 26 26 27 27 27 28 28 28 29 29
40 42 47 49 52 54 57 59 58 55 55 54 54 52 49 47 45 44 42 40 38 36 36 35 35 35 35 35 35 35 35 35 35 35 35 35 35 35 35 35 35 35 34 32 29 28 27 25 25 24 24 23 21 21 21 21 21 21 20 20 18 19 17 15 15 15 15 15 19 21 21 21 22 22 22 22 23 23 23 23 24 24 23 24 24 27 27 27 27 27 27 27 27 28 28 28
40 42 45 49 51 52 54 55 54 53 54 53 53 51 48 47 45 44 42 40 37 35 35 35 35 35 35 35 35 35 35 35 35 35 36 36 35 35 35 35 36 35 35 33 31 29 28 26 26 24 24 23 22 21 21 21 21 20 20 17 17 17 15 15 15 15 15 15 17 20 20 21 21 21 22 22 22 23 23 23 23 23 23 23 24 25 26 26 27 27 27 27 27 28 28 28
40 42 44 46 49 50 51 52 52 52 53 53 52 50 49 49 48 46 44 41 37 35 35 35 35 35 35 35 35 35 35 35 35 37 37 36 36 36 36 36 36 35 35 33 31 30 28 26 26 24 24 23 22 22 21 21 21 20 17 16 17 16 15 15 15 15 15 15 15 18 20 21 21 21 22 22 22 22 22 23 23 23 23 23 23 24 26 26 26 26 26 27 27 27 27 27
40 41 43 45 47 49 50 50 51 51 51 51 51 50 50 51 51 49 45 42 38 35 35 35 35 35 35 35 35 35 35 35 37 38 38 38 37 36 36 36 36 35 35 34 33 32 29 26 26 24 24 23 22 22 22 21 21 18 15 15 15 15 15 15 15 15 15 15 15 15 17 20 21 21 21 21 22 22 22 22 23 23 23 23 23 24 25 25 26 26 26 27 27 27 27 27
40 41 43 44 46 47 48 49 50 50 50 50 50 50 50 51 51 50 45 42 39 35 35 35 35 35 35 35 35 35 35 36 38 39 39 38 37 37 37 37 37 36 36 35 34 33 29 27 26 23 23 23 22 22 22 20 20 16 15 15 15 15 15 15 15 15 15 15 15 15 15 17 20 20 21 21 21 22 22 22 22 22 23 23 23 24 24 24 26 26 26 27 27 27 26 26
39 41 43 44 45 46 47 47 48 49 48 48 47 48 49 50 50 48 45 42 38 36 35 35 36 36 36 35 35 35 36 37 39 40 40 39 38 38 37 37 37 36 36 36 34 33 29 27 27 23 23 23 22 22 22 20 19 15 15 15 15 15 15 15 15 15 15 15 15 15 15 15 18 20 21 21 21 22 22 22 22 22 23 23 23 24 24 26 27 27 27 27 27 27 26 26
38 40 42 43 44 44 45 45 45 45 44 45 46 46 47 49 49 46 44 41 38 36 36 36 36 36 36 35 35 36 37 38 39 40 41 40 38 38 37 37 37 36 36 36 34 33 29 27 27 23 23 23 22 22 22 20 17 15 15 15 15 15 15 15 15 15 15 15 15 15 15 15 15 18 20 20 21 21 21 22 22 22 23 23 23 24 24 26 27 27 27 27 27 26 25 24
37 39 42 42 43 42 44 44 43 42 42 43 44 45 46 49 49 46 43 40 39 36 36 36 36 36 36 36 36 36 38 39 40 41 41 41 40 39 38 38 38 37 37 36 35 33 30 28 27 24 24 23 22 22 22 19 16 15 15 15 15 15 15 15 15 15 15 15 15 15 15 15 15 15 19 20 21 21 21 22 22 22 23 23 23 24 25 26 27 27 27 26 26 25 24 24
37 39 42 42 41 41 41 41 41 40 40 41 43 44 46 49 48 47 43 41 39 36 36 36 36 36 36 37 37 37 38 40 41 42 42 42 41 40 38 38 38 37 37 36 35 33 30 28 27 25 24 23 23 23 21 18 16 15 15 15 15 15 15 15 15 15 15 15 15 15 15 15 15 15 16 20 20 21 21 21 22 22 23 23 23 24 25 26 27 27 27 26 25 24 24 24
37 40 42 42 41 40 40 40 39 39 40 41 42 44 47 48 48 47 44 41 38 36 36 36 36 36 36 37 37 37 39 40 42 43 43 42 42 41 39 38 38 37 37 36 35 34 33 30 28 27 26 24 23 22 18 15 15 15 15 15 15 15 15 15 15 15 15 15 15 15 15 15 15 15 15 18 20 21 21 21 22 22 23 23 23 24 25 25 26 26 27 25 25 24 24 24
38 40 42 42 41 39 39 38 38 38 40 41 42 45 48 48 47 46 44 40 38 37 36 36 36 36 36 37 37 38 39 40 43 44 44 43 42 42 40 38 38 37 37 36 36 35 35 33 32 29 28 25 23 18 15 15 15 15 15 15 15 15 15 15 15 15 15 15 15 15 15 15 15 15 15 15 19 20 20 21 22 22 22 23 23 24 25 25 26 26 26 25 24 24 24 24
38 39 41 41 39 38 38 38 38 38 40 42 42 46 48 48 46 44 41 39 38 36 36 36 36 36 36 37 37 38 40 41 44 44 44 43 42 42 40 39 38 37 37 37 36 36 35 35 33 30 29 26 21 15 15 15 15 15 15 15 15 15 15 15 15 15 15 15 15 15 15 15 15 15 15 15 15 19 20 21 22 22 22 23 23 24 24 24 25 25 25 24 24 24 24 24
38 38 40 40 39 37 37 37 38 38 40 41 43 46 47 46 45 42 40 38 37 35 35 35 34 35 35 37 37 38 40 42 45 45 45 44 42 42 40 39 38 38 38 37 37 37 36 35 34 30 29 25 18 15 15 15 15 15 15 15 15 15 15 15 15 15 15 15 15 15 15 15 15 15 15 15 15 15 20 20 21 21 22 22 22 23 24 24 25 25 24 24 24 24 24 24
38 38 39 39 39 37 37 37 37 38 40 41 42 44 46 45 43 41 39 37 36 35 34 34 33 33 35 36 37 37 40 42 45 45 45 44 42 42 40 39 39 38 38 38 37 37 36 35 33 29 28 22 16 15 15 15 15 15 15 15 15 15 15 15 15 15 15 15 15 15 15 15 15 15 15 15 15 15 16 20 21 21 22 22 22 23 24 24 24 24 24 24 24 24 24 24
38 38 39 39 39 37 36 36 36 38 39 40 41 43 44 44 41 40 38 37 36 34 34 33 32 32 35 35 36 37 39 42 45 45 45 43 42 41 40 40 39 39 39 39 38 37 36 35 32 28 27 20 15 15 15 15 15 15 15 15 15 15 15 15 16 17 18 17 16 15 15 15 15 15 15 15 15 15 15 17 20 20 21 22 22 23 24 24 24 24 24 24 24 24 24 24
38 38 38 38 39 37 36 35 35 37 39 40 40 41 43 42 40 40 38 37 35 34 33 33 32 32 33 34 35 36 39 41 43 45 45 42 41 41 40 40 39 39 39 39 38 38 36 34 31 27 26 18 15 15 15 15 15 15 15 15 15 15 15 18 20 20 21 21 20 18 16 15 15 15 15 15 15 15 15 15 18 20 21 22 22 23 24 24 23 23 23 24 24 24 24 24
38 38 38 38 39 38 37 35 35 35 37 38 39 40 40 40 40 39 38 36 35 33 32 32 32 32 32 32 33 35 37 40 42 44 43 42 41 41 40 40 40 39 39 39 38 37 35 33 30 27 24 18 17 17 16 15 15 15 15 16 18 18 19 21 22 23 23 23 23 21 20 16 15 15 15 15 15 15 15 15 15 19 21 21 21 22 23 23 23 23 23 24 24 24 24 24
38 38 38 38 39 38 36 34 34 34 36 37 38 39 38 38 39 38 36 35 34 32 32 32 31 31 31 31 31 32 34 36 39 43 43 41 41 41 41 41 40 38 38 38 37 37 35 32 30 27 24 18 18 18 17 17 17 16 18 20 22 22 22 22 23 23 24 24 24 22 21 18 16 15 15 15 15 15 15 15 15 15 20 21 21 22 22 22 23 23 23 23 23 24 24 24
40 41 39 38 38 38 36 34 33 33 35 37 38 38 38 38 37 35 35 34 33 32 31 31 30 30 30 29 29 30 31 32 35 40 42 41 41 41 41 41 40 38 38 38 37 37 35 32 30 27 23 18 18 18 18 18 18 19 22 24 24 24 24 24 24 24 24 24 24 22 22 19 18 16 15 15 15 15 15 15 15 15 16 20 21 21 22 22 22 22 22 23 23 23 23 23
41 42 40 38 38 37 36 34 33 33 34 35 37 38 38 38 36 35 34 33 32 31 31 30 30 30 29 29 29 29 29 30 33 36 40 40 39 39 40 40 40 39 39 38 37 37 34 31 30 24 20 18 18 18 18 18 21 23 24 24 25 25 25 25 25 25 25 25 24 22 22 21 20 18 16 15 15 15 15 15 15 15 15 16 20 21 21 21 22 22 22 23 23 23 23 23
42 42 40 38 38 36 36 34 33 33 33 35 36 37 37 37 35 35 34 32 32 31 30 30 29 29 29 29 29 29 29 29 31 34 37 38 36 36 39 39 40 39 39 38 36 36 34 31 28 20 18 18 18 18 18 22 25 25 25 25 25 25 25 25 25 25 25 25 24 22 22 21 20 20 19 16 15 15 15 15 15 15 15 15 17 21 21 21 22 22 22 22 22 23 23 23
42 41 40 38 37 36 36 34 33 33 33 35 35 35 35 35 35 35 33 32 32 31 30 30 29 29 29 29 29 29 29 29 30 31 33 35 34 35 38 39 39 39 39 37 35 34 33 29 23 18 18 18 18 18 23 26 26 26 26 26 26 26 26 25 25 25 25 25 24 23 23 23 22 21 20 19 17 15 15 15 15 15 15 15 15 18 20 20 21 21 22 22 22 22 22 22
41 41 40 38 36 35 34 33 33 33 33 34 35 34 33 33 34 33 33 32 31 30 30 30 29 29 29 29 29 29 29 29 29 30 31 32 34 34 36 38 37 36 36 34 32 31 29 24 20 18 18 18 18 21 26 27 27 27 27 27 27 26 26 26 26 26 25 25 24 24 24 23 23 22 22 21 20 17 15 15 15 15 15 15 15 15 18 20 21 21 21 22 22 22 22 22
40 40 39 38 36 34 33 32 32 32 33 33 33 33 33 32 32 32 32 31 31 30 30 30 29 29 29 29 29 29 29 29 29 29 30 30 31 32 32 33 33 32 31 30 28 26 23 21 20 18 18 18 20 26 27 27 27 27 27 27 27 27 27 26 26 26 26 25 25 25 24 24 24 23 23 22 21 19 16 15 15 15 15 15 15 15 15 19 20 20 21 21 21 22 22 22
39 39 39 38 35 33 32 32 32 32 32 33 33 33 33 32 32 32 31 30 30 30 30 30 30 30 30 30 30 30 29 29 28 28 29 28 28 28 28 28 28 27 26 24 22 21 21 21 21 19 19 22 25 26 27 28 28 28 28 28 27 27 27 27 27 27 26 26 26 25 25 25 24 24 23 23 22 20 17 15 15 15 15 15 15 15 15 15 19 20 21 21 21 21 22 22
38 37 37 36 34 32 32 32 32 32 32 32 32 32 32 32 31 31 30 30 30 30 30 30 30 30 30 30 30 30 29 29 27 27 26 25 24 24 24 24 23 22 21 21 21 21 21 21 21 20 22 24 26 29 29 29 28 28 28 28 28 27 27 27 27 27 27 27 26 26 25 25 24 24 24 24 23 20 18 17 18 15 15 15 15 15 15 15 15 19 20 21 21 21 22 22
36 36 36 35 33 32 32 32 32 32 32 32 32 32 32 32 31 31 30 30 30 30 30 30 30 30 30 30 30 30 29 29 27 25 24 24 24 24 24 24 21 21 21 21 21 21 21 21 21 22 23 28 30 31 31 31 29 28 28 28 28 28 28 28 28 27 27 27 27 26 26 25 25 25 24 24 24 20 19 20 20 19 16 15 15 15 15 15 15 15 18 21 21 21 21 21
35 34 34 34 33 32 32 32 32 32 32 32 32 32 32 31 31 31 30 30 30 30 30 30 30 30 30 30 30 30 29 28 26 24 24 24 24 24 24 24 21 21 21 21 21 21 21 21 23 27 28 31 32 33 32 31 30 28 28 28 28 28 28 28 28 28 27 27 27 26 26 25 25 25 25 24 23 21 21 22 23 21 19 16 15 15 15 15 15 15 15 19 20 20 21 21
34 33 33 33 33 32 32 32 32 32 32 32 32 32 32 31 30 30 30 30 30 30 30 30 30 30 30 30 30 30 28 26 24 24 24 24 24 24 24 24 22 21 21 21 21 21 21 25 28 30 31 34 34 34 33 30 29 29 29 29 28 28 28 28 28 28 27 27 27 26 26 26 26 26 25 24 23 22 22 23 23 23 21 19 16 15 15 15 15 15 15 15 18 20 21 21
33 33 33 33 33 32 32 32 32 32 31 31 31 31 31 31 30 30 30 30 30 30 30 30 30 30 30 30 30 29 27 25 24 24 24 24 24 24 24 24 23 21 21 21 21 21 23 26 29 31 32 35 35 35 33 29 29 29 29 29 28 28 28 28 28 28 27 27 27 26 26 26 26 26 26 24 23 23 23 23 24 24 21 19 17 15 15 15 15 15 15 15 17 20 21 21
32 33 32 32 32 32 32 32 32 32 31 31 31 31 31 31 30 30 30 30 30 30 30 30 30 30 30 29 29 27 25 24 24 24 24 24 24 24 24 25 24 23 24 24 24 26 28 30 32 33 34 35 35 35 33 30 29 29 29 29 29 28 28 28 28 28 27 27 27 26 26 26 26 26 26 25 24 23 24 24 24 24 22 20 19 17 15 15 15 15 15 15 15 16 20 20
32 32 32 32 32 32 32 32 32 32 31 31 31 31 31 31 30 30 30 30 30 30 30 30 30 30 30 29 28 25 24 24 24 24 24 24 24 25 28 29 29 28 29 29 29 31 31 31 34 35 35 36 35 35 33 31 30 29 29 29 29 28 28 28 28 28 27 27 27 27 27 27 27 27 26 25 26 25 25 25 24 24 22 21 20 19 16 15 15 15 15 15 15 15 16 20
32 32 32 32 32 32 32 32 32 32 32 32 32 31 31 31 30 30 30 30 30 30 30 30 30 30 29 27 24 24 24 24 24 24 24 24 25 30 30 31 31 32 33 34 34 34 34 34 35 36 36 36 35 35 34 31 30 29 29 29 29 29 29 28 28 28 27 27 27 27 27 27 27 27 26 26 26 26 26 25 24 24 22 22 21 20 18 16 15 15 15 15 15 15 15 15
32 32 32 32 32 32 32 32 32 32 32 32 32 32 32 31 30 30 30 30 30 30 30 30 29 28 24 24 24 24 24 24 24 24 24 24 30 32 33 34 34 35 35 36 36 36 36 36 36 37 37 37 35 35 34 31 31 30 29 29 29 29 29 29 29 28 28 28 27 27 27 27 27 27 26 26 27 26 26 26 25 24 24 23 23 22 21 19 17 15 15 15 15 15 15 15
32 32 32 32 32 32 32 32 32 32 33 33 33 32 32 31 30 30 30 30 30 30 29 29 26 24 24 24 24 24 24 24 24 24 26 30 33 34 35 35 36 36 36 37 37 37 37 37 37 37 37 37 35 35 34 32 32 30 30 30 29 29 29 29 29 29 28 28 28 28 28 28 27 27 27 27 27 27 27 27 25 25 25 25 25 24 23 22 21 19 16 15 15 15 15 15
32 32 32 32 32 32 32 32 32 32 34 34 33 33 32 32 30 30 30 30 30 29 28 24 24 24 24 24 24 24 24 24 24 26 31 33 35 35 36 37 37 38 38 38 38 37 37 37 37 37 37 37 36 35 34 33 32 31 31 30 30 30 30 29 29 29 28 28 28 28 28 28 28 28 27 27 27 27 27 27 25 25 25 26 26 26 25 24 24 22 20 16 15 15 15 15
32 32 32 32 32 32 32 32 32 33 35 34 34 33 33 32 30 30 30 29 29 28 27 26 24 24 24 24 24 24 24 24 26 28 33 34 36 36 37 37 38 39 39 39 38 38 38 38 38 38 38 38 36 36 35 33 33 32 31 31 30 30 30 29 29 29 29 29 29 28 28 28 28 28 27 27 27 27 27 27 26 26 26 27 27 26 26 26 25 23 21 15 16 17 15 15
34 35 36 36 35 34 33 31 31 33 35 35 35 33 33 32 30 29 29 29 27 27 27 27 26 25 24 24 24 24 24 24 27 31 35 35 36 37 39 40 40 40 40 40 39 39 38 38 38 38 38 38 37 37 36 34 34 32 32 32 31 30 30 29 29 29 29 29 29 28 28 28 28 28 27 27 27 27 27 27 26 26 26 27 27 26 26 26 25 23 19 15 17 19 19 17
40 41 42 42 41 39 38 35 31 31 33 33 34 34 33 31 29 29 28 27 27 27 27 27 26 26 25 24 24 24 24 24 29 34 36 37 39 41 43 42 42 42 41 41 40 40 39 39 39 39 39 39 39 38 37 35 34 32 32 32 32 31 31 29 29 29 29 29 29 28 28 28 28 28 28 28 27 27 27 27 27 27 27 27 27 26 26 26 24 24 21 17 19 20 20 20
