geo_cache/3-4/elevation.txt
ncols         934
nrows         918
xllcorner     -72.06666666666666
yllcorner     42.752
cellsize      1.0E-5
NODATA_value  -9999
[rows 798 to 839 of 918, columns 470 to 563 of 934]
468 473 481 489 495 501 507 512 518 523 523 516 507 503 505 508 510 513 516 519 522 526 531 534 536 537 540 544 548 549 549 538 522 510 503 498 493 488 485 479 471 463 455 444 434 427 422 416 409 403 398 394 388 384 380 377 373 370 368 366 363 359 359 360 362 360 356 352 349 345 340 339 343 346 346 344 342 342 340 338 337 334 332 330 329 326 322 321 321 321 321 321 321 321
467 472 479 487 493 499 505 510 516 519 516 509 500 501 505 507 510 513 516 519 522 526 530 531 533 536 540 544 548 548 545 530 511 495 492 488 485 483 480 473 466 459 450 440 430 424 420 414 408 402 396 392 387 383 380 376 372 370 368 366 363 361 361 364 366 364 360 356 351 347 342 342 346 347 346 344 340 339 338 337 335 332 329 328 327 325 323 322 321 321 321 321 321 321
466 471 478 485 491 497 503 509 513 514 509 501 496 501 505 507 510 512 515 519 523 525 527 528 530 535 538 543 547 546 539 520 498 484 481 480 480 478 474 467 461 455 446 436 427 422 417 412 406 399 394 390 385 382 378 374 371 369 367 367 365 364 364 365 368 368 364 358 353 348 345 345 347 347 346 343 340 337 335 334 332 329 328 327 326 324 324 323 323 322 322 321 321 321
465 471 476 483 489 495 501 506 510 508 501 495 495 502 505 507 509 511 515 518 521 523 524 525 527 533 536 540 541 539 530 512 489 478 473 473 473 472 468 463 457 451 444 434 426 421 416 411 405 398 392 388 384 379 375 371 370 368 368 368 366 365 365 366 370 371 367 361 354 350 347 347 347 347 345 342 340 336 334 332 329 328 327 327 326 325 324 324 323 322 322 322 322 322
463 469 474 480 486 492 498 502 505 501 494 490 495 502 505 506 508 509 512 516 518 520 519 521 524 528 531 534 534 531 520 502 484 474 465 465 466 466 463 459 454 448 442 433 425 420 416 411 405 397 391 387 383 377 373 370 370 368 367 367 366 365 365 366 372 375 371 363 355 351 349 348 347 347 344 342 340 336 334 331 329 328 327 327 326 325 325 325 323 323 323 322 322 322
459 466 472 477 482 487 492 497 497 493 486 486 494 500 503 504 505 507 509 512 514 514 514 516 519 521 524 526 525 519 509 492 479 470 461 459 461 461 458 455 451 445 439 431 424 419 415 410 403 396 390 386 382 376 371 370 369 368 367 366 365 364 364 365 373 379 375 365 356 351 349 347 346 346 343 341 339 336 334 331 329 328 327 327 327 327 326 325 324 323 323 322 322 322
454 461 468 473 477 481 484 487 486 483 480 484 492 497 499 500 502 504 506 508 509 509 509 510 513 514 515 515 513 507 498 484 475 468 459 454 454 455 454 451 447 442 436 429 422 418 413 407 401 394 387 384 379 374 370 369 369 367 366 366 365 364 363 364 372 379 376 367 357 351 349 346 346 346 344 342 339 337 334 331 329 328 328 328 328 327 327 326 325 324 323 323 323 323
449 455 462 468 472 475 477 478 477 476 477 483 489 493 495 497 498 501 504 505 505 503 503 503 505 505 505 504 501 495 487 478 471 466 458 450 448 449 449 446 443 439 433 427 421 417 411 405 399 391 385 381 377 373 370 369 367 366 366 366 365 363 363 363 369 377 377 368 359 352 350 348 349 348 346 344 341 339 336 332 329 330 331 331 330 329 328 327 327 325 325 324 324 324
447 450 456 461 465 468 470 471 472 472 475 481 486 490 493 496 498 500 501 502 501 498 496 495 496 496 495 492 489 484 479 473 468 463 457 447 443 443 443 440 438 435 429 424 419 415 409 402 396 388 382 378 374 371 370 368 366 366 365 365 364 363 362 362 365 372 374 369 361 354 351 351 351 348 345 343 342 341 337 334 332 333 334 333 333 332 330 329 327 326 326 325 325 325
447 449 451 455 459 462 464 466 467 471 474 478 484 489 493 497 499 499 498 497 495 492 489 489 489 488 486 483 481 477 473 469 465 461 455 445 437 436 436 435 433 430 425 421 417 412 406 399 392 384 378 375 371 369 368 367 366 366 365 365 364 362 362 361 363 367 370 368 362 356 352 352 351 348 344 342 341 340 337 335 335 336 337 336 335 333 332 330 328 327 326 326 325 325
448 448 449 450 453 456 458 461 464 468 472 477 484 490 495 498 499 498 494 492 489 486 484 483 483 481 480 477 474 472 468 466 463 459 453 444 433 430 429 429 427 425 421 418 413 408 402 396 388 380 375 372 368 367 367 366 366 366 365 365 364 362 362 360 361 363 366 365 362 357 353 352 351 348 344 341 340 339 337 336 338 339 340 340 339 337 334 332 330 327 327 326 326 326
449 449 449 449 450 452 455 458 461 465 471 477 484 491 496 499 499 497 494 490 485 481 479 478 477 476 474 471 469 467 465 463 460 457 450 442 432 423 422 423 422 420 417 414 409 404 398 392 383 377 372 369 366 366 368 369 368 367 366 365 364 362 361 360 359 361 363 362 360 357 353 351 350 348 344 341 340 339 338 338 340 341 342 343 343 342 340 336 333 329 328 326 326 326
453 449 449 449 449 451 455 457 460 465 471 477 485 492 497 499 499 498 496 491 485 481 476 474 472 470 468 466 464 463 462 460 458 454 449 441 430 418 415 416 415 414 412 409 405 400 394 387 380 374 369 367 366 367 370 370 369 368 367 365 364 362 361 360 359 359 361 360 358 354 351 349 348 347 344 341 340 339 339 339 340 342 344 345 347 347 346 343 338 333 330 327 326 326
456 452 450 449 449 451 455 457 460 465 471 476 485 493 498 500 500 500 498 493 487 482 476 473 470 468 464 461 460 459 458 456 454 450 446 440 430 417 410 408 409 408 407 404 400 395 389 383 377 370 366 363 365 369 373 373 371 369 368 367 366 362 360 358 358 358 359 358 356 353 350 348 346 345 343 341 340 339 339 340 341 343 345 346 348 351 351 349 345 338 333 327 326 326
457 454 450 450 450 451 454 456 459 465 471 476 485 494 499 500 501 500 499 496 490 484 479 475 471 468 463 458 454 451 448 448 447 446 443 438 429 417 408 403 402 403 402 399 395 389 384 380 375 369 363 363 366 371 375 376 375 372 370 370 368 366 360 358 358 358 358 357 355 353 350 347 345 343 341 341 340 340 340 340 341 343 345 348 351 355 356 355 350 343 336 329 326 326
459 457 453 450 450 451 454 456 459 465 471 476 485 495 499 501 502 501 500 498 492 486 480 477 472 468 465 459 452 444 437 437 439 440 439 435 428 417 408 400 397 396 395 393 389 384 380 377 372 367 362 362 367 372 376 379 378 376 374 373 372 370 364 358 358 358 358 357 355 354 350 346 345 343 340 340 340 340 340 340 341 344 346 348 353 357 359 358 355 348 340 332 326 326
461 458 455 451 451 451 454 455 459 465 471 476 485 495 499 503 504 503 501 498 493 487 482 478 474 469 465 461 454 446 435 429 430 432 434 431 425 417 408 400 394 391 389 387 383 380 376 373 368 364 362 362 367 372 377 380 380 378 377 376 374 372 367 360 358 358 358 357 359 356 351 347 345 344 341 340 340 340 340 340 341 344 346 348 353 358 360 360 357 351 344 335 329 327
462 460 458 455 453 452 454 455 459 465 471 476 485 495 501 504 505 504 502 499 493 488 483 479 475 470 466 462 456 448 439 430 424 424 426 427 422 415 407 400 393 389 385 382 378 374 371 368 364 363 363 363 367 372 377 380 381 381 379 377 375 372 368 361 358 358 358 360 362 358 352 350 347 344 341 340 340 340 340 340 341 343 345 348 353 358 361 361 358 353 346 338 330 327
463 461 459 456 454 454 454 455 459 465 471 476 485 495 501 505 505 505 503 499 493 489 484 480 475 471 466 462 456 449 441 433 424 420 419 419 417 412 405 399 393 388 385 380 376 370 366 362 360 360 362 363 365 370 375 380 382 382 380 378 376 372 366 360 358 358 358 362 363 359 356 352 347 344 341 341 341 341 340 340 340 343 345 348 353 358 361 361 358 354 347 340 333 328
464 462 460 457 455 455 455 455 458 465 471 476 485 495 502 505 506 505 504 499 493 489 483 480 475 472 466 461 454 447 441 434 426 419 414 411 410 407 402 396 392 388 384 379 375 370 365 360 359 359 359 360 363 367 372 377 381 383 380 378 375 371 365 360 358 358 359 362 361 359 358 352 347 344 342 344 344 343 341 341 341 343 345 347 352 356 359 361 358 354 348 342 336 330
464 463 461 457 456 455 455 455 458 465 471 477 485 495 502 504 506 505 504 499 492 488 483 480 475 472 466 460 453 447 441 436 429 421 415 410 407 402 398 394 390 386 383 379 375 371 366 360 358 357 357 359 361 365 369 373 378 381 379 376 374 371 365 360 357 359 360 359 358 358 358 351 346 345 345 346 346 344 342 341 343 344 345 346 351 355 358 359 357 353 349 343 338 333
464 464 462 458 457 456 456 457 461 466 472 478 486 496 502 504 506 506 505 499 493 488 483 480 476 472 468 461 453 447 442 437 431 425 419 414 409 403 397 391 387 383 380 378 375 371 367 360 357 356 357 358 360 363 366 370 374 377 377 374 372 369 364 358 357 359 360 358 357 357 355 349 345 345 346 347 347 346 344 342 344 345 345 346 350 353 355 355 354 350 347 344 339 335
464 464 462 458 457 457 458 461 464 468 475 482 489 496 502 506 506 506 505 501 496 491 486 482 477 473 468 461 454 448 442 437 432 426 420 416 412 407 399 391 384 379 377 375 373 370 366 360 356 355 355 357 359 362 365 368 370 373 373 372 369 367 362 357 356 359 358 355 355 354 351 347 346 346 347 348 348 347 345 345 345 346 346 346 347 351 352 352 350 348 345 342 339 336
464 464 462 460 457 459 461 464 467 472 479 486 494 500 505 507 507 507 506 503 499 494 488 484 478 473 468 461 453 446 441 436 430 425 420 417 414 410 402 393 384 377 373 371 370 368 365 359 355 354 355 357 359 361 363 365 366 368 369 368 366 364 359 354 355 356 354 353 354 352 349 346 346 347 348 348 348 347 346 346 346 346 345 345 345 347 348 348 346 344 341 339 338 337
464 464 463 461 461 461 463 466 470 476 483 491 499 506 509 510 509 508 506 504 500 495 489 486 479 474 468 460 452 445 439 433 428 424 420 417 415 410 404 395 384 376 371 367 366 365 361 358 354 353 353 355 356 358 360 362 363 364 364 364 362 360 357 353 352 352 351 352 353 350 347 346 346 347 348 349 349 347 347 347 347 346 345 344 342 343 344 344 342 339 338 337 336 336
464 464 463 462 462 463 465 468 473 479 488 496 504 510 512 511 510 509 507 504 501 497 491 487 480 474 467 459 450 441 435 429 425 421 417 414 413 410 405 396 384 376 370 365 362 361 357 355 353 351 352 353 354 356 357 358 359 360 360 359 358 357 355 351 349 349 350 351 350 346 344 345 346 347 349 349 349 347 348 348 348 346 345 342 341 340 341 341 338 336 336 334 334 335
463 464 464 464 464 465 467 470 475 483 491 499 507 511 512 512 511 509 508 505 502 498 492 488 480 473 465 456 445 434 428 424 421 417 413 410 410 409 405 396 384 376 370 364 360 357 355 353 352 350 350 352 353 355 354 353 354 355 356 356 355 354 352 348 346 347 348 348 346 342 343 345 347 349 350 350 349 349 349 348 348 346 344 342 340 339 339 338 335 333 333 333 331 332
463 464 465 465 465 466 468 471 476 484 492 501 509 512 512 512 511 510 508 505 502 498 492 488 481 473 464 454 441 429 424 423 420 415 409 408 408 408 404 395 383 374 368 363 359 356 354 352 351 350 350 352 354 354 353 352 352 354 355 355 354 353 350 347 346 347 347 347 343 341 342 346 348 349 351 350 350 350 349 348 348 345 342 341 340 338 338 336 334 332 332 331 330 330
463 464 465 466 466 467 469 472 477 485 493 502 510 513 513 513 512 510 508 505 502 499 493 489 481 472 463 453 439 427 422 420 417 412 407 404 404 405 402 393 382 373 366 361 358 356 353 351 350 348 349 351 355 355 352 351 350 351 352 352 351 350 349 346 344 346 347 344 341 341 343 346 348 350 351 351 351 351 349 348 348 345 341 340 338 337 336 335 332 330 330 330 329 328
463 464 466 466 467 467 470 473 478 486 495 504 511 513 513 513 512 510 508 505 502 499 493 489 481 471 462 452 440 428 421 417 412 408 405 400 400 401 399 390 378 368 361 357 355 353 352 350 348 348 348 351 355 355 351 349 349 349 349 349 349 349 347 343 341 343 343 341 341 342 345 348 349 350 352 351 351 351 349 348 348 345 342 340 337 334 335 332 330 328 329 329 328 326
464 465 466 467 467 468 471 474 480 487 496 505 511 513 513 513 512 510 508 504 501 497 492 488 481 470 460 452 441 431 423 417 410 404 402 398 396 397 395 387 376 366 358 354 352 351 349 348 347 347 347 350 354 355 350 347 347 347 347 347 348 347 345 341 340 340 340 340 341 344 346 349 350 351 352 352 352 351 349 347 347 345 342 340 336 333 333 330 329 328 328 329 326 324
464 465 467 467 468 470 472 475 480 488 497 506 511 512 512 513 512 510 508 504 501 496 491 487 480 469 459 451 442 432 425 419 411 402 397 394 392 392 390 384 375 366 359 353 351 348 347 347 346 346 346 349 354 355 349 346 344 345 345 345 345 344 342 338 337 338 339 341 342 344 346 349 351 354 356 355 352 349 347 346 345 344 342 341 336 332 331 329 328 326 327 328 326 323
464 466 468 468 470 471 474 477 482 488 498 507 511 512 512 513 511 510 508 504 500 494 488 485 478 468 459 451 442 434 426 421 414 404 396 391 388 387 385 381 374 366 360 355 351 348 347 346 345 345 345 349 354 354 349 344 342 342 343 343 342 340 337 335 335 338 340 341 343 344 346 350 352 356 359 357 352 349 346 345 344 343 342 340 335 331 330 329 327 325 325 326 326 323
465 466 468 469 471 474 476 479 483 488 498 507 511 512 512 512 511 510 508 504 499 493 487 482 475 466 458 450 442 436 429 422 417 409 399 391 386 382 379 376 371 365 359 355 352 348 347 345 344 343 344 347 351 351 347 342 340 340 341 340 339 337 334 334 335 338 340 341 343 344 346 349 353 357 361 359 354 349 345 343 343 342 341 338 334 330 329 328 327 325 324 323 324 322
465 467 469 470 472 474 478 481 483 488 497 506 510 512 512 512 510 509 507 504 499 493 485 480 471 463 457 449 443 437 430 423 418 411 401 393 386 379 374 370 366 360 356 354 352 349 347 345 343 342 341 344 348 350 345 340 340 339 338 337 335 334 333 333 335 338 340 341 344 344 345 349 354 358 362 362 355 349 343 341 341 340 338 336 333 330 328 328 326 325 324 323 322 322
466 467 469 471 473 476 479 481 483 488 495 503 508 511 511 510 509 507 505 503 498 492 484 478 467 459 455 449 443 437 431 424 419 412 404 395 386 378 372 366 361 356 352 351 349 348 347 345 343 341 340 341 345 348 344 339 339 337 336 335 334 333 333 334 336 338 340 341 343 344 345 349 353 358 363 363 357 349 342 338 336 336 335 332 330 328 328 327 326 324 324 323 322 322
467 468 470 472 474 476 480 481 483 487 493 500 505 507 508 508 507 506 504 502 497 490 484 477 467 456 451 448 443 438 431 424 419 413 404 396 387 377 372 365 359 355 351 348 346 346 346 345 342 341 340 340 342 347 344 339 338 336 335 335 334 334 334 337 339 339 340 341 342 343 344 348 352 357 364 364 359 350 343 337 331 331 330 329 328 328 327 327 325 324 324 323 322 322
469 470 472 474 476 477 480 481 483 486 490 496 501 503 504 504 504 503 502 500 496 489 481 476 468 457 448 444 442 438 431 425 420 413 404 396 388 377 371 364 358 354 350 347 344 343 343 343 342 340 339 339 340 343 343 339 338 335 334 334 333 334 336 340 341 341 341 341 340 342 344 347 351 356 363 365 361 352 344 336 330 328 328 328 328 328 327 327 325 324 324 323 322 322
471 473 475 476 478 480 481 482 483 486 488 492 496 498 499 499 500 500 499 497 492 486 479 475 468 458 447 441 439 437 431 425 419 413 404 396 387 377 370 361 356 351 348 345 342 341 342 342 341 340 339 339 339 341 341 339 337 335 334 334 333 334 337 341 341 341 341 340 340 340 340 344 349 354 361 365 362 353 344 336 330 328 328 328 328 329 328 327 326 325 324 323 322 322
473 475 477 479 480 481 482 483 483 485 486 488 491 493 495 495 496 496 494 492 488 483 477 472 467 459 450 440 436 435 430 424 418 412 404 395 386 376 366 358 352 348 346 343 341 340 340 340 340 339 338 338 338 339 339 338 336 334 333 333 333 334 338 341 340 340 339 339 338 338 339 342 347 352 357 363 361 353 343 335 330 328 328 330 331 331 329 328 327 326 326 325 324 324
476 478 480 481 482 482 483 483 483 483 483 484 486 488 489 490 491 491 489 488 484 480 474 470 466 460 451 442 436 433 428 422 416 411 404 395 384 374 364 355 349 346 344 342 340 340 339 339 339 338 338 337 337 337 337 336 335 334 333 332 332 334 338 341 341 339 339 338 337 337 336 339 344 350 355 359 358 352 343 335 329 328 330 333 334 334 332 329 328 328 327 326 326 326
479 481 483 483 484 484 484 484 483 481 480 481 482 483 484 485 485 485 485 483 480 477 472 468 464 459 451 443 435 429 425 420 414 410 403 394 383 373 364 356 349 345 343 341 340 339 338 338 337 337 336 336 336 336 335 335 335 334 332 331 331 333 337 341 342 340 339 337 336 336 334 335 340 345 351 355 355 351 342 333 329 328 332 335 336 337 334 332 330 330 330 328 328 328
