geo_cache/3-4/elevation.txt
ncols         934
nrows         918
xllcorner     -72.06666666666666
yllcorner     42.752
cellsize      1.0E-5
NODATA_value  -9999
[rows 504 to 545 of 918, columns 188 to 281 of 934]
321 316 306 298 292 289 288 288 288 288 288 288 288 289 289 290 291 293 298 305 310 312 313 316 319 322 325 325 325 326 327 326 318 311 311 314 317 317 317 317 316 316 315 314 312 309 306 303 303 302 301 301 300 298 298 296 295 294 291 283 271 266 263 262 262 263 266 267 269 271 273 274 275 276 277 277 278 279 279 279 279 279 279 279 279 279 280 281 283 284 285 285 284 284
322 318 310 302 296 291 288 288 288 288 288 288 288 288 288 289 289 291 297 303 308 311 313 315 318 320 323 323 322 323 326 325 317 311 312 314 317 317 317 316 316 315 312 308 305 304 304 303 303 302 300 299 298 296 294 293 293 292 289 282 272 267 263 262 261 262 264 266 268 270 271 272 274 275 275 276 277 277 278 278 278 278 278 278 278 278 279 280 282 283 284 285 284 283
321 318 313 306 299 293 290 288 288 288 288 288 288 288 288 288 288 291 295 301 306 310 312 314 316 319 320 320 320 321 323 322 316 311 312 314 317 317 316 314 313 311 309 306 304 304 304 303 303 302 300 298 297 293 292 291 290 289 287 283 276 270 265 262 261 261 262 264 266 268 269 270 271 273 274 274 275 275 276 276 276 276 276 276 276 276 277 278 280 281 282 283 283 279
319 317 313 308 302 295 291 290 288 288 288 288 288 287 287 286 287 290 294 300 305 308 310 312 314 316 317 317 317 318 322 320 314 310 311 314 316 316 314 311 310 309 308 305 304 304 304 303 303 302 300 298 297 293 292 291 289 286 285 284 279 272 266 262 261 261 261 262 264 266 267 268 270 271 272 272 273 273 274 274 274 274 273 273 272 273 274 277 279 280 280 280 278 274
316 315 312 308 304 298 292 290 288 288 288 288 287 287 286 286 286 288 292 297 302 306 308 310 312 314 315 314 313 314 318 317 313 310 311 313 315 314 312 311 309 309 308 306 304 304 304 303 303 302 301 299 297 294 293 292 289 286 285 284 280 273 267 263 261 261 261 261 263 264 266 266 267 268 269 269 270 271 271 271 271 271 271 270 270 270 272 274 276 277 278 277 274 270
318 315 310 308 306 301 294 292 290 288 288 288 287 286 286 286 286 286 290 294 298 302 306 308 309 310 310 309 308 310 313 314 311 310 310 312 312 312 312 311 309 309 308 307 306 305 305 305 304 304 302 301 298 296 296 293 291 288 286 284 280 273 267 263 261 260 260 260 260 262 263 264 265 266 266 266 267 267 268 268 268 268 268 267 267 267 269 271 272 273 274 273 270 265
320 316 311 308 306 303 296 292 290 289 288 289 288 286 286 286 286 286 287 291 294 298 302 304 305 305 305 304 304 306 310 310 309 309 309 311 312 312 312 311 310 310 309 308 308 307 307 306 306 305 303 302 301 300 299 296 293 291 287 284 278 272 267 263 261 260 259 259 259 261 262 262 263 264 264 264 264 265 265 266 266 265 265 264 263 264 265 267 268 269 268 268 264 260
323 319 313 307 305 304 299 293 292 291 290 290 288 287 287 286 286 286 286 287 291 294 297 299 300 300 300 300 300 303 307 308 307 307 309 310 311 312 312 312 311 311 311 311 311 310 310 309 308 307 305 304 305 304 303 301 297 295 292 286 279 272 268 264 262 260 259 257 257 258 259 260 261 261 262 262 262 262 263 263 263 263 262 261 260 261 262 263 263 263 262 260 257 254
324 321 316 308 304 304 302 296 294 293 292 291 289 287 287 286 286 286 286 286 287 290 292 293 294 294 295 295 296 300 304 305 306 306 308 309 310 311 312 312 312 312 312 312 312 312 312 311 309 308 308 309 308 307 306 305 302 298 295 291 284 275 269 265 263 261 259 256 256 257 258 259 260 260 260 260 260 261 262 262 262 261 260 258 257 257 258 258 258 257 254 251 249 246
326 323 318 310 303 303 303 298 297 296 294 292 289 288 287 286 286 286 286 286 286 286 289 291 292 292 292 293 294 297 301 302 303 304 305 307 310 311 312 313 313 314 314 314 315 315 314 313 311 310 311 312 311 310 308 306 305 300 297 294 286 278 271 267 264 262 260 256 256 256 256 256 257 258 258 258 258 259 260 260 260 259 258 256 253 253 253 253 250 249 246 243 241 239
328 324 320 312 303 301 301 300 301 300 296 292 290 288 287 286 286 286 286 286 286 286 286 288 289 290 290 291 292 294 296 298 300 303 305 308 310 311 312 313 314 315 315 315 317 317 317 317 316 315 314 313 312 310 308 306 304 300 297 294 286 278 270 266 263 262 261 256 255 255 255 255 256 256 257 257 258 258 259 259 259 258 257 255 250 247 246 245 242 240 238 238 237 236
330 327 322 314 304 298 299 301 304 304 300 295 291 288 286 286 286 286 286 286 286 286 286 286 287 288 290 291 291 293 296 299 301 304 306 308 311 312 313 314 315 316 317 318 319 321 320 319 318 318 315 313 311 309 308 305 302 299 296 293 285 277 269 264 261 261 261 256 255 255 255 255 255 255 255 255 256 256 257 257 257 257 256 254 248 243 239 237 237 235 235 234 234 233
332 329 324 316 305 297 297 301 304 306 304 297 292 289 286 286 286 286 286 285 286 286 286 286 286 287 290 291 291 294 297 300 304 306 307 309 311 312 313 314 316 317 318 319 321 322 322 321 319 317 315 312 310 308 307 304 301 297 294 289 282 273 267 263 261 260 258 255 255 255 255 255 255 255 254 254 255 255 256 256 257 256 255 253 247 239 236 236 235 234 234 233 233 232
334 331 326 318 307 298 297 300 305 309 308 300 294 289 286 286 286 286 286 285 286 286 286 286 286 287 290 291 292 295 298 303 305 307 308 309 311 313 314 315 316 317 318 320 322 322 323 321 319 316 314 311 309 306 304 301 298 294 291 285 277 269 266 264 262 261 258 255 255 255 255 255 255 255 254 254 254 254 255 256 256 255 255 251 244 236 235 235 234 233 233 233 232 232
335 332 327 319 308 298 297 299 305 310 310 303 295 289 286 286 286 286 286 286 286 286 286 286 287 288 290 291 292 297 301 304 307 308 309 310 312 313 314 316 317 318 319 321 322 322 323 321 318 314 309 307 304 300 299 296 292 289 284 277 270 265 264 263 262 261 259 256 255 255 255 255 255 255 254 254 254 254 254 254 255 254 252 247 240 235 234 233 232 232 232 232 231 231
337 333 328 321 309 298 297 298 304 310 311 305 297 289 286 286 286 286 286 286 286 286 286 286 288 289 290 291 293 298 302 305 308 309 310 311 312 314 315 316 318 318 319 321 321 322 322 320 316 311 304 300 297 292 291 288 286 282 277 269 264 262 262 262 262 261 261 258 256 255 255 255 255 255 254 254 254 254 253 253 251 251 248 242 236 234 233 232 231 231 231 231 231 230
337 333 328 321 309 298 297 297 303 310 311 306 297 289 287 286 286 286 286 286 286 286 286 288 290 291 291 291 294 299 304 307 309 310 311 312 313 315 315 316 318 318 319 320 320 321 318 314 310 305 300 296 291 285 283 281 280 277 270 266 262 261 261 261 260 260 260 258 256 256 255 255 255 255 254 254 254 254 253 252 250 246 242 238 235 232 231 231 230 230 230 230 230 230
336 332 327 321 308 298 296 296 302 309 311 306 298 289 286 286 286 286 286 286 286 286 286 288 290 292 292 292 295 301 305 308 310 311 312 313 314 315 315 317 318 318 319 319 319 319 316 308 304 300 296 294 291 285 283 280 278 275 271 266 263 261 261 261 260 260 259 258 256 256 255 254 254 255 254 254 254 254 254 252 250 246 242 237 234 232 231 230 230 230 230 230 229 229
335 330 326 319 306 298 296 296 301 307 309 305 298 289 286 286 286 286 286 286 286 286 286 288 291 292 294 295 297 302 307 310 311 312 313 313 315 315 315 317 318 318 318 319 318 318 314 305 301 298 296 293 291 287 285 281 278 276 273 269 265 262 261 261 259 258 257 256 256 255 255 254 254 255 255 255 255 255 255 255 253 250 246 239 235 233 231 230 230 230 230 229 229 229
333 328 324 317 303 296 295 295 300 305 306 304 298 289 286 286 286 286 285 285 286 286 286 287 291 293 295 296 298 303 308 311 312 313 314 314 315 316 316 316 318 318 318 318 318 317 311 304 301 298 297 294 292 289 287 283 279 277 274 270 266 263 262 261 260 259 257 256 255 255 255 255 255 255 255 255 255 255 255 255 255 252 249 243 238 233 231 230 230 230 230 229 229 229
330 325 321 312 300 294 293 294 299 303 304 302 295 288 286 286 286 286 285 285 286 286 286 287 291 293 295 297 299 305 310 312 314 315 315 315 315 316 316 316 318 318 318 317 316 314 309 304 302 300 298 296 294 291 288 284 280 277 275 272 269 267 265 263 262 260 257 256 255 255 254 255 255 255 255 256 256 256 256 256 255 252 250 247 240 234 231 230 230 230 230 229 229 229
326 322 317 308 298 293 292 293 299 302 303 300 293 287 286 286 286 286 285 285 286 286 285 288 292 294 295 297 300 306 310 313 314 316 316 316 315 315 315 316 317 317 317 316 314 311 308 305 303 301 299 297 295 291 288 284 281 278 276 274 273 272 270 267 264 261 259 256 256 256 254 255 255 255 256 256 256 256 255 255 254 251 249 246 242 236 232 230 230 230 230 229 229 229
323 318 311 303 297 293 292 292 297 300 299 295 290 286 286 286 286 286 285 285 286 286 285 289 293 294 296 298 302 308 312 313 315 316 316 315 314 314 314 315 316 316 315 313 311 309 307 305 304 302 300 298 296 291 288 285 282 279 278 277 276 275 274 271 268 264 261 259 257 256 255 255 255 255 256 257 257 256 255 254 251 248 247 246 244 237 232 230 230 230 230 229 229 229
318 312 305 299 296 293 292 292 294 297 295 292 289 286 286 286 285 285 284 285 286 286 286 291 293 295 296 299 305 310 312 313 315 316 315 314 314 313 313 314 315 315 313 311 309 309 307 305 304 303 300 299 296 291 289 285 282 280 279 278 277 276 276 275 272 268 263 260 258 256 255 255 255 256 257 257 257 256 255 252 250 248 247 246 244 238 232 230 230 230 230 229 229 229
314 306 301 297 296 293 292 292 292 292 291 289 287 286 286 286 285 285 284 285 286 286 287 291 294 296 298 301 306 310 313 313 315 316 314 312 312 311 312 313 313 313 311 310 309 309 307 304 304 303 301 299 296 292 290 287 285 283 281 280 279 279 278 277 275 271 266 262 259 257 256 256 256 256 257 257 257 257 255 252 250 248 247 245 243 238 232 230 230 230 230 229 229 229
313 306 301 298 296 294 292 292 292 290 289 287 285 285 285 285 285 285 284 285 286 286 287 292 294 296 299 303 308 311 313 314 315 315 313 311 310 310 311 312 312 311 311 309 308 308 307 305 304 303 302 299 297 293 292 289 287 284 282 281 280 280 280 279 278 275 269 264 260 257 256 256 256 257 257 257 257 257 255 253 250 248 246 245 243 237 232 230 230 231 231 229 229 229
312 308 303 298 297 294 293 292 292 290 289 287 285 285 285 285 285 285 284 285 286 286 288 292 295 297 300 305 309 312 314 315 315 314 312 311 309 309 310 310 311 310 310 309 309 308 308 307 306 304 303 300 298 296 294 292 289 287 284 282 280 280 281 280 279 277 272 266 262 258 256 256 257 257 256 256 256 256 255 252 249 247 246 244 242 236 232 231 231 231 231 230 230 230
311 308 303 299 297 295 293 293 292 290 289 287 286 286 286 286 285 285 284 285 286 286 288 293 296 299 303 307 310 313 315 316 316 313 311 310 309 309 309 309 309 309 309 310 310 310 309 309 307 306 304 302 300 298 297 294 291 288 286 284 283 282 282 281 280 278 273 267 263 260 258 258 258 258 257 255 254 254 253 249 247 245 244 243 239 235 233 231 231 231 231 230 230 230
310 307 303 299 297 295 293 293 292 290 289 288 286 286 286 286 285 285 284 285 286 286 288 293 297 300 304 308 311 315 316 316 315 312 310 309 308 308 308 308 308 308 308 309 310 310 311 310 310 308 306 303 302 301 300 297 294 290 287 285 284 283 283 282 280 278 274 268 264 262 260 259 259 259 257 254 252 253 250 246 245 243 242 240 237 235 234 232 231 232 232 231 230 229
307 304 301 299 297 294 293 292 292 290 289 288 287 286 286 286 285 285 284 285 286 286 289 294 298 302 306 309 313 316 317 317 314 311 309 308 307 307 307 307 307 307 308 309 310 311 313 313 312 311 309 306 305 304 303 299 296 292 288 286 285 284 284 283 281 278 274 268 264 262 261 260 260 260 258 251 247 247 245 244 243 242 241 239 237 236 236 235 234 233 233 232 230 229
304 302 300 298 296 294 292 292 292 290 289 289 287 286 286 286 285 285 285 285 286 286 289 294 299 303 306 310 313 316 316 316 313 310 308 306 305 306 306 306 306 307 307 309 310 312 314 315 315 313 310 308 306 305 303 300 297 293 289 286 286 285 285 284 282 279 275 269 263 262 262 261 261 261 259 252 247 246 244 244 243 242 242 240 239 239 238 236 235 234 233 232 230 229
303 301 298 297 296 294 292 292 292 290 290 289 287 286 286 286 285 285 285 285 285 285 289 295 300 304 308 311 313 315 316 314 312 310 306 304 304 305 305 305 305 305 307 309 311 314 315 317 317 315 311 308 307 305 303 301 297 293 290 288 287 288 288 286 283 279 276 269 263 262 262 262 262 262 260 255 249 247 244 244 244 243 243 243 242 242 241 238 236 235 234 232 231 231
303 301 299 298 296 295 293 292 292 291 290 289 287 286 286 286 285 285 285 285 285 285 289 295 300 304 308 310 313 314 314 312 310 307 305 303 304 304 304 305 304 304 306 309 312 314 316 317 317 316 312 309 308 305 303 301 297 293 291 290 290 290 289 287 284 279 275 268 263 262 262 262 262 262 261 258 252 249 247 246 245 245 245 246 247 247 244 239 236 235 234 233 232 231
303 302 301 299 297 295 294 294 293 292 291 290 288 287 286 286 285 285 285 285 286 286 289 295 300 304 307 309 311 311 311 309 307 304 303 303 303 303 303 304 304 304 304 309 312 314 316 318 318 318 314 309 308 305 304 301 297 293 292 292 292 293 292 289 284 279 274 267 262 262 262 262 262 262 261 260 257 253 249 248 248 248 249 249 250 250 246 239 236 235 234 233 232 231
305 304 303 300 298 296 295 294 294 293 291 290 289 287 287 286 285 285 285 285 286 286 289 295 300 303 306 308 309 309 307 305 303 302 302 302 302 302 303 303 303 303 304 309 313 314 316 318 318 318 314 310 308 306 304 301 297 293 292 293 295 295 293 289 284 279 272 265 262 262 262 263 263 263 262 262 261 258 255 253 252 252 253 253 252 249 245 237 235 234 234 233 232 231
309 307 306 303 299 298 297 296 295 294 292 291 289 288 287 286 284 284 284 285 286 286 289 294 299 302 304 305 305 305 303 302 302 301 301 301 301 302 302 302 303 303 304 308 312 314 316 318 318 318 314 311 308 305 303 301 297 294 293 297 299 298 294 289 284 278 270 265 262 262 262 263 263 263 263 262 262 262 261 259 257 255 255 255 253 247 240 237 235 234 234 233 232 231
312 310 307 304 301 299 298 297 296 295 293 291 290 289 286 285 284 284 284 284 285 285 288 293 298 300 302 302 302 302 302 301 301 301 300 300 300 301 301 301 302 303 304 307 311 314 316 317 317 317 315 311 308 305 303 301 298 296 296 299 301 299 294 288 282 276 268 265 263 263 263 263 263 263 262 262 262 261 261 260 259 253 250 251 249 243 236 236 234 234 234 233 232 231
315 313 310 306 303 302 302 301 299 297 294 292 291 290 286 284 284 284 284 284 285 285 288 291 296 298 299 300 300 300 300 300 300 299 299 299 300 300 300 300 301 302 303 307 310 313 315 317 317 317 315 311 308 305 303 301 298 297 297 300 303 302 295 288 280 273 268 266 265 265 264 263 263 263 261 261 260 260 259 259 254 247 243 243 241 238 236 235 234 234 234 233 232 231
318 316 312 308 306 305 305 304 302 300 296 293 293 292 287 284 284 284 283 284 285 285 287 290 293 297 298 299 299 299 299 299 299 298 298 298 300 300 300 299 300 301 302 306 309 312 314 316 317 317 314 310 308 305 303 301 298 297 298 301 303 303 295 288 279 271 268 266 265 265 264 263 263 262 260 259 258 257 257 254 249 242 238 238 236 236 236 235 234 234 234 233 232 232
322 320 315 311 309 308 309 308 307 304 299 296 296 297 294 286 284 284 283 284 285 285 286 287 290 293 296 298 298 298 299 298 298 297 297 298 299 299 299 298 298 299 301 304 307 310 312 315 316 316 313 310 308 305 303 301 298 298 299 301 303 303 296 288 279 272 268 266 265 265 264 263 262 261 260 257 254 253 253 251 246 239 236 236 236 235 235 235 234 234 234 233 232 232
327 324 318 313 311 312 312 313 311 308 304 299 300 301 301 296 288 284 284 284 285 285 286 286 287 289 292 295 297 297 297 297 296 296 297 297 298 298 298 298 298 298 300 302 305 308 310 313 315 314 311 309 307 305 303 300 298 298 299 301 304 303 296 288 280 273 269 266 265 264 263 262 262 261 257 254 252 250 249 248 244 238 236 236 236 235 235 235 234 234 234 233 233 233
331 328 322 316 314 314 316 316 316 314 310 305 303 305 306 306 301 289 286 285 285 286 286 286 286 286 288 291 294 295 295 295 295 295 296 297 297 298 297 297 297 298 300 301 304 306 308 311 312 312 310 308 306 304 303 300 298 298 299 301 303 303 296 288 280 273 270 266 265 263 262 262 261 260 256 254 251 247 246 245 242 238 236 236 235 235 235 235 234 234 234 234 233 233
