geo_cache/3-4/elevation.txt
ncols         934
nrows         918
xllcorner     -72.06666666666666
yllcorner     42.752
cellsize      1.0E-5
NODATA_value  -9999
[rows 0 to 41 of 918, columns 658 to 751 of 934]
269 274 275 278 283 286 289 292 294 294 292 288 283 279 273 268 262 253 244 238 233 231 231 231 231 231 231 231 231 231 231 232 233 234 236 239 241 243 246 248 248 251 254 258 266 275 281 285 290 296 302 308 316 321 324 329 334 338 342 344 344 343 339 334 330 323 318 312 305 298 292 286 282 281 280 278 278 278 278 278 280 280 279 279 280 282 285 286 286 288 289 289 290 284
269 274 275 277 280 285 288 291 294 296 297 293 286 280 276 272 265 257 247 239 233 230 230 230 231 231 231 230 230 230 230 231 232 233 235 236 240 243 244 245 246 249 252 257 264 272 278 284 288 294 302 309 316 322 326 330 335 339 341 342 341 338 334 330 325 321 317 311 303 297 291 284 279 278 277 275 275 275 275 276 277 277 276 276 280 282 284 285 286 287 288 289 288 285
269 273 275 276 279 282 287 290 294 297 300 299 292 285 280 275 269 261 250 241 234 231 231 231 231 231 231 229 229 229 230 231 232 232 234 235 237 240 242 242 242 246 250 254 259 266 273 280 288 296 304 311 317 322 327 332 335 339 339 337 333 328 325 322 319 316 313 308 302 296 290 283 275 272 272 270 270 270 271 272 273 273 272 275 279 281 282 283 284 285 287 287 286 285
268 272 274 276 278 280 284 288 291 296 301 302 297 289 283 278 272 262 251 241 235 232 232 232 232 231 231 229 229 228 229 231 231 231 233 234 236 238 239 240 241 243 248 251 256 260 268 278 288 297 305 311 317 322 327 331 334 335 332 328 323 321 319 317 315 313 310 305 300 295 288 280 273 269 268 267 267 268 269 269 269 270 271 274 277 279 280 281 282 284 285 285 285 285
267 272 274 275 277 278 282 286 289 294 300 303 302 293 285 280 273 262 251 241 236 235 234 233 232 231 231 230 229 228 228 231 231 231 232 233 235 236 237 237 239 241 244 248 252 257 265 276 287 297 305 311 316 321 326 329 329 326 322 318 316 315 314 313 312 311 308 303 297 292 285 277 271 267 267 266 266 266 266 267 267 267 270 272 275 276 277 278 280 282 283 284 284 283
267 271 273 275 276 278 280 283 286 291 297 303 301 295 288 281 273 262 250 242 239 239 238 235 233 232 231 231 230 228 228 230 231 231 231 232 233 234 235 235 237 239 242 245 249 255 262 273 285 296 304 310 313 317 319 321 320 317 313 311 309 310 310 310 310 310 306 302 297 290 283 276 270 266 265 265 264 264 265 266 266 267 269 270 272 273 275 277 279 280 281 281 281 281
266 269 272 274 276 277 278 280 283 288 293 298 299 295 288 280 272 261 250 245 245 245 243 239 236 233 232 231 230 229 228 229 230 230 230 230 231 231 232 233 235 237 240 242 246 251 258 268 281 292 299 303 306 308 309 310 310 308 306 304 304 305 305 305 307 307 305 302 297 291 284 277 271 266 264 262 262 263 264 265 265 266 267 268 270 272 275 276 277 278 279 279 279 278
266 268 272 274 275 276 277 278 280 284 289 293 295 293 287 279 270 259 251 250 252 252 250 245 240 236 233 232 231 231 228 228 228 228 228 228 228 228 229 230 232 235 237 240 243 247 253 263 275 284 291 294 296 298 299 300 300 300 299 298 298 299 300 301 304 305 304 301 298 292 285 279 272 266 263 262 262 263 263 264 265 265 266 268 271 273 275 276 276 276 275 276 276 276
265 266 270 273 274 275 276 277 279 281 285 289 291 289 284 275 266 257 254 255 256 256 255 252 246 240 236 233 232 231 228 228 228 228 228 228 228 228 229 230 231 233 235 238 240 244 248 256 266 274 279 283 285 286 286 287 290 292 293 293 293 293 295 297 300 302 301 299 297 292 285 279 273 267 263 261 262 262 262 263 264 265 266 269 272 274 275 276 276 274 273 273 273 273
265 266 269 272 273 274 275 276 277 278 282 285 287 285 280 271 264 258 258 261 261 261 260 258 253 246 240 235 233 231 230 230 230 230 230 231 231 231 231 231 231 231 233 235 237 239 242 248 255 261 266 270 272 274 274 276 279 283 286 286 285 285 286 291 296 299 299 298 296 293 286 280 274 268 263 261 261 262 262 262 264 265 267 270 273 275 277 278 277 274 273 273 272 270
265 265 266 269 272 273 274 275 276 277 278 281 283 281 276 267 264 264 265 266 266 267 265 262 258 252 245 238 235 233 232 232 232 232 232 232 232 232 231 230 230 231 232 234 235 236 237 241 245 250 256 260 262 263 264 266 269 272 275 276 276 275 277 280 287 293 296 296 295 293 290 284 277 270 263 261 261 261 261 262 264 266 269 273 277 279 280 280 279 277 274 273 272 270
265 265 265 267 269 271 272 273 273 275 276 278 278 278 273 268 268 270 271 271 271 272 271 268 264 257 249 242 237 235 234 233 233 233 233 232 232 231 230 229 229 231 231 232 233 235 235 235 237 240 245 250 253 254 255 256 258 261 264 265 266 267 269 273 280 287 292 293 294 293 292 288 281 273 265 261 261 261 261 262 264 268 272 277 280 282 282 282 281 279 276 274 272 269
265 265 265 265 267 268 270 271 272 274 275 276 277 275 273 272 272 273 273 274 275 276 276 273 268 262 253 245 238 236 235 234 234 234 233 232 232 231 229 228 228 231 231 231 233 234 235 235 236 236 238 240 244 247 249 250 250 251 253 255 256 260 265 270 276 283 289 292 293 293 292 290 284 276 268 262 261 261 261 262 265 269 275 280 283 284 284 284 282 280 276 274 272 269
265 264 264 264 264 266 267 269 270 272 274 275 275 274 274 274 274 275 276 277 278 278 278 276 271 265 257 249 240 236 236 235 234 234 233 233 232 231 227 226 228 231 231 232 233 234 235 235 236 236 236 236 237 240 242 244 244 244 245 245 250 257 264 270 274 281 287 290 292 293 292 291 287 279 270 264 261 260 260 261 266 271 277 282 284 286 286 286 283 280 276 274 272 269
265 264 264 262 262 263 265 267 268 270 272 273 274 274 273 274 274 276 278 279 280 280 280 278 273 266 259 252 244 238 236 235 235 235 234 233 233 231 226 226 229 231 232 233 233 235 235 235 236 236 236 236 236 237 238 239 239 239 240 243 249 256 264 269 274 280 285 289 291 291 291 290 287 283 274 266 260 259 259 261 265 272 278 283 286 289 290 288 285 281 276 274 271 269
266 265 264 263 262 262 262 264 266 267 269 271 272 273 272 273 274 275 277 279 280 280 280 278 274 268 261 254 247 240 237 236 236 235 235 234 233 231 226 226 230 232 233 234 234 235 235 235 236 236 236 236 236 236 237 237 238 238 239 243 249 256 263 269 273 279 284 286 288 289 289 287 287 285 278 268 261 257 257 260 264 272 278 284 288 291 291 289 285 281 276 274 271 268
267 266 265 264 262 262 261 261 262 264 266 267 269 270 270 271 272 274 275 277 278 278 279 277 274 269 263 257 251 245 239 237 237 236 235 234 233 231 226 226 233 235 235 235 235 236 236 236 236 236 237 237 237 237 237 237 237 237 239 244 249 256 263 269 273 277 281 283 284 284 284 284 285 285 280 272 263 258 256 258 263 270 277 283 288 292 291 289 284 280 276 274 271 267
269 268 267 266 264 263 261 261 262 262 263 265 266 267 267 268 269 271 272 274 275 276 277 276 274 271 266 260 254 249 244 240 238 237 236 235 234 231 226 229 235 236 236 236 236 236 236 237 237 238 239 240 239 238 237 237 237 237 239 244 249 256 262 268 271 274 277 278 278 277 278 281 285 286 283 275 266 259 256 256 260 267 274 280 285 290 290 289 283 279 276 275 272 267
272 270 269 267 265 264 263 262 262 262 261 261 263 264 264 265 266 267 268 269 271 272 274 274 274 273 268 262 257 252 247 243 240 238 237 237 234 230 225 230 235 237 237 237 237 238 239 239 240 241 242 243 242 240 238 237 237 237 239 243 249 255 261 265 268 271 272 272 272 271 275 282 286 287 286 278 269 261 256 256 257 262 269 275 279 283 285 284 281 278 276 275 272 267
274 273 271 269 268 266 265 263 262 262 261 261 261 261 262 263 264 264 265 265 267 268 271 273 275 274 271 264 259 253 249 245 243 241 239 238 235 228 224 231 235 238 239 239 240 241 242 243 243 245 245 245 244 243 240 238 237 237 238 242 248 254 258 262 263 265 266 266 266 267 275 284 290 290 287 280 272 263 257 255 255 257 262 268 274 278 280 280 279 277 276 274 271 267
275 274 274 272 270 269 267 265 264 262 261 261 261 261 261 261 261 262 263 263 264 266 269 272 274 274 272 267 261 255 250 247 244 242 240 238 235 228 224 230 235 238 240 241 243 244 245 246 247 247 247 247 247 245 243 240 238 237 238 241 245 250 254 256 258 258 259 259 261 267 277 286 291 291 288 283 275 266 259 254 254 255 257 262 266 272 276 276 276 276 275 273 270 266
276 275 275 273 271 270 269 267 266 264 262 261 261 261 260 260 260 261 261 262 263 265 267 271 273 273 272 268 262 257 252 248 246 243 241 239 235 228 224 229 235 239 240 241 244 246 247 248 249 249 250 249 249 248 246 244 241 239 239 241 243 245 248 250 251 251 251 253 259 268 278 286 290 290 287 286 278 269 261 255 254 254 255 257 261 266 271 273 274 274 274 272 269 265
277 276 276 275 273 272 271 269 268 267 264 262 261 261 259 259 258 259 259 260 261 263 265 268 272 273 271 268 263 259 254 249 246 244 243 239 235 228 224 228 235 238 240 242 245 247 249 251 252 252 252 252 252 251 250 247 245 242 241 242 242 242 243 244 245 246 247 252 260 270 278 283 285 286 286 287 281 272 264 256 254 254 254 254 257 261 267 269 272 272 272 271 267 263
278 277 277 275 274 273 272 270 269 268 267 265 262 261 260 258 257 257 258 259 260 262 264 266 269 270 269 268 264 259 254 250 247 245 244 240 235 230 225 225 231 236 239 242 245 249 251 253 254 255 255 254 254 253 252 250 248 245 243 242 242 242 242 242 243 243 246 253 261 270 276 280 282 284 286 286 283 277 268 259 254 254 253 253 255 259 264 266 269 270 269 268 265 260
280 279 278 277 275 274 273 272 270 270 269 267 265 263 261 259 257 256 256 257 258 260 262 265 267 268 268 267 264 260 255 251 248 247 245 240 236 232 226 223 226 233 238 241 245 248 252 254 257 257 257 257 256 255 254 252 251 248 245 244 243 242 242 242 242 242 246 253 261 270 275 278 280 282 284 285 283 278 271 262 255 253 252 252 253 257 262 264 266 267 267 265 261 257
281 280 279 278 276 275 274 272 271 271 269 268 267 265 263 261 257 255 255 255 257 259 261 263 265 267 267 267 264 261 256 252 248 247 245 241 237 234 229 224 223 229 235 239 243 247 251 254 257 258 259 259 259 258 256 254 252 250 247 245 243 242 242 241 241 242 246 253 261 269 274 276 278 280 282 284 283 278 274 266 258 253 251 251 253 257 261 263 264 263 262 260 258 254
283 282 280 279 277 276 274 273 272 271 270 269 268 267 266 263 259 256 255 255 255 257 258 260 263 265 267 266 264 262 258 253 249 247 245 241 238 235 231 227 223 224 231 236 240 245 250 254 257 258 259 261 261 261 259 256 254 252 249 246 244 242 242 241 241 242 246 253 261 268 273 275 276 277 279 281 281 278 274 268 259 252 248 250 253 257 260 261 261 260 259 258 255 251
285 283 281 280 278 276 275 273 273 272 271 270 269 269 267 265 262 258 255 255 254 254 256 257 259 262 264 264 263 262 258 253 249 247 245 242 239 236 233 230 225 223 227 234 238 244 249 253 256 258 259 261 262 262 261 259 255 253 250 247 244 242 242 242 242 242 246 253 261 267 272 273 274 275 277 278 278 276 273 268 259 250 247 250 253 256 257 258 258 257 257 255 253 250
287 285 283 281 279 277 276 274 273 273 271 270 270 269 267 267 265 262 257 255 254 252 252 254 256 258 261 262 262 262 259 254 250 248 246 243 240 237 234 231 226 223 224 231 237 242 247 252 255 257 259 260 261 261 261 259 256 254 251 248 244 243 242 242 242 242 246 253 260 265 269 271 272 273 274 275 275 273 270 266 257 246 245 249 252 254 255 256 256 256 255 253 251 248
288 286 284 282 279 278 277 275 273 273 271 270 270 268 268 267 266 262 259 256 254 252 250 250 252 255 258 261 262 262 259 255 251 248 246 243 241 238 234 232 228 223 222 229 235 240 245 250 254 256 257 258 259 260 259 258 256 255 253 249 246 243 242 242 242 242 245 253 259 263 266 268 269 270 271 272 272 270 268 263 253 245 244 247 250 251 252 252 252 252 251 249 247 246
289 287 285 282 279 278 277 275 273 273 271 270 269 268 267 267 265 262 260 258 256 254 251 250 250 251 255 259 261 261 259 255 251 249 247 243 241 238 234 232 229 224 222 226 233 237 242 247 251 254 255 256 257 258 258 257 256 256 254 250 246 244 242 242 242 242 244 251 257 261 264 266 267 268 268 268 268 266 264 258 250 243 242 244 247 247 248 249 249 248 247 246 245 244
290 288 285 282 280 279 277 274 273 273 271 269 269 268 266 265 265 262 261 260 258 256 254 250 249 249 252 256 259 259 258 255 252 249 247 244 241 238 235 232 229 225 222 222 229 234 238 243 248 251 253 254 255 255 256 255 255 255 254 251 248 245 242 242 242 242 243 248 253 257 260 262 264 265 265 265 265 263 259 253 247 242 238 240 242 243 245 246 246 246 245 244 243 242
291 288 286 283 280 279 277 274 273 272 270 269 268 267 266 265 265 263 262 261 260 258 256 253 250 248 250 254 256 257 257 255 252 249 247 244 242 239 235 232 230 227 223 221 225 231 235 239 244 247 250 252 253 254 254 254 255 254 253 251 249 246 243 241 241 241 241 244 249 251 254 256 259 260 261 262 261 260 255 249 246 242 237 236 238 240 242 243 244 243 243 242 241 241
292 289 286 284 281 279 277 274 272 272 270 269 268 267 266 265 265 263 262 262 261 259 258 255 251 248 248 251 255 255 256 255 253 249 246 243 241 238 235 233 230 228 224 221 221 227 232 236 240 243 246 249 250 251 252 253 253 253 252 251 249 246 243 241 240 239 238 240 242 244 246 248 251 253 256 257 257 255 250 246 243 241 236 233 234 237 240 241 241 241 241 240 240 240
292 290 288 285 282 279 277 275 273 272 270 268 267 267 265 265 265 263 263 263 261 260 258 256 253 248 245 247 252 254 255 255 253 249 243 242 240 237 235 233 231 228 226 223 220 222 228 232 236 240 243 246 248 249 250 251 252 251 251 250 250 247 244 241 240 238 236 236 238 239 240 241 242 244 246 248 249 249 246 242 241 239 236 231 231 234 237 237 238 238 238 238 239 239
292 291 288 286 283 280 278 275 273 272 269 268 267 267 265 265 265 263 263 263 262 260 259 258 255 251 244 244 247 251 254 254 253 248 243 240 238 236 235 233 232 229 226 224 220 219 223 229 234 237 240 243 245 247 248 249 250 250 250 250 249 247 244 241 241 238 236 235 234 234 235 236 237 239 240 241 242 242 241 240 239 239 236 232 231 232 234 234 234 235 236 237 237 238
293 291 289 287 284 281 279 276 274 272 269 267 267 266 265 264 264 263 263 263 262 261 260 258 256 254 248 243 243 245 248 249 249 246 242 238 236 234 233 232 231 229 227 225 222 218 219 226 231 234 237 240 242 245 247 248 249 249 249 249 248 247 244 242 241 238 236 234 232 231 231 232 233 234 236 237 237 237 237 238 240 240 237 232 231 231 231 231 231 232 233 235 236 237
293 291 290 288 284 282 279 276 274 272 269 267 267 266 265 264 263 263 263 263 262 261 259 258 256 255 253 248 243 242 240 242 243 242 239 236 233 232 231 230 230 229 227 226 223 219 217 221 228 232 235 238 240 242 244 245 246 247 247 247 247 246 244 242 241 238 236 234 232 231 230 230 230 231 232 233 233 233 234 236 240 242 239 232 230 230 230 230 230 230 230 232 234 235
292 291 290 288 285 282 280 276 274 273 269 267 267 266 264 263 263 263 263 263 262 260 259 257 256 256 256 253 248 243 240 239 238 238 238 236 233 232 230 230 229 228 227 226 224 221 217 218 224 229 233 236 239 240 242 243 245 246 246 246 246 245 244 242 241 238 236 234 232 231 230 230 230 230 230 230 231 231 232 235 240 243 239 232 230 230 230 229 229 229 230 230 231 232
292 291 289 288 285 283 280 277 274 273 269 267 267 266 264 263 262 262 262 262 261 260 258 256 256 256 256 255 252 247 243 241 239 238 238 237 235 232 230 229 229 228 227 226 225 222 218 216 221 227 231 235 237 239 240 242 243 244 244 245 245 245 243 242 241 238 236 233 232 230 230 230 230 230 230 230 230 230 230 233 238 241 238 231 229 229 229 229 228 228 229 229 229 230
291 290 288 287 285 282 280 277 274 272 269 267 267 266 263 262 262 261 261 261 261 259 258 256 256 256 256 255 254 251 247 244 242 241 240 239 236 234 231 229 228 227 226 226 225 222 219 216 217 223 229 232 235 237 239 240 241 242 243 243 244 244 243 242 240 237 235 233 231 230 230 230 230 230 230 230 230 230 230 231 235 237 234 230 228 228 227 228 228 228 229 229 229 230
289 288 287 286 284 281 279 276 274 272 269 267 267 266 264 262 262 261 261 261 260 259 258 256 256 256 256 256 255 254 251 248 246 245 243 241 238 235 232 229 227 226 225 225 225 222 219 216 214 218 225 229 233 235 237 238 240 241 241 243 243 244 243 241 240 237 234 232 231 230 230 230 230 229 229 229 229 229 229 230 231 232 230 228 227 227 226 227 227 227 228 228 229 230
