geo_cache/3-4/elevation.txt
ncols         934
nrows         918
xllcorner     -72.06666666666666
yllcorner     42.752
cellsize      1.0E-5
NODATA_value  -9999
[rows 756 to 797 of 918, columns 376 to 469 of 934]
376 376 375 374 373 373 372 371 370 370 368 367 367 366 365 365 365 365 366 369 371 373 375 376 377 377 377 377 377 377 377 377 377 377 377 377 377 377 377 377 376 376 374 372 371 370 369 367 366 366 366 365 364 364 364 364 364 365 365 365 365 365 365 365 369 372 374 376 378 381 382 385 388 392 394 393 393 393 393 394 395 395 396 398 403 406 409 412 414 416 418 420 423 426
376 376 376 375 374 373 372 371 371 370 368 367 367 366 365 365 365 365 365 366 369 371 373 374 375 375 375 375 375 375 375 375 375 375 375 375 375 375 375 375 374 374 372 370 368 367 366 365 365 364 364 364 364 364 364 365 365 366 366 365 365 365 365 366 370 373 376 377 379 381 382 385 390 393 394 394 394 394 394 394 394 395 397 401 405 409 411 414 416 417 419 421 424 427
377 377 377 376 375 374 373 371 371 370 368 367 367 366 365 365 365 365 365 365 366 368 370 372 372 373 373 373 373 373 373 373 374 374 374 374 374 374 374 373 372 372 370 369 366 365 365 364 364 364 364 364 364 364 365 366 366 366 366 366 366 365 365 368 372 375 377 378 379 381 383 387 392 394 394 395 394 394 394 394 394 396 399 404 408 410 413 415 417 419 421 423 425 429
378 378 378 377 376 375 373 371 371 370 368 367 366 366 365 365 365 365 365 365 365 366 368 370 370 371 371 371 371 371 371 372 372 372 373 373 373 373 373 371 370 370 369 367 366 364 364 364 363 363 363 364 364 365 366 366 367 367 367 367 366 366 366 368 372 376 377 379 380 382 384 388 393 395 395 395 394 394 394 395 395 398 402 407 409 412 414 417 419 421 423 425 427 430
379 379 379 378 377 376 374 372 371 370 368 367 366 365 365 365 365 365 365 365 365 365 366 368 369 370 370 370 370 370 370 371 371 371 372 373 373 373 372 371 370 369 367 366 365 364 364 363 363 363 363 364 365 366 367 368 368 368 368 367 367 367 368 370 373 376 378 379 381 383 386 390 393 395 395 394 395 395 395 395 396 400 405 409 411 414 416 419 421 423 425 427 429 432
380 379 379 378 377 376 374 372 371 370 368 366 366 365 365 365 365 364 364 364 364 365 365 366 367 368 368 368 369 369 369 370 370 370 371 371 371 371 371 370 369 367 366 365 364 363 363 362 363 363 364 365 366 368 369 370 370 369 369 368 368 368 369 370 374 377 379 380 381 384 387 391 394 394 394 394 394 394 395 395 398 403 407 410 412 415 418 421 423 425 427 429 432 434
381 380 379 378 377 377 375 372 371 370 368 366 366 366 365 365 365 364 364 364 364 364 364 365 366 367 367 367 368 368 369 369 369 370 371 371 371 370 370 369 367 366 365 365 364 363 363 362 363 364 364 366 368 370 371 371 370 370 369 369 369 369 370 371 375 378 380 381 383 385 388 391 392 393 393 394 394 394 395 397 401 405 408 411 414 417 420 423 425 428 431 434 436 438
381 380 380 378 377 376 374 372 371 370 368 367 366 366 365 365 365 364 364 364 364 364 364 365 365 366 366 366 367 367 368 369 369 369 370 370 370 370 369 368 367 365 364 364 364 363 363 363 364 364 365 368 370 371 373 373 372 371 370 370 370 370 370 371 375 378 380 381 383 386 388 390 392 392 393 393 394 394 395 399 403 406 409 412 415 419 422 425 428 431 434 437 439 440
380 379 378 378 376 375 373 371 371 370 368 367 367 366 366 366 365 364 364 364 364 364 364 364 365 365 365 365 366 367 368 368 368 368 369 369 369 368 368 367 365 364 364 364 363 363 363 363 364 364 366 370 372 373 375 375 375 373 371 370 370 370 370 372 376 379 380 382 384 387 388 390 391 392 392 393 394 395 397 401 405 408 410 413 417 421 424 427 430 434 437 440 441 442
378 378 377 376 375 374 372 371 370 370 368 367 367 367 366 366 365 364 364 364 364 364 364 364 364 364 364 365 366 366 367 368 368 368 368 368 368 368 367 366 365 364 363 363 363 363 363 363 364 365 366 371 373 375 376 377 376 375 372 370 370 370 371 372 376 379 381 382 384 387 388 389 391 392 392 393 395 396 399 403 406 409 411 414 418 422 425 430 434 438 440 442 443 444
376 376 375 374 373 372 371 370 370 370 368 367 367 367 365 365 365 364 364 364 364 364 364 364 364 364 364 365 366 366 367 367 367 367 367 367 367 367 366 366 365 364 363 363 363 363 363 363 364 365 367 372 374 375 376 377 377 376 372 371 371 371 371 373 376 379 381 382 384 387 388 389 391 392 393 394 395 397 400 404 408 410 413 415 419 423 427 432 436 440 442 444 445 446
374 373 372 372 371 371 371 370 370 370 368 368 367 366 365 365 365 364 364 364 363 363 363 363 364 364 364 365 366 366 366 367 367 367 366 366 366 367 366 366 365 363 363 363 363 363 363 363 364 365 367 372 374 375 377 377 377 376 372 371 371 371 372 374 377 379 381 382 384 387 387 389 391 392 393 394 396 399 402 406 409 411 414 417 420 424 429 434 438 441 443 445 446 447
371 371 371 371 371 371 371 370 370 370 369 368 367 366 365 365 365 364 363 363 363 363 363 363 363 363 363 364 365 365 366 366 366 366 365 366 366 366 365 365 364 363 363 363 363 363 363 363 364 365 368 372 374 375 376 377 376 375 372 371 371 371 373 375 377 380 382 383 385 387 388 389 391 392 393 395 397 400 403 407 410 412 415 418 422 425 430 435 439 442 444 447 448 449
370 370 370 371 371 371 371 371 371 371 369 367 367 366 365 365 364 364 363 363 363 363 363 363 363 363 363 364 365 365 365 366 366 365 365 366 366 366 365 365 364 363 363 363 363 363 363 363 364 365 369 372 373 374 375 376 375 374 372 371 371 371 373 375 377 381 383 384 386 388 389 390 391 393 393 395 398 401 405 408 410 412 416 419 422 426 431 436 439 443 445 447 449 451
369 368 369 370 371 371 371 371 371 371 369 367 366 365 364 364 364 363 363 363 362 362 362 362 362 362 362 363 364 364 365 365 365 365 365 365 365 366 365 365 364 362 362 362 362 363 363 363 365 366 370 372 373 374 374 374 374 373 372 371 371 371 373 375 378 381 383 385 386 388 390 391 392 393 394 396 399 402 405 409 411 413 417 420 423 427 432 437 440 443 446 448 450 452
367 367 368 370 371 371 371 372 372 371 369 367 366 365 364 364 364 363 362 362 362 361 361 361 362 362 362 363 363 363 364 364 364 364 364 365 365 365 364 364 363 362 362 362 362 363 363 364 365 368 370 372 373 373 374 373 373 372 372 372 372 372 374 375 378 381 384 385 387 389 391 392 393 394 394 396 400 403 406 409 412 414 417 421 424 428 433 437 440 444 446 450 451 453
365 366 367 370 371 371 371 371 370 369 368 366 365 365 363 363 363 362 362 362 361 361 361 361 361 361 361 362 362 362 363 363 363 363 363 364 364 364 364 363 362 362 362 362 363 364 364 365 366 369 370 373 373 373 373 373 372 371 372 372 372 373 375 376 379 382 384 385 387 390 392 393 394 395 395 397 401 403 407 410 412 414 418 422 424 428 433 437 440 444 447 450 452 454
365 366 367 370 371 371 371 370 369 368 366 365 365 364 363 363 363 362 362 362 361 361 361 360 361 361 361 361 362 362 362 362 362 363 363 363 363 363 363 362 362 362 362 362 363 365 365 366 367 369 370 372 373 373 373 372 372 371 372 372 372 375 377 378 380 382 385 387 388 391 394 395 396 396 397 399 401 404 407 410 413 415 419 422 425 429 433 437 439 444 448 451 454 456
365 367 368 370 370 370 370 369 368 367 365 364 364 364 363 363 362 361 361 361 360 360 360 360 360 360 360 361 361 361 361 361 362 362 362 362 362 362 361 361 362 362 362 363 363 365 366 367 368 370 370 372 373 373 373 372 372 372 372 372 373 376 378 380 382 383 386 388 390 393 395 397 398 398 398 399 402 405 408 411 413 415 419 423 425 429 434 437 439 444 448 451 455 457
367 369 369 370 370 370 369 368 367 366 365 364 364 364 363 363 362 361 360 360 360 360 360 360 360 360 360 361 361 361 361 361 361 361 362 362 362 362 361 361 362 362 363 363 364 365 366 367 369 370 371 372 372 372 372 372 372 372 372 372 376 378 380 382 384 386 388 390 393 395 397 399 400 399 399 400 403 406 408 411 413 416 420 423 425 429 434 437 439 444 448 452 455 458
370 370 370 369 369 369 368 367 366 365 365 364 364 364 363 363 362 360 360 360 360 360 360 360 360 360 360 361 361 361 361 361 361 361 361 361 361 361 362 362 362 362 363 363 364 366 366 367 369 371 371 372 372 372 372 372 372 372 372 373 376 379 381 383 385 388 390 393 395 397 399 401 401 401 400 401 404 406 408 411 413 416 420 423 426 429 434 437 439 444 449 452 455 459
371 371 370 369 368 367 367 366 365 365 365 364 364 364 363 363 361 360 360 360 360 360 360 361 361 361 361 361 361 361 361 361 361 361 361 361 361 361 362 362 362 362 363 363 364 366 366 367 369 371 371 372 372 372 372 372 372 372 373 376 378 381 383 386 388 391 393 396 398 400 401 403 404 404 403 403 406 407 409 411 414 416 420 423 426 429 434 437 440 444 450 452 456 460
371 370 369 368 367 367 366 365 365 364 365 365 365 365 364 363 361 360 360 360 362 362 362 362 361 361 361 361 361 361 361 361 361 361 361 361 361 361 362 362 362 363 363 363 364 366 366 367 370 371 371 372 372 372 372 372 372 373 376 378 380 382 385 388 391 394 397 399 401 402 404 405 407 407 406 406 408 409 410 412 414 416 421 424 427 429 434 437 440 444 450 452 456 461
369 368 367 367 367 366 365 364 364 364 364 365 365 365 364 362 360 359 360 363 365 364 363 363 362 362 362 361 361 361 361 362 362 362 362 362 362 362 362 362 362 363 363 363 364 365 366 367 369 370 371 372 372 372 372 372 374 376 378 380 382 384 387 390 393 397 400 403 404 405 406 408 409 410 410 410 411 411 412 413 415 417 421 425 427 429 434 438 440 445 450 453 457 462
366 367 366 366 366 365 365 364 364 363 363 364 364 364 362 361 360 359 362 364 365 365 364 364 363 363 363 362 362 362 362 362 362 362 362 362 362 362 362 362 362 363 364 364 364 365 366 367 369 370 370 371 371 371 371 373 376 377 379 381 383 386 389 392 395 399 402 405 407 408 409 411 412 413 414 414 414 413 414 415 417 418 421 425 427 429 434 438 441 445 450 453 457 463
364 365 365 365 365 364 364 363 363 362 361 361 360 360 359 359 359 359 363 365 366 366 365 364 364 363 363 363 363 363 363 362 362 362 362 362 362 362 362 362 363 363 364 364 364 365 366 367 368 369 369 370 371 371 372 374 377 379 381 383 385 388 391 394 397 401 404 407 410 412 413 414 415 416 417 418 417 416 417 418 420 421 422 425 427 430 434 439 441 445 450 453 458 464
364 364 364 364 364 364 363 362 362 361 360 360 359 359 359 359 359 359 363 365 367 368 367 365 364 364 364 364 364 364 364 363 363 363 363 362 362 362 363 363 363 364 364 364 364 365 365 366 368 369 369 370 371 371 373 376 378 379 382 384 386 389 393 396 399 403 407 410 413 416 417 418 419 420 421 422 422 422 420 421 422 424 425 427 428 430 435 439 441 445 450 453 458 464
362 362 362 362 362 362 362 362 361 360 359 359 358 358 358 358 359 360 363 366 369 371 370 367 364 364 364 364 365 365 364 363 363 363 363 363 363 363 363 363 363 364 364 364 365 365 365 366 368 369 369 370 371 372 374 377 378 380 382 384 387 390 394 397 400 404 409 413 417 420 421 422 424 426 427 427 427 426 425 424 425 428 429 430 431 431 436 439 441 446 450 453 458 464
361 361 361 361 361 361 361 361 361 360 359 358 358 358 358 358 359 361 364 366 370 374 376 370 366 365 365 365 365 365 365 364 364 363 363 363 363 363 363 363 364 364 365 365 365 366 366 367 369 369 369 371 371 372 374 377 379 380 383 385 388 392 395 398 402 406 411 416 420 423 425 427 430 431 432 432 432 431 430 428 429 430 432 433 433 434 436 440 442 446 450 454 458 464
360 360 360 360 360 360 360 360 360 359 358 358 358 358 358 359 360 361 364 366 369 376 382 376 369 365 365 365 365 365 365 364 364 364 363 363 363 363 364 364 364 365 365 365 365 366 367 367 369 370 370 371 371 373 375 378 379 380 383 386 389 393 396 399 403 409 414 419 422 425 428 433 436 437 437 437 436 435 434 432 432 432 433 434 435 436 437 440 442 446 451 454 458 465
359 359 359 359 359 359 359 359 359 358 358 358 358 358 359 359 360 362 364 366 369 375 383 380 373 367 365 365 366 366 365 364 364 364 364 364 364 364 364 364 364 365 365 365 366 367 367 368 369 370 370 372 372 373 375 378 380 381 383 387 391 394 397 399 404 411 417 421 425 428 433 438 441 442 443 443 441 439 437 435 434 433 434 436 437 438 439 440 442 447 451 454 459 465
357 358 358 358 358 358 357 357 357 357 358 358 358 358 359 360 361 363 364 365 368 373 380 381 378 370 365 365 366 366 365 364 364 364 364 364 364 364 364 364 364 365 365 365 366 367 368 369 370 371 372 372 373 374 375 378 380 381 384 388 391 394 397 399 406 413 419 424 428 432 438 442 445 446 447 447 447 445 441 438 436 436 436 437 438 439 440 441 442 447 451 454 459 465
356 356 357 357 357 356 356 357 357 357 358 359 359 359 360 360 361 363 364 365 368 372 379 383 382 375 368 367 366 366 366 365 365 364 364 364 364 364 365 365 365 365 366 366 367 368 369 369 371 372 372 373 374 374 375 377 380 381 385 389 392 395 398 401 407 414 421 427 431 436 442 446 448 450 451 451 451 449 445 441 437 437 437 438 438 439 440 441 442 447 451 455 459 466
356 356 356 356 356 356 356 357 357 357 359 360 360 360 360 360 362 363 364 364 368 370 377 383 382 379 372 369 367 367 366 365 365 365 364 364 364 364 365 365 365 365 366 366 367 369 369 370 371 372 372 374 375 375 375 377 380 382 386 390 392 395 398 401 408 416 423 428 434 439 445 449 451 452 453 454 454 452 448 444 439 437 437 438 439 439 439 439 442 447 452 455 459 466
355 355 356 356 356 356 356 357 357 357 359 359 359 360 361 361 362 364 364 365 367 370 374 381 382 382 375 370 369 367 366 365 365 365 364 364 364 364 365 365 365 365 366 367 368 369 370 371 372 373 374 375 376 376 376 377 380 382 386 390 392 395 398 401 409 417 424 429 435 442 448 451 453 454 456 456 456 453 449 445 441 438 438 439 439 438 438 439 442 447 452 454 459 466
355 355 356 356 356 356 357 357 357 358 359 359 359 360 362 362 362 364 365 365 367 369 371 378 382 382 376 371 369 368 367 367 366 365 364 364 364 365 365 366 366 366 367 367 368 370 370 371 373 374 374 376 377 377 377 378 380 383 387 391 392 395 398 401 409 418 425 430 437 444 450 452 454 456 458 458 458 454 450 446 442 439 439 438 438 438 438 438 442 447 451 454 458 466
357 356 356 356 357 357 357 357 357 358 359 359 360 360 362 362 362 364 365 365 367 368 370 374 379 380 375 371 370 369 368 368 369 367 365 364 364 366 368 369 369 368 368 369 369 370 371 372 373 374 375 376 377 378 378 379 381 383 387 391 392 394 398 401 409 419 426 430 438 446 451 454 456 458 460 461 459 455 451 446 442 438 437 437 436 436 436 438 442 447 450 454 458 465
357 357 357 357 357 357 357 358 358 358 359 360 360 361 362 362 363 364 365 365 367 368 369 371 374 375 373 371 370 370 369 369 370 370 368 366 366 369 370 370 370 370 369 369 370 371 372 372 374 375 375 377 378 378 379 380 382 383 388 390 392 394 396 401 409 419 425 430 438 447 452 455 457 459 461 462 459 456 450 446 441 437 436 435 435 435 435 437 441 446 449 454 458 465
358 358 358 358 358 358 358 358 358 358 360 360 360 361 362 363 363 364 365 365 367 367 368 369 370 371 371 370 370 370 370 370 370 371 370 369 369 370 371 372 372 371 370 370 370 372 372 373 374 375 375 377 378 379 379 381 382 383 388 390 391 393 396 399 407 417 425 430 437 446 453 456 458 460 462 462 459 455 449 444 439 435 434 433 432 433 434 436 440 445 449 453 458 465
359 359 359 358 358 358 358 358 358 359 360 361 361 362 363 364 364 364 365 365 366 367 367 368 370 370 370 370 370 370 370 371 371 371 371 370 370 371 372 372 374 373 371 371 371 372 372 373 375 375 376 378 379 379 380 381 382 383 388 390 391 393 395 397 404 415 422 429 436 444 452 456 458 460 462 461 458 453 447 442 436 433 433 432 432 432 432 434 439 444 448 453 458 464
359 359 359 358 358 358 358 358 358 359 360 361 362 363 364 365 365 365 365 365 366 366 367 368 369 370 370 370 370 370 370 371 371 371 371 371 371 371 371 372 376 376 374 373 373 373 373 374 375 376 376 378 379 379 380 381 382 383 388 390 391 392 394 396 401 412 420 426 434 441 449 454 457 457 458 458 455 449 444 439 434 432 432 432 431 431 431 432 437 443 448 452 457 464
360 360 359 358 358 358 358 359 359 359 361 362 362 364 365 367 368 368 367 366 366 366 367 368 369 370 370 370 370 370 370 371 371 371 372 371 371 371 371 372 374 376 376 375 374 374 374 374 375 376 376 378 379 379 381 382 383 384 388 390 390 391 393 395 399 408 417 424 431 438 445 450 454 454 454 452 449 444 440 435 432 431 431 431 431 431 431 431 436 442 447 451 457 463
