geo_cache/7-0/elevation.txt
ncols         949
nrows         918
xllcorner     -70.68888888888888
yllcorner     41.76
cellsize      1.0E-5
NODATA_value  -9999
[rows 804 to 870 of 918, columns 288 to 383 of 949]
22 22 22 23 23 26 29 32 34 34 32 31 29 27 27 26 25 24 24 24 22 20 17 16 17 20 24 27 29 29 29 28 25 25 25 25 26 27 28 28 27 25 22 21 20 20 17 14 11 9 9 10 10 10 10 10 10 10 10 10 10 10 10 14 21 23 29 36 41 41 42 44 42 38 33 28 26 27 30 31 31 31 31 32 32 32 32 33 34 35 36 35 31 30 29 32
21 21 21 23 23 27 30 32 35 35 32 31 29 28 27 25 24 23 23 22 20 18 16 15 16 18 21 24 25 25 24 23 21 21 23 24 25 27 27 26 25 23 21 21 20 19 16 12 10 9 9 10 10 10 10 10 10 10 10 10 10 10 10 16 20 22 29 35 41 41 43 44 43 38 33 27 25 26 29 30 31 31 30 31 31 32 33 34 35 35 36 35 31 30 28 30
21 21 21 23 24 28 30 32 34 34 33 31 30 29 28 25 24 21 21 21 18 16 15 15 15 17 19 20 21 21 19 17 17 17 21 23 24 27 27 25 23 22 20 20 20 16 11 9 9 10 10 10 10 10 10 10 10 10 10 10 10 10 10 14 19 22 28 35 40 42 45 46 45 41 35 29 25 25 28 29 31 31 29 30 31 33 33 34 34 35 35 35 32 29 26 28
21 21 22 23 24 28 31 32 34 34 33 32 30 30 27 24 23 20 20 20 17 16 15 15 15 15 16 16 17 17 14 12 12 13 18 21 23 24 24 23 22 21 20 20 20 15 9 9 9 10 10 10 10 10 10 10 10 10 10 10 10 10 10 13 18 21 28 34 40 43 46 47 46 42 36 29 26 25 27 29 30 30 28 29 30 33 33 34 34 34 35 35 32 29 25 25
21 21 23 24 25 29 31 32 33 33 32 32 31 30 27 24 22 19 19 19 17 16 15 15 15 15 15 15 15 14 12 10 10 10 13 14 15 15 14 16 19 18 17 17 16 11 9 9 9 10 10 10 10 10 10 10 10 10 10 10 10 10 10 12 17 23 28 34 40 43 47 47 46 42 36 29 26 24 26 28 29 29 27 28 30 32 33 33 33 34 35 35 32 29 23 22
21 22 24 25 26 29 30 31 33 33 32 32 31 30 28 25 21 19 19 21 20 18 16 16 16 16 16 15 14 13 11 10 10 10 10 10 10 10 10 10 12 12 12 12 11 10 10 10 10 10 10 10 10 10 10 10 10 10 10 10 10 10 10 12 19 26 31 36 40 43 45 46 45 41 36 29 26 24 25 27 29 28 26 28 30 32 32 32 33 33 34 34 32 28 23 20
21 23 25 25 27 30 30 31 32 33 32 32 30 30 28 25 21 19 19 22 22 20 17 17 17 17 17 13 12 11 10 10 10 10 10 10 10 10 10 10 10 10 10 10 10 10 10 10 10 10 10 10 10 10 10 10 10 10 10 10 10 10 10 15 22 30 35 39 41 42 43 43 42 38 34 29 25 24 25 26 28 27 25 28 30 31 31 31 31 32 33 33 31 28 23 19
22 25 26 26 28 30 30 31 31 33 32 32 30 29 28 25 22 19 19 23 25 22 19 18 18 18 17 12 10 10 10 10 10 10 10 10 10 10 10 10 10 10 10 10 10 10 10 10 10 10 10 10 10 10 10 10 10 10 10 10 10 10 10 18 25 33 38 41 42 42 42 41 39 37 33 28 24 23 24 25 27 25 25 29 30 31 31 30 30 31 32 32 30 27 22 18
24 26 27 27 28 30 30 30 31 32 33 32 30 29 27 25 22 19 21 25 27 25 21 20 20 19 17 14 12 11 12 10 10 10 10 10 10 10 10 10 10 10 10 10 10 10 10 10 10 10 10 10 10 10 10 10 10 10 10 10 10 10 12 21 28 36 40 42 42 42 41 39 37 36 32 27 23 23 23 24 26 24 24 29 30 30 30 29 30 30 31 31 30 27 22 17
25 26 27 28 28 29 29 31 32 33 34 33 31 28 25 24 23 21 23 27 28 26 24 22 20 19 18 18 16 16 16 10 10 10 10 10 10 10 10 10 10 10 10 10 10 10 10 10 10 10 10 10 10 10 10 10 10 10 10 10 10 10 15 23 29 36 40 41 41 41 40 38 37 35 32 27 23 23 23 24 25 24 24 29 30 29 29 29 30 30 31 31 30 27 23 17
25 26 28 28 28 29 29 31 33 33 34 34 31 27 23 22 23 24 25 29 30 29 27 25 22 20 20 22 22 21 20 12 10 10 10 10 10 10 10 10 10 10 10 10 10 10 10 10 10 10 10 10 10 10 10 10 10 10 10 10 10 10 19 26 31 34 36 37 39 39 40 39 37 36 34 29 25 23 23 23 24 24 25 28 28 28 28 29 30 30 31 31 29 28 24 19
26 27 28 29 29 29 29 31 33 33 35 35 31 27 22 21 24 25 27 31 32 31 29 26 23 19 21 26 27 26 25 19 12 10 10 10 10 10 10 10 10 10 10 10 10 10 10 10 10 10 10 10 10 10 10 10 10 10 10 10 10 14 23 29 31 31 32 33 36 38 40 40 38 37 35 30 26 23 24 24 23 24 26 27 26 27 27 29 30 30 30 30 29 28 25 21
27 28 29 29 29 29 29 31 32 33 34 34 32 27 22 21 25 27 28 31 33 33 29 28 23 20 22 28 30 27 26 24 18 13 11 11 10 10 10 10 10 10 10 10 10 10 10 10 10 10 10 10 10 10 10 10 10 10 10 10 10 18 26 31 31 28 27 29 33 37 40 40 39 38 36 32 26 23 23 23 23 24 27 27 24 24 27 29 30 30 30 29 29 28 26 23
28 29 30 30 29 29 29 31 32 33 34 34 32 28 24 23 25 28 29 31 33 33 30 29 25 22 24 29 30 27 25 24 20 15 13 13 10 10 10 10 10 10 10 10 10 10 10 10 10 10 10 10 10 10 10 10 10 10 10 10 12 20 28 31 30 26 23 26 31 34 37 38 39 39 37 33 28 24 22 22 23 24 27 26 24 24 26 28 29 29 29 28 28 28 27 24
28 31 31 30 29 29 29 30 31 32 34 34 32 28 26 24 26 29 29 31 33 33 30 29 26 24 26 30 30 27 25 22 20 16 15 14 13 10 10 10 10 10 10 10 10 10 10 10 10 10 10 10 10 10 10 10 10 10 10 10 15 22 28 31 29 23 20 23 29 31 34 36 38 39 38 35 31 27 23 22 23 23 25 24 23 23 24 26 27 27 28 28 28 28 27 24
29 32 32 31 29 29 30 30 30 31 33 33 31 30 28 27 27 29 30 32 32 32 30 30 27 27 28 30 30 27 24 21 19 18 17 17 16 10 10 10 10 10 10 10 10 10 10 10 10 10 10 10 10 10 10 10 10 10 10 11 17 23 28 30 27 20 16 20 26 29 31 34 37 38 38 38 35 30 25 22 23 23 23 23 22 22 23 24 25 25 26 27 28 28 27 24
30 32 32 31 30 30 30 30 30 31 33 33 31 30 28 27 27 29 30 32 32 32 30 30 28 28 29 29 29 26 23 21 19 19 19 19 17 11 10 10 10 10 10 10 10 10 10 10 10 10 13 13 13 10 10 10 10 10 12 15 18 24 28 30 25 16 13 18 23 25 28 32 35 37 38 39 38 33 26 23 22 22 22 22 22 22 22 22 23 23 24 26 28 28 27 24
29 31 32 31 30 29 29 29 30 31 33 33 31 28 25 25 26 29 30 31 32 31 30 30 29 29 29 29 29 26 22 21 21 21 21 21 20 17 12 10 10 10 10 10 10 10 10 12 13 17 21 21 20 15 12 11 12 13 14 16 18 23 28 29 23 14 10 14 19 22 25 29 33 35 37 39 39 34 27 24 23 22 22 22 22 21 21 21 21 21 22 25 26 26 26 24
29 30 31 30 29 28 28 29 31 32 33 33 30 26 22 22 25 29 30 31 31 31 30 30 29 29 29 28 28 25 22 22 22 22 22 22 22 22 20 13 10 10 10 10 11 12 13 20 22 23 24 24 23 22 18 15 12 12 13 16 19 23 27 28 23 14 9 11 15 18 23 28 31 34 35 37 37 33 29 27 26 25 23 23 23 21 21 20 20 20 21 22 24 25 24 23
28 29 29 29 29 28 28 29 32 32 33 33 29 24 20 20 23 28 30 30 29 29 29 28 28 28 27 27 26 25 22 22 22 22 23 23 24 24 24 21 14 12 12 13 17 19 21 24 25 26 26 26 25 24 20 16 11 10 12 16 20 25 28 28 23 15 8 8 11 14 21 26 29 32 34 35 35 33 30 30 29 28 27 25 24 21 21 19 19 19 19 20 21 22 21 20
28 28 29 28 28 28 28 29 32 32 32 32 28 23 20 19 22 27 29 29 28 28 28 27 26 26 26 26 25 24 22 21 22 22 22 23 24 25 25 26 24 23 20 19 20 22 24 26 27 27 28 29 28 26 22 18 11 9 11 16 22 26 28 28 24 16 7 6 6 11 20 25 28 32 33 33 34 33 32 33 32 31 29 28 26 22 21 19 19 19 19 19 19 19 18 18
28 28 29 28 28 28 28 28 29 30 30 30 28 23 21 20 23 27 29 29 27 27 27 26 25 25 26 26 25 23 21 21 21 21 22 22 25 26 26 28 29 28 26 24 23 25 27 29 30 30 31 32 31 29 25 19 11 9 10 15 22 26 28 28 24 16 7 6 6 11 20 25 29 32 33 33 34 34 35 35 34 32 30 29 27 23 21 19 19 19 18 18 18 17 16 16
28 28 29 28 28 27 27 27 28 29 28 29 27 25 23 22 23 27 28 28 27 27 26 26 24 24 26 26 25 24 21 20 20 21 21 22 25 26 26 29 30 30 28 26 27 28 30 32 32 32 32 32 32 31 27 20 11 9 9 13 18 22 25 27 23 15 8 8 10 14 23 28 31 34 36 36 36 36 38 37 35 33 31 29 27 25 23 21 20 19 18 18 17 16 16 16
28 28 29 28 28 26 26 26 26 27 27 27 26 26 25 25 25 27 28 28 26 26 26 25 23 24 25 27 27 25 21 20 19 19 20 22 25 27 27 30 32 32 30 29 29 30 32 34 34 34 33 33 33 33 29 22 11 8 9 11 15 18 22 24 22 15 9 11 13 17 26 31 34 37 39 40 39 39 40 40 35 33 31 29 28 26 26 24 23 22 20 18 17 16 16 16
28 28 29 28 27 26 26 26 26 26 27 27 27 27 26 26 26 27 28 28 26 26 25 25 23 24 25 28 28 25 22 20 19 19 20 21 24 27 27 30 32 33 32 31 31 32 34 36 36 35 34 33 34 34 31 23 11 8 8 9 11 15 19 22 21 15 11 13 17 21 29 34 37 40 43 43 43 42 43 41 36 33 31 28 28 28 28 28 26 25 22 20 19 17 16 17
28 28 28 27 26 26 26 26 26 26 27 27 27 27 27 27 27 28 29 28 27 27 26 25 22 24 26 28 28 25 23 20 19 19 19 21 24 27 27 30 33 34 34 32 32 33 35 36 36 35 35 34 35 35 31 23 13 8 8 9 10 12 18 21 20 15 13 16 20 24 31 36 39 42 45 46 45 45 45 43 37 33 31 29 29 30 31 31 29 27 24 21 19 17 18 18
28 28 27 26 26 25 25 25 26 27 27 27 28 28 28 28 28 28 29 28 27 27 26 25 22 24 26 28 28 26 24 22 19 19 19 21 24 27 29 31 34 35 34 33 33 33 33 34 35 35 35 35 36 37 33 24 14 10 8 9 9 11 17 21 20 16 15 17 21 27 32 37 40 43 46 48 48 47 48 45 39 35 33 31 32 33 34 33 31 29 26 23 20 18 18 19
27 27 26 25 25 25 25 25 26 28 29 28 28 27 27 27 27 28 29 29 28 28 26 24 22 24 26 28 28 27 25 23 20 19 20 22 26 28 30 32 35 35 35 34 34 34 33 33 34 34 34 35 37 38 33 25 16 11 9 9 9 11 16 21 21 17 16 19 23 28 34 37 41 45 47 49 50 50 50 46 41 37 35 34 35 36 36 34 32 30 27 24 21 19 19 19
27 27 26 24 24 25 25 25 27 28 29 29 27 27 27 27 27 28 29 29 28 28 25 24 22 24 26 29 29 27 26 23 21 20 20 22 26 29 30 33 35 36 35 35 34 34 32 32 32 33 33 36 38 38 34 26 17 12 10 10 10 10 15 21 21 18 17 20 24 29 35 38 41 46 47 50 50 51 51 47 42 38 36 36 37 37 37 35 33 31 28 24 21 20 20 20
27 27 26 24 24 25 25 25 27 28 29 29 27 26 26 26 26 27 28 28 28 27 25 23 22 23 26 29 29 28 27 24 21 20 20 23 27 30 31 33 36 36 35 35 34 34 31 30 31 31 33 36 39 40 36 28 19 14 11 9 9 9 15 21 21 19 18 21 26 31 35 38 41 46 47 50 51 53 52 48 44 40 38 39 40 39 38 36 34 32 30 25 21 20 20 21
27 27 26 25 24 25 25 25 27 28 29 29 27 26 26 26 26 27 27 27 27 26 24 23 22 23 26 29 29 28 27 25 21 21 21 24 27 30 32 34 36 36 35 35 34 33 30 30 30 31 32 37 40 41 39 31 22 15 11 10 9 9 14 20 21 20 20 22 28 32 35 38 41 46 48 50 53 54 53 49 45 42 40 41 41 41 39 37 35 34 31 26 22 21 21 23
27 27 26 26 25 26 26 26 27 28 29 29 27 26 26 25 25 25 25 25 25 25 23 23 22 23 26 29 29 28 27 25 22 22 22 25 28 31 33 34 34 34 33 32 32 32 30 30 30 31 34 38 41 43 41 36 25 16 11 10 9 9 13 20 21 20 21 24 29 34 36 39 42 47 49 51 53 54 53 50 46 43 42 42 42 41 40 38 36 35 32 27 23 22 22 25
27 27 27 26 26 27 27 27 28 28 28 28 26 26 26 25 25 24 24 24 24 24 23 22 22 24 25 28 28 28 27 25 22 22 23 25 29 32 33 34 33 32 30 30 30 30 30 30 30 32 34 39 43 44 44 40 27 16 11 10 9 9 12 20 22 21 22 26 31 34 37 39 43 48 50 52 54 54 53 50 47 44 43 43 43 41 41 39 38 36 32 28 24 23 24 27
28 28 27 27 27 28 28 28 28 28 28 28 26 25 25 24 24 24 24 23 23 23 22 22 22 24 25 28 28 28 26 24 21 21 24 26 29 32 34 34 32 30 28 28 28 29 30 30 30 32 35 40 44 45 46 42 28 16 10 10 9 9 11 20 23 22 22 27 33 35 37 39 43 48 51 53 54 54 52 50 47 45 43 42 42 41 40 39 39 37 33 28 25 25 25 28
28 28 28 28 28 29 29 29 29 29 28 28 26 25 24 24 24 24 24 23 23 23 22 22 22 23 25 27 28 27 26 23 20 21 22 26 29 33 34 34 32 29 28 28 28 28 30 30 30 32 36 41 44 46 46 42 28 16 11 10 10 10 11 19 23 23 24 29 34 37 37 39 44 49 52 54 54 54 51 49 47 46 44 42 42 40 40 40 40 38 34 29 27 26 27 30
28 28 28 28 28 29 29 29 29 29 28 28 26 25 23 23 25 24 24 24 24 25 23 22 22 23 24 26 26 25 24 22 19 19 20 23 28 33 36 35 32 29 28 28 28 28 30 31 32 34 38 43 46 46 45 40 28 16 11 10 10 9 11 19 24 25 26 30 36 38 39 41 45 50 52 54 54 53 50 49 47 47 44 41 41 40 40 41 40 39 35 31 28 28 31 33
29 29 29 29 29 30 30 30 29 29 28 28 26 25 23 23 25 25 25 26 26 26 23 22 22 23 24 25 25 23 22 20 18 17 18 20 27 34 36 35 33 30 29 29 29 29 29 31 33 35 40 44 46 46 43 36 26 16 11 10 9 9 11 19 26 26 28 32 37 40 41 43 47 51 52 54 54 53 50 49 47 47 44 41 41 40 40 41 40 39 35 32 30 31 34 37
29 29 29 29 29 30 30 30 29 29 28 28 27 25 23 23 26 26 27 28 28 27 24 23 22 23 23 24 23 22 20 19 17 15 14 17 25 33 36 36 34 31 31 31 29 29 29 32 35 37 42 46 47 45 41 33 24 16 12 10 9 9 11 20 27 29 31 34 38 40 43 45 49 53 53 54 54 53 50 49 47 47 44 41 40 39 38 39 38 37 36 34 32 34 37 41
30 30 30 30 30 31 31 30 29 29 28 28 27 26 24 24 26 27 27 28 28 28 24 23 22 23 23 23 22 21 19 18 16 15 14 16 24 32 36 36 34 31 31 31 29 29 30 33 37 40 44 47 47 43 37 29 22 17 13 11 9 9 13 21 29 31 33 36 39 42 44 47 51 54 55 54 54 54 50 49 47 46 44 41 40 38 37 38 37 37 37 35 34 37 40 43
30 30 30 30 30 31 31 31 30 30 29 29 29 27 25 25 26 28 28 28 28 27 24 24 23 23 23 22 21 19 17 17 15 15 14 16 23 31 35 36 35 32 30 30 29 29 30 35 40 43 47 49 47 40 33 26 21 16 13 11 10 10 15 24 31 34 37 38 40 44 46 50 53 55 56 57 56 54 51 49 48 46 44 42 40 38 37 38 38 38 39 37 37 40 42 45
30 30 30 31 31 31 31 31 30 30 30 30 29 29 27 26 27 28 29 29 27 26 24 24 23 22 22 21 20 18 16 16 15 15 15 16 23 29 34 36 35 32 30 29 28 28 30 36 42 46 50 51 46 36 28 23 19 15 12 10 10 12 18 27 32 36 40 40 41 45 48 51 54 56 56 57 57 55 52 50 49 47 45 43 41 39 38 38 39 40 40 40 41 42 43 45
30 30 30 31 31 31 31 31 31 31 31 31 30 30 29 28 28 29 29 29 26 26 24 24 22 22 22 21 19 17 16 16 15 15 15 17 22 28 32 36 36 32 29 28 28 28 30 38 45 49 52 51 44 32 25 20 17 14 11 11 11 13 21 29 33 38 42 41 43 46 49 52 55 57 57 57 57 55 52 51 50 48 46 43 42 40 39 40 40 40 42 43 44 45 44 44
30 30 30 31 31 31 31 31 31 31 31 31 31 30 30 29 28 29 29 27 26 26 24 24 23 22 22 21 20 18 17 16 15 15 15 18 22 27 31 34 34 32 29 28 28 28 31 38 45 50 52 51 43 30 22 18 15 13 11 11 11 15 24 32 34 39 43 42 44 47 50 53 56 58 58 58 58 56 53 52 50 48 46 44 42 40 40 40 40 40 43 46 47 46 45 43
29 29 29 30 30 31 31 31 30 30 31 31 31 30 30 29 29 29 28 26 26 26 25 24 23 23 23 23 22 21 20 19 18 17 17 19 22 26 29 32 32 31 29 28 28 28 30 37 44 49 52 50 41 29 21 17 14 13 11 11 11 16 25 33 34 39 43 43 44 47 51 54 56 57 57 57 57 55 53 53 51 49 47 45 43 41 41 42 41 42 44 46 46 45 43 41
29 29 29 30 30 31 31 30 30 30 30 30 31 30 30 29 29 29 28 25 25 26 25 25 23 23 24 24 23 23 23 21 21 19 19 20 23 26 28 30 31 30 28 28 27 27 29 36 42 47 49 46 40 30 21 17 15 13 11 11 11 17 26 34 34 37 42 43 45 47 50 53 55 57 57 56 55 53 52 52 51 50 48 45 43 42 42 43 43 43 43 43 43 41 39 37
29 29 29 30 30 31 31 30 29 29 30 30 31 30 30 29 29 29 26 24 25 26 26 25 23 23 24 26 26 26 25 24 24 22 21 21 23 26 27 28 29 29 28 28 28 27 29 34 40 44 46 43 39 31 21 17 15 13 10 10 12 17 26 34 34 36 39 42 45 47 49 52 54 54 55 55 53 51 50 50 50 50 49 45 43 43 43 44 46 44 43 41 38 36 35 33
28 28 29 30 30 31 31 30 29 29 30 30 30 30 29 29 29 28 26 24 25 27 27 25 24 24 25 27 27 27 26 25 25 24 22 23 24 26 26 27 27 28 29 29 29 29 29 33 38 41 43 40 37 31 21 18 15 13 10 10 12 18 26 34 34 34 37 42 45 46 48 50 52 53 53 53 51 48 47 49 49 50 49 44 43 43 43 45 46 45 41 36 33 30 29 27
28 28 28 30 30 31 31 30 29 29 30 30 29 29 28 28 28 28 27 25 26 27 27 26 24 24 26 28 28 28 28 28 27 25 24 24 25 25 25 25 26 27 28 29 31 31 31 33 37 39 39 37 34 30 21 18 15 13 10 10 12 18 26 33 34 33 37 42 45 46 47 49 51 52 51 51 48 45 44 46 48 48 47 43 42 42 42 44 43 41 37 31 27 25 23 22
28 28 28 30 30 31 31 30 29 29 30 30 29 28 27 27 27 27 27 26 26 28 28 27 25 25 26 28 29 29 29 29 28 26 25 25 25 25 25 25 25 27 28 29 33 35 35 34 36 37 36 33 31 27 21 18 15 14 11 11 12 17 24 31 33 33 37 42 46 47 47 49 50 51 50 49 46 42 41 42 44 45 44 41 40 40 40 40 38 35 31 25 21 19 17 16
28 28 28 29 29 31 31 30 30 30 29 29 28 27 26 26 26 26 26 26 27 28 29 28 26 26 26 28 29 30 30 30 28 27 26 26 26 25 25 25 25 26 27 30 36 39 38 36 36 34 32 29 27 24 20 17 16 15 12 11 12 16 22 29 32 33 37 42 46 48 48 48 48 50 49 47 43 39 37 38 40 41 40 39 39 39 37 34 31 28 24 20 16 13 12 11
27 27 28 28 29 29 29 29 29 28 27 28 27 25 24 23 23 25 26 27 28 28 29 29 27 27 28 29 29 29 29 29 29 29 28 27 27 25 25 25 25 25 26 30 37 41 40 37 34 32 29 26 24 21 19 17 16 15 12 11 11 14 20 26 30 33 38 42 47 48 48 47 46 48 47 44 39 34 32 34 36 37 36 36 36 36 34 29 24 20 18 14 10 7 6 5
27 27 27 28 28 28 28 28 28 27 26 26 25 23 21 20 20 22 25 26 27 28 29 29 28 28 28 30 30 29 29 29 30 30 30 29 29 27 26 26 26 25 26 30 38 42 40 37 33 30 26 23 21 19 17 17 16 16 12 11 11 13 18 25 29 32 38 42 46 48 47 44 43 43 43 40 35 31 28 29 31 31 31 31 31 31 29 24 17 13 12 10 3 0 0 0
27 27 27 27 27 26 26 26 26 26 25 24 23 21 18 16 17 20 23 25 26 27 28 28 28 28 28 29 30 30 30 31 32 32 32 32 32 30 27 25 25 24 26 31 38 42 39 34 31 28 24 22 21 18 16 16 16 15 12 10 11 13 17 24 28 32 37 42 45 46 44 40 37 37 37 34 31 27 24 24 25 24 24 24 25 24 21 17 8 3 3 2 0 0 0 0
27 27 27 27 27 26 26 26 25 25 24 23 22 19 15 12 14 18 21 24 25 26 28 28 28 28 28 29 29 31 31 32 33 33 33 35 35 33 30 27 25 24 27 31 37 40 38 32 29 26 23 21 20 18 16 15 15 13 11 10 10 12 16 23 27 31 37 41 44 44 41 36 32 31 30 29 26 23 21 19 18 17 15 16 17 11 4 2 0 0 0 0 0 0 0 0
26 26 25 25 25 24 24 24 25 25 23 22 20 18 13 11 13 17 20 23 23 25 26 27 28 28 28 29 29 31 32 33 35 35 35 37 38 37 33 29 26 25 28 31 35 38 36 30 27 25 22 20 19 17 15 14 13 12 9 8 9 12 16 22 26 31 36 41 43 42 38 31 26 25 24 23 22 20 17 13 9 4 4 4 4 2 0 0 0 0 0 0 0 0 0 0
25 24 24 23 23 22 23 23 24 24 23 22 19 17 12 11 12 17 20 22 23 24 25 26 28 28 30 30 30 31 34 36 36 36 37 39 41 41 37 33 28 26 29 31 34 36 34 29 26 24 21 19 18 17 14 12 12 10 8 8 8 12 15 21 25 28 32 36 37 36 32 26 21 19 18 17 16 16 11 3 1 0 0 0 0 0 0 0 0 0 0 0 0 0 0 0
24 23 22 21 21 21 21 23 23 24 23 21 19 16 12 11 12 17 20 21 23 23 25 26 27 29 32 33 31 33 36 38 39 39 39 41 45 45 43 38 33 30 29 29 31 32 30 27 25 23 20 18 17 15 12 9 9 9 8 8 9 12 16 21 22 24 27 30 30 29 26 21 15 13 12 11 9 5 3 0 0 0 0 0 0 0 0 0 0 0 0 0 0 0 0 0
23 22 21 20 20 20 20 22 23 23 23 21 18 15 12 11 14 17 20 22 23 23 25 25 27 30 33 35 33 35 38 39 40 40 41 43 48 50 48 44 38 34 30 28 29 29 28 26 24 22 20 18 17 13 10 7 7 8 9 9 10 13 17 20 20 20 22 23 23 22 21 16 7 4 3 3 1 0 0 0 0 0 0 0 0 0 0 0 0 0 0 0 0 0 0 0
22 21 20 19 19 18 19 21 23 23 23 21 17 15 12 13 15 18 21 22 23 23 25 25 27 31 35 37 35 37 39 41 42 43 43 46 50 54 53 49 43 38 33 28 27 27 25 25 23 21 20 18 16 12 7 5 5 7 9 10 12 15 19 20 17 16 16 15 15 15 14 8 1 0 0 0 0 0 0 0 0 0 0 0 0 0 0 0 0 0 0 0 0 0 0 0
21 20 19 18 18 18 19 21 23 23 23 21 18 16 14 15 17 19 22 23 23 23 25 25 27 31 36 38 37 39 41 42 44 44 45 48 53 57 58 53 47 42 36 29 27 26 24 24 23 21 20 18 16 10 6 3 3 6 9 9 12 16 19 19 15 13 11 10 10 7 3 1 0 0 0 0 0 0 0 0 0 0 0 0 0 0 0 0 0 0 0 0 0 2 2 2
20 19 19 18 18 18 19 22 23 24 23 22 19 16 16 17 18 20 23 23 23 23 25 26 28 32 36 39 39 41 43 44 45 46 46 49 54 58 59 56 51 47 42 36 31 26 25 24 23 20 18 16 14 9 5 3 3 6 8 8 11 14 16 16 12 10 8 4 2 1 0 0 0 0 0 0 0 0 0 0 0 0 0 0 0 0 0 0 0 0 0 0 2 4 4 4
19 19 19 18 18 18 19 22 24 24 24 22 20 18 17 19 20 22 23 24 24 25 26 27 29 33 35 39 41 43 44 44 46 46 47 50 55 59 59 59 55 52 49 43 35 28 27 25 24 20 17 14 11 8 4 4 4 5 7 7 9 11 13 13 10 7 4 0 0 0 0 0 0 0 0 0 0 0 0 0 0 0 0 0 0 0 0 0 0 0 0 2 4 5 5 5
19 19 19 18 18 18 19 22 24 24 24 23 20 19 18 20 21 23 24 24 25 25 27 27 29 33 35 39 41 44 45 45 46 46 48 50 55 59 60 59 56 53 51 45 37 29 27 26 24 19 17 13 10 7 4 4 4 5 6 7 8 10 12 11 9 6 2 0 0 0 0 0 0 0 0 0 0 0 0 0 0 0 0 0 0 0 0 0 0 1 1 3 5 6 6 6
19 19 19 18 18 18 18 21 24 24 24 23 20 19 19 21 22 23 24 25 25 26 27 28 30 33 35 40 43 45 46 46 46 47 49 51 55 60 61 61 60 58 57 52 42 32 29 27 25 19 16 12 8 6 4 4 5 5 6 6 8 8 8 8 6 3 0 0 0 0 0 0 0 0 0 0 0 0 0 0 0 0 0 0 1 2 2 2 3 3 4 5 6 7 7 7
19 20 19 19 18 18 18 20 23 24 23 22 20 20 20 22 23 25 25 26 26 27 28 29 31 33 36 40 45 47 46 46 46 47 49 51 55 59 61 61 61 60 59 55 45 35 31 28 26 21 16 11 8 5 5 5 5 5 6 6 6 6 6 5 3 0 0 0 0 0 0 0 0 0 0 0 0 0 0 0 0 0 1 5 5 5 5 5 5 6 6 8 11 10 10 9
20 21 21 20 19 19 19 20 22 23 23 22 20 20 20 22 24 26 26 26 27 29 30 31 32 35 38 42 46 48 47 47 47 47 48 51 55 57 59 61 61 60 59 56 48 39 34 29 27 22 17 13 8 7 6 6 6 6 6 6 6 5 4 2 0 0 0 0 0 0 0 0 0 0 0 0 0 0 0 0 0 2 6 8 8 7 7 7 8 8 9 11 13 13 12 11
21 23 23 22 21 20 20 20 21 22 22 22 20 20 20 23 25 26 27 27 28 30 32 33 34 37 39 43 47 49 49 47 46 46 48 51 54 56 58 59 60 60 59 57 50 43 37 30 27 23 19 15 10 8 7 7 7 7 7 6 6 5 2 0 0 0 0 0 0 0 0 0 0 0 0 0 0 0 0 0 2 6 10 12 11 10 9 9 10 10 11 13 14 14 13 13
