geo_cache/7-0/elevation.txt
ncols         949
nrows         918
xllcorner     -70.68888888888888
yllcorner     41.76
cellsize      1.0E-5
NODATA_value  -9999
[rows 536 to 602 of 918, columns 384 to 479 of 949]
18 18 16 17 18 17 16 15 16 18 18 19 20 22 23 25 26 26 25 23 22 20 20 19 19 17 14 12 10 10 10 9 7 6 5 5 5 5 4 3 4 4 2 1 2 6 8 9 10 9 7 5 4 3 1 1 0 0 0 0 0 0 0 0 0 0 0 0 0 0 0 0 0 0 0 0 0 0 0 0 0 0 0 0 0 0 0 0 0 0 0 0 0 0 0 0
19 19 18 18 18 18 17 17 18 20 20 21 22 23 24 26 27 27 25 25 22 21 21 19 17 15 13 10 9 9 10 10 9 8 7 7 8 8 7 6 4 3 1 1 2 5 7 8 8 7 6 4 2 2 1 1 0 0 0 0 0 0 0 0 0 0 0 0 0 0 0 0 0 0 0 0 0 0 0 0 0 0 0 0 0 0 0 0 0 0 0 0 0 0 0 0
20 20 20 19 18 18 18 19 21 22 22 22 23 24 25 26 27 27 25 25 22 20 20 18 16 13 11 9 8 8 9 9 10 10 10 10 10 10 9 8 5 2 1 1 1 4 6 7 7 6 4 2 2 0 0 0 0 0 0 0 0 0 0 0 0 0 0 0 0 0 0 0 0 0 0 0 0 0 0 0 0 0 0 0 0 0 0 0 0 0 0 0 0 0 0 0
20 21 21 19 19 19 19 21 23 24 24 24 24 25 25 26 26 26 25 25 22 20 19 17 14 11 8 7 6 7 8 8 10 12 12 12 12 12 12 10 6 2 1 1 1 4 4 6 6 4 2 0 0 0 0 0 0 0 0 0 0 0 0 0 0 0 0 0 0 0 0 0 0 0 0 0 0 0 0 0 0 0 0 0 0 0 0 0 0 0 0 0 0 0 0 0
20 21 21 19 19 19 19 21 24 24 25 24 24 25 25 26 26 25 25 24 22 21 19 16 13 8 7 6 5 5 7 8 9 11 12 12 12 12 12 11 7 2 1 1 2 4 5 6 6 3 0 0 0 0 0 0 0 0 0 0 0 0 0 0 0 0 0 0 0 0 0 0 0 0 0 0 0 0 0 0 0 0 0 0 0 0 0 0 0 0 0 0 0 0 0 0
20 21 21 20 19 19 20 21 23 24 24 23 23 24 25 26 26 25 24 24 22 21 19 15 12 7 5 4 3 4 5 6 7 9 10 9 9 10 10 10 8 5 4 4 4 6 7 7 7 3 0 0 0 0 0 0 0 0 0 0 0 0 0 0 0 0 0 0 0 0 0 0 0 0 0 0 0 0 0 0 0 0 0 0 0 0 0 0 0 0 0 0 0 0 0 0
20 20 20 20 19 19 20 22 23 23 24 22 23 24 25 26 26 25 24 23 22 20 18 15 10 6 3 3 2 2 4 4 5 7 8 8 8 8 8 9 9 8 6 6 7 8 8 7 7 4 1 0 0 0 0 0 0 0 0 0 0 0 0 0 0 0 0 0 0 0 0 0 0 0 0 0 0 0 0 0 0 0 0 0 0 0 0 0 0 0 0 0 0 0 0 0
20 19 19 20 19 19 21 22 23 23 23 22 22 23 24 26 25 24 23 23 21 20 17 13 9 4 2 0 1 1 2 2 3 5 6 6 6 5 6 8 10 11 9 8 10 10 9 8 7 5 2 0 0 0 0 0 0 1 1 0 0 0 0 0 0 0 0 0 0 0 0 0 0 0 0 0 0 0 0 0 0 0 0 0 0 0 0 0 0 0 0 0 0 0 0 0
19 18 18 19 20 20 22 22 22 22 22 21 21 22 23 25 25 24 22 22 21 19 16 12 8 3 0 0 0 0 2 2 2 3 4 5 5 4 6 8 10 11 11 10 11 11 11 9 8 5 2 0 0 0 0 0 0 1 1 1 0 0 0 0 0 0 0 0 0 0 0 0 0 0 0 0 0 0 0 0 0 0 0 0 0 0 0 0 0 0 0 0 0 0 0 0
18 17 17 18 20 20 22 22 21 21 21 20 20 21 23 25 25 23 21 21 20 18 14 9 6 2 0 0 0 0 1 1 1 2 4 4 4 3 5 8 10 12 12 11 12 12 12 11 9 6 3 1 0 0 0 0 0 0 2 2 0 0 0 0 0 0 0 0 0 0 0 0 0 0 0 0 0 0 0 0 0 0 0 0 0 0 0 0 0 0 0 0 0 0 0 0
17 16 16 17 19 20 22 22 20 20 19 19 19 20 22 24 23 23 21 20 19 16 10 6 3 2 0 0 0 0 1 1 1 2 2 2 2 2 5 8 11 13 13 12 13 14 14 13 11 8 4 2 1 1 0 0 0 0 2 4 2 0 0 0 0 0 0 0 0 0 0 0 0 0 0 0 0 0 0 0 0 0 0 0 0 0 0 0 0 0 0 0 0 0 0 0
17 16 16 16 19 21 22 21 19 19 18 18 18 19 21 22 22 22 21 19 17 14 8 3 1 1 0 0 0 0 1 1 1 1 1 1 1 1 5 8 11 14 14 14 15 16 16 16 13 9 5 3 2 1 0 0 0 0 3 5 5 2 0 0 0 0 0 0 0 0 0 0 0 0 0 0 0 0 0 0 0 0 0 0 0 0 0 0 0 0 0 0 0 0 0 0
17 16 16 16 18 21 22 20 18 18 18 18 18 18 20 21 21 20 19 18 16 12 7 2 1 1 1 1 1 1 1 1 1 1 1 1 1 1 5 8 11 14 14 14 15 17 17 16 14 11 7 4 3 2 1 1 0 1 4 6 8 5 0 0 0 0 0 0 0 0 0 0 0 0 0 0 0 0 0 0 0 0 0 0 0 0 0 0 0 0 0 0 0 0 0 0
17 16 16 16 17 20 21 19 17 17 18 18 18 18 19 19 18 17 17 16 14 11 7 3 3 2 2 2 2 2 1 1 1 1 1 1 1 1 4 7 10 12 14 15 16 17 18 17 15 12 8 5 3 2 1 1 1 2 5 8 9 8 4 0 0 0 0 0 0 0 0 0 0 0 0 0 0 0 0 0 0 0 0 0 0 0 0 0 0 0 0 0 0 0 0 0
18 17 16 16 17 19 19 18 17 17 18 19 18 18 18 17 15 13 13 13 13 11 8 5 5 4 4 4 3 3 1 1 1 1 1 1 1 1 4 7 9 11 13 15 17 18 18 17 16 14 11 7 4 2 2 2 2 2 6 8 10 10 5 0 0 0 0 0 0 0 0 0 0 0 0 0 0 0 0 0 0 0 0 0 0 0 0 0 0 0 0 0 0 0 0 0
18 18 17 16 17 17 19 17 17 17 18 20 19 17 17 16 13 10 10 10 12 11 10 7 5 5 5 5 5 3 2 1 1 1 1 1 1 1 4 6 8 9 12 15 17 18 18 17 17 16 12 8 5 3 2 2 2 3 7 10 11 10 6 0 0 0 0 0 0 0 0 0 0 0 0 0 0 0 0 0 0 0 0 0 0 0 0 0 0 0 0 0 0 0 0 0
18 18 18 16 17 17 17 17 17 17 18 20 19 16 15 15 11 9 9 10 12 11 10 7 7 7 7 7 5 4 2 1 1 1 1 1 1 1 4 6 8 10 12 14 17 18 18 18 18 16 13 9 5 3 3 3 3 4 7 10 11 11 7 1 0 0 0 0 0 0 0 0 0 0 0 0 0 0 0 0 0 0 0 0 0 0 0 0 0 0 0 0 0 0 0 0
18 19 19 18 18 18 18 17 16 16 18 20 19 17 15 13 10 9 9 11 12 11 9 8 8 8 8 8 5 4 3 2 1 1 1 1 1 3 5 7 9 11 12 14 16 17 17 17 18 17 13 9 6 3 3 3 3 4 8 11 11 11 6 0 0 0 0 0 0 0 0 0 0 0 0 0 0 0 0 0 0 0 0 0 0 0 0 0 0 0 0 0 0 0 0 0
18 20 20 19 19 19 18 17 16 16 19 20 20 17 14 12 10 10 11 12 13 12 9 7 7 8 8 8 5 5 3 2 1 1 1 1 2 3 6 8 10 12 13 13 14 16 16 17 18 17 13 9 6 4 3 3 3 5 8 10 11 10 5 0 0 0 0 0 0 0 0 0 0 0 0 0 0 0 0 0 0 0 0 0 0 0 0 0 0 0 0 0 0 0 0 0
18 20 20 20 20 20 19 17 16 16 19 20 20 17 14 11 10 10 12 14 14 12 9 7 7 8 8 7 5 5 3 3 1 1 1 1 3 5 8 10 12 14 13 12 12 14 16 17 18 16 13 9 6 4 3 3 3 4 7 9 11 10 5 0 0 0 0 0 0 0 0 0 0 0 0 0 0 0 0 0 0 0 0 0 0 0 0 0 0 0 0 0 0 0 0 0
19 21 21 22 21 21 19 18 17 17 19 20 20 16 14 11 10 10 13 14 14 12 9 7 7 8 8 7 6 5 4 3 2 2 2 2 4 7 9 11 13 14 13 11 11 13 14 16 17 16 12 10 7 5 4 4 3 3 6 8 9 8 3 0 0 0 0 0 0 0 0 0 0 0 0 0 0 0 0 0 0 0 0 0 0 0 0 0 0 0 0 0 0 0 0 0
19 21 21 22 21 21 20 19 18 18 20 20 20 16 14 12 11 11 13 13 13 11 10 8 8 8 8 8 6 5 4 4 3 3 3 5 7 10 12 12 13 14 12 10 10 12 13 15 16 15 12 10 8 7 6 5 3 2 3 5 6 4 0 0 0 0 0 0 0 0 0 0 0 0 0 0 0 0 0 0 0 0 0 0 0 0 0 0 0 0 0 0 0 0 0 0
19 22 22 22 22 22 20 19 19 19 20 20 19 16 14 12 12 12 13 13 12 11 10 9 9 9 9 8 6 5 4 4 3 3 4 5 8 11 12 13 14 14 12 10 10 11 13 14 15 14 12 11 9 8 7 5 2 1 2 3 4 3 0 0 0 0 0 0 0 0 0 0 0 0 0 0 0 0 0 0 0 0 0 0 0 0 0 0 0 0 0 0 0 0 0 0
20 22 22 22 22 22 21 20 19 20 20 20 18 16 14 13 12 12 13 13 11 10 10 11 10 8 8 8 7 6 4 4 4 4 5 7 11 14 14 14 13 13 11 10 10 10 11 12 14 13 12 12 11 11 9 4 0 0 0 0 0 0 0 0 0 0 0 0 0 0 0 0 0 0 0 0 0 0 0 0 0 0 0 0 0 0 0 0 0 0 0 0 0 0 0 0
21 22 22 22 22 22 21 21 21 21 21 19 18 15 15 14 13 13 12 12 11 11 11 12 11 8 8 8 8 6 4 4 4 4 6 10 13 16 16 15 13 12 10 10 10 10 10 12 12 12 12 12 12 11 7 0 0 0 0 0 0 0 0 0 0 0 0 0 0 0 0 0 0 0 0 0 0 0 0 0 0 0 0 0 0 0 0 0 0 0 0 0 0 0 0 0
22 23 23 22 22 22 21 20 20 20 20 19 18 15 14 13 13 12 12 12 10 10 10 12 12 9 9 9 9 8 5 4 4 4 6 10 13 16 17 16 13 12 10 10 10 10 10 12 13 11 11 11 11 7 1 0 0 0 0 0 0 0 0 0 0 0 0 0 0 0 0 0 0 0 0 0 0 0 0 0 0 0 0 0 0 0 0 0 0 0 0 0 0 0 0 0
25 24 24 23 23 23 20 20 19 19 20 19 17 15 13 12 11 11 11 11 10 10 10 11 11 10 11 11 11 9 6 4 3 4 5 9 13 16 17 17 14 12 10 10 10 10 11 12 13 11 9 10 8 2 0 0 0 0 0 0 0 0 0 0 0 0 0 0 0 0 0 0 0 0 0 0 0 0 0 0 0 0 0 0 0 0 0 0 0 0 0 0 0 0 0 0
27 26 25 24 23 23 20 19 18 19 19 18 17 14 13 12 11 10 10 11 11 10 10 10 11 12 12 12 13 10 7 4 3 3 4 8 12 15 18 18 14 12 10 10 10 10 12 14 14 11 8 4 3 0 0 0 0 0 0 0 0 0 0 0 0 0 0 0 0 0 0 0 0 0 0 0 0 0 0 0 0 0 0 0 0 0 0 0 0 0 0 0 0 0 0 0
29 28 27 26 24 23 20 19 18 18 19 18 17 14 12 11 10 9 10 11 11 10 10 10 11 13 13 14 14 12 7 4 3 3 4 8 11 14 17 18 14 12 10 10 10 11 13 14 14 11 5 0 0 0 0 0 0 0 0 0 0 0 0 0 0 0 0 0 0 0 0 0 0 0 0 0 0 0 0 0 0 0 0 0 0 0 0 0 0 0 0 0 0 0 0 0
32 30 28 27 25 24 21 19 18 18 18 19 17 13 11 10 9 9 10 12 12 11 10 10 11 12 13 14 14 12 8 5 3 3 5 8 11 14 16 17 14 12 10 10 10 11 14 15 15 12 6 0 0 0 0 0 0 0 0 0 0 0 0 0 0 0 0 0 0 0 0 0 0 0 0 0 0 0 0 0 0 0 0 0 0 0 0 0 0 0 0 0 0 0 0 0
33 31 30 28 26 24 21 19 17 17 18 19 18 13 10 9 8 8 11 13 13 11 11 11 11 12 13 14 14 12 9 6 4 4 5 9 12 14 14 15 13 11 10 10 10 12 14 15 15 12 7 0 0 0 0 0 0 0 0 0 0 0 0 0 0 0 0 0 0 0 0 0 0 0 0 0 0 0 0 0 0 0 0 0 0 0 0 0 0 0 0 0 0 0 0 0
35 33 32 30 27 25 22 19 17 17 17 19 18 13 9 7 7 9 12 13 13 12 11 10 10 11 12 13 13 12 9 6 4 4 6 10 12 13 13 13 11 11 10 10 10 13 14 15 15 13 7 0 0 0 0 0 0 0 0 0 0 0 0 0 0 0 0 0 0 0 0 0 0 0 0 0 0 0 0 0 0 0 0 0 0 0 0 0 0 0 0 0 0 0 0 0
36 34 33 31 28 26 22 19 17 17 17 19 18 13 9 7 7 9 11 13 13 12 10 9 9 10 11 12 11 11 9 7 4 4 7 11 12 12 12 12 11 11 11 11 11 13 14 15 14 13 7 0 0 0 0 0 0 0 0 0 0 0 0 0 0 0 0 0 0 0 0 0 0 0 0 0 0 0 0 0 0 0 0 0 0 0 0 0 0 0 0 0 0 0 0 0
35 34 34 31 28 26 22 19 17 17 17 18 17 12 9 7 7 8 10 12 12 11 9 8 9 9 10 12 11 11 9 7 4 4 7 10 12 12 12 12 11 11 11 11 12 13 14 14 13 11 7 0 0 0 0 0 0 0 0 0 0 0 0 0 0 0 0 0 0 0 0 0 0 0 0 0 0 0 0 0 0 0 0 0 0 0 0 0 0 0 0 0 0 0 0 0
33 33 33 31 28 26 22 20 17 17 16 16 15 12 11 8 8 8 9 10 10 8 7 7 8 8 9 10 11 11 9 7 5 5 5 9 11 12 12 12 11 11 12 13 13 13 13 12 10 8 5 0 0 0 0 0 0 0 0 0 0 0 0 0 0 0 0 0 0 0 0 0 0 0 0 0 0 0 0 0 0 0 0 0 0 0 0 0 0 0 0 0 0 0 0 0
32 32 33 31 28 26 22 20 17 17 15 14 13 12 12 10 8 8 8 8 8 6 5 6 7 7 8 9 10 10 8 6 5 5 5 8 10 11 12 12 12 13 14 15 14 13 12 9 6 4 1 0 0 0 0 0 0 0 0 0 0 0 0 0 0 0 0 0 0 0 0 0 0 0 0 0 0 0 0 0 0 0 0 0 0 0 0 0 0 0 0 0 0 0 0 0
30 31 31 31 28 25 22 20 17 17 15 13 12 12 12 11 8 8 7 7 6 4 4 6 6 6 6 7 9 9 8 6 5 5 5 7 9 10 11 12 14 14 16 16 15 13 10 6 2 1 0 0 0 0 0 0 0 0 0 0 0 0 0 0 0 0 0 0 0 0 0 0 0 0 0 0 0 0 0 0 0 0 0 0 0 0 0 0 0 0 0 0 0 0 0 0
27 29 29 29 28 24 22 19 17 17 14 12 11 11 11 10 8 8 7 7 5 4 4 6 6 6 6 7 8 8 6 5 5 5 5 6 8 9 11 12 14 14 15 15 14 11 8 3 0 0 0 0 0 0 0 0 0 0 0 0 0 0 0 0 0 0 0 0 0 0 0 0 0 0 0 0 0 0 0 0 0 0 0 0 0 0 0 0 0 0 0 0 0 0 0 0
27 26 26 26 25 23 21 19 17 16 13 11 11 11 11 10 9 9 8 7 6 5 5 7 7 6 6 6 7 7 5 4 5 5 5 6 7 8 10 11 14 14 14 14 12 8 5 0 0 0 0 0 0 0 0 0 0 0 0 0 0 0 0 0 0 0 0 0 0 0 0 0 0 0 0 0 0 0 0 0 0 0 0 0 0 0 0 0 0 0 0 0 0 0 0 0
26 24 23 23 23 21 20 19 17 15 13 11 11 11 11 10 10 10 9 8 7 6 7 8 7 6 6 6 6 6 4 4 5 5 5 6 6 7 9 11 13 14 13 13 9 5 3 0 0 0 0 0 0 0 0 0 0 0 0 0 0 0 0 0 0 0 0 0 0 0 0 0 0 0 0 0 0 0 0 0 0 0 0 0 0 0 0 0 0 0 0 0 0 0 0 0
24 21 20 20 20 19 19 18 17 15 13 11 11 11 11 11 11 11 9 9 8 9 9 9 7 7 7 7 6 6 4 4 5 6 6 5 5 5 7 10 12 13 12 11 7 3 0 0 0 0 0 0 0 0 0 0 0 0 0 0 0 0 0 0 0 0 0 0 0 0 0 0 0 0 0 0 0 0 0 0 0 0 0 0 0 0 0 0 0 0 0 0 0 0 0 0
22 18 17 18 18 17 17 17 16 15 13 12 11 11 11 11 11 11 10 10 9 10 10 10 8 8 7 7 7 6 4 4 5 6 5 5 4 4 6 9 12 12 11 9 6 1 0 0 0 0 0 0 0 1 1 0 0 0 0 0 0 0 0 0 0 0 0 0 0 0 0 0 0 0 0 0 0 0 0 0 0 0 0 0 0 0 0 0 0 0 0 0 0 0 0 0
19 16 15 15 16 15 14 14 14 14 14 12 12 11 11 11 11 11 11 11 11 12 12 11 10 10 10 9 8 6 5 5 6 6 5 3 3 2 4 7 11 11 10 9 6 2 0 0 0 0 0 0 1 1 1 0 0 0 0 0 0 0 0 0 0 0 0 0 0 0 0 0 0 0 0 0 0 0 0 0 0 0 0 0 0 0 0 0 0 0 0 0 0 0 0 0
17 14 13 13 14 13 12 12 12 13 14 12 12 11 11 11 11 11 12 12 12 13 14 12 11 11 11 11 9 7 6 6 7 6 5 2 1 1 2 6 9 10 9 9 7 2 0 0 0 0 0 0 0 0 0 0 0 0 0 0 0 0 0 0 0 0 0 0 0 0 0 0 0 0 0 0 0 0 0 0 0 0 0 0 0 0 0 0 0 0 0 0 0 0 0 0
14 11 11 11 12 10 9 9 10 13 14 13 12 11 11 11 11 12 12 12 13 15 15 13 11 12 13 13 11 8 7 7 7 6 5 2 0 0 0 5 8 9 9 8 7 3 0 0 0 0 0 0 0 0 0 0 0 0 0 0 0 0 0 0 0 0 0 0 0 0 0 0 0 0 0 0 0 0 0 0 0 0 0 0 0 0 0 0 0 0 0 0 0 0 0 0
12 10 8 9 9 8 8 8 10 12 13 13 13 11 11 12 12 12 13 13 14 15 15 13 12 13 15 14 12 10 9 9 8 6 5 1 0 0 0 3 6 6 7 7 7 3 0 0 0 0 0 0 0 0 0 0 0 0 0 0 0 0 0 0 0 0 0 0 0 0 0 0 0 0 0 0 0 0 0 0 0 0 0 0 0 0 0 0 0 0 0 0 0 0 0 0
11 8 7 7 8 7 7 7 10 11 13 13 12 12 12 13 13 13 13 13 15 15 15 13 12 13 15 15 13 12 11 11 10 7 5 1 0 0 0 2 4 6 6 6 6 2 0 0 0 0 0 0 0 0 0 0 0 0 0 0 0 0 0 0 0 0 0 0 0 0 0 0 0 0 0 0 0 0 0 0 0 0 0 0 0 0 0 0 0 0 0 0 0 0 0 0
11 7 7 6 6 6 7 7 9 11 12 13 12 12 13 14 14 14 14 14 14 14 14 12 12 12 14 15 15 14 14 13 11 8 5 0 0 0 0 0 3 3 3 3 3 0 0 0 0 0 0 0 0 0 0 0 0 0 0 0 0 0 0 0 0 0 0 0 0 0 0 0 0 0 0 0 0 0 0 0 0 0 0 0 0 0 0 0 0 0 0 0 0 0 0 0
10 7 7 7 7 6 7 7 9 9 10 12 12 12 14 16 16 15 14 14 14 14 13 12 12 12 13 15 16 17 16 15 12 8 5 1 0 0 0 0 2 2 3 3 2 0 0 0 0 0 0 0 0 0 0 0 0 0 0 0 0 0 0 0 0 0 0 0 0 0 0 0 0 0 0 0 0 0 0 0 0 0 0 0 0 0 0 0 0 0 0 0 0 0 0 0
9 9 9 8 8 8 8 8 9 9 11 12 12 12 15 16 16 15 14 14 13 13 13 12 12 12 13 15 16 17 17 16 12 8 5 1 0 0 0 1 2 3 3 3 1 0 0 0 0 0 0 0 0 0 0 0 0 0 0 0 0 0 0 0 0 0 0 0 0 0 0 0 0 0 0 0 0 0 0 0 0 0 0 0 0 0 0 0 0 0 0 0 0 0 0 0
9 9 9 8 8 8 8 8 9 9 11 12 12 13 15 16 15 15 13 13 12 12 12 12 12 13 13 15 15 17 17 15 12 8 5 1 0 0 1 3 5 5 5 5 2 1 0 0 0 0 0 0 0 0 0 0 0 0 0 0 0 0 0 0 0 0 0 0 0 0 0 0 0 0 0 0 0 0 0 0 0 0 0 0 0 0 0 0 0 0 0 0 0 0 0 0
9 9 9 8 7 7 7 8 9 9 9 11 12 14 15 16 15 14 12 12 11 11 11 12 12 13 13 14 14 14 14 13 11 8 4 1 1 1 3 6 9 10 10 8 5 3 0 0 0 0 0 0 0 0 0 0 0 0 0 0 0 0 0 0 0 0 0 0 0 0 0 0 0 0 0 0 0 0 0 0 0 0 0 0 0 0 0 0 0 0 0 0 0 0 0 0
9 9 9 8 6 5 7 8 8 8 9 11 12 14 15 16 15 14 12 11 11 11 11 12 12 13 13 14 13 13 12 10 9 7 4 2 2 3 5 8 12 13 13 12 8 4 1 0 1 0 0 0 0 0 0 0 0 0 0 0 0 0 0 0 0 0 0 0 0 0 0 0 0 0 0 0 0 0 0 0 0 0 0 0 0 0 0 0 0 0 0 0 0 0 0 0
9 9 9 6 4 5 8 8 7 7 8 10 12 13 15 15 14 14 11 11 11 11 11 13 13 13 13 14 12 12 11 9 7 6 4 3 3 4 7 11 15 16 16 15 11 7 3 1 1 0 0 0 0 0 0 0 0 0 0 0 0 0 0 0 0 0 0 0 0 0 0 0 0 0 0 0 0 0 0 0 0 0 0 0 0 0 0 0 0 0 0 0 0 0 0 0
9 9 9 5 3 6 9 9 6 6 6 8 10 12 14 15 14 14 11 11 11 11 11 13 14 14 14 14 12 11 9 8 7 5 4 3 3 6 9 12 15 16 16 16 13 11 7 2 1 0 0 0 0 0 0 0 0 0 0 0 0 0 0 0 0 0 0 0 0 0 0 0 0 0 0 0 0 0 0 0 0 0 0 0 0 0 0 0 0 0 0 0 0 0 0 0
9 9 9 5 3 6 9 9 6 6 6 5 8 10 13 14 14 14 11 11 11 12 12 14 14 15 15 14 12 11 8 8 6 5 4 3 4 8 10 12 14 14 15 16 15 14 12 5 1 0 0 0 0 0 0 0 0 0 0 0 0 0 0 0 0 0 0 0 0 0 0 0 0 0 0 0 0 0 0 0 0 0 0 0 0 0 0 0 0 0 0 0 0 0 0 0
9 9 9 6 3 6 9 8 7 7 6 5 7 9 12 14 14 13 11 11 11 12 12 15 15 15 15 14 12 10 8 7 6 5 4 4 5 9 11 13 13 13 15 16 17 16 15 6 0 0 0 0 0 0 0 0 0 0 0 0 0 0 0 0 0 0 0 0 0 0 0 0 0 0 0 0 0 0 0 0 0 0 0 0 0 0 0 0 0 0 0 0 0 0 0 0
9 8 8 6 2 6 9 8 8 8 7 6 5 7 11 13 13 13 12 12 12 13 13 15 15 14 14 14 11 9 7 7 6 5 4 4 5 10 12 13 12 11 14 16 18 19 18 8 0 0 0 0 0 0 0 0 0 0 0 0 0 0 0 0 0 0 0 0 0 0 0 0 0 0 0 0 0 0 0 0 0 0 0 0 0 0 0 0 0 0 0 0 0 0 0 0
9 8 7 3 2 5 8 8 8 8 7 6 5 6 10 12 12 12 12 12 12 13 13 14 14 13 14 13 11 8 6 6 7 6 4 4 6 9 12 13 11 11 14 17 19 21 20 10 0 0 0 0 0 0 0 0 0 0 0 0 0 0 0 0 0 0 0 0 0 0 0 0 0 0 0 0 0 0 0 0 0 0 0 0 0 0 0 0 0 0 0 0 0 0 0 0
8 7 4 1 2 5 8 8 8 7 5 4 4 6 8 10 11 12 14 14 14 15 13 12 11 11 12 12 9 7 5 5 8 7 6 5 6 8 11 11 11 11 15 17 18 20 19 11 2 0 0 0 0 0 0 0 0 0 0 0 0 0 0 0 0 0 0 0 0 0 0 0 0 0 0 0 0 0 0 0 0 0 0 0 0 0 0 0 0 0 0 0 0 0 0 0
8 5 2 2 5 6 7 7 7 6 4 4 5 6 7 9 10 12 13 14 16 15 12 9 8 9 11 10 8 4 3 5 9 10 8 6 6 7 9 10 10 11 15 17 18 18 17 12 5 0 0 0 0 0 0 0 0 0 0 0 0 0 0 0 0 0 0 0 0 0 0 0 0 0 0 0 0 0 0 0 0 0 0 0 0 0 0 0 0 0 0 0 0 0 0 0
7 6 3 5 8 8 7 7 8 6 5 6 6 5 6 7 8 10 12 14 15 15 11 7 5 6 9 8 6 3 1 4 10 11 9 7 7 7 8 8 9 11 15 17 16 16 16 12 6 0 0 0 0 0 0 0 0 0 0 0 0 0 0 0 0 0 0 0 0 0 0 0 0 0 0 0 0 0 0 0 0 0 0 0 0 0 0 0 0 0 0 0 0 0 0 0
6 7 6 8 8 8 7 8 9 7 5 5 5 4 4 6 6 8 11 14 15 14 10 5 4 6 8 8 5 3 1 4 10 11 10 9 7 7 7 7 9 11 14 16 15 14 13 12 7 0 0 0 0 0 0 0 0 0 0 0 0 0 0 0 0 0 0 0 0 0 0 0 0 0 0 0 0 0 0 0 0 0 0 0 0 0 0 0 0 0 0 0 0 0 0 0
7 9 9 8 8 7 7 9 10 8 5 5 5 4 4 5 5 6 9 10 11 11 8 4 4 6 7 8 6 3 2 5 9 11 11 9 8 8 8 8 9 10 13 15 14 12 11 10 6 0 0 0 0 0 0 0 0 0 0 0 0 0 0 0 0 0 0 0 0 0 0 0 0 0 0 0 0 0 0 0 0 0 0 0 0 0 0 0 0 0 0 0 0 0 0 0
8 9 9 8 7 6 8 11 12 9 6 5 5 4 5 5 3 4 6 7 8 8 5 4 4 6 7 8 6 5 4 5 8 10 10 9 9 9 8 8 8 8 11 13 12 10 8 7 4 0 0 0 0 0 0 0 0 0 0 0 0 0 0 0 0 0 0 0 0 0 0 0 0 0 0 0 0 0 0 0 0 0 0 0 0 0 0 0 0 0 0 0 0 0 0 0
9 9 9 7 5 5 9 13 13 11 7 6 5 5 5 4 2 2 3 4 5 5 3 2 3 6 7 7 7 7 6 6 7 9 10 9 9 9 9 8 7 7 10 11 10 8 6 4 2 0 0 0 0 0 0 0 0 0 0 0 0 0 0 0 0 0 0 0 0 0 0 0 0 0 0 0 0 0 0 0 0 0 0 0 0 0 0 0 0 0 0 0 0 0 0 0
9 9 9 7 4 5 9 14 14 12 9 8 7 6 6 4 3 2 2 2 2 2 1 2 3 5 6 6 6 6 5 5 6 8 9 8 8 9 8 7 6 6 8 9 8 6 3 1 1 0 0 0 0 0 0 0 0 0 0 0 0 0 0 0 0 0 0 0 0 0 0 0 0 0 0 0 0 0 0 0 0 0 0 0 0 0 0 0 0 0 0 0 0 0 0 0
