geo_cache/7-0/elevation.txt
ncols         949
nrows         918
xllcorner     -70.68888888888888
yllcorner     41.76
cellsize      1.0E-5
NODATA_value  -9999
[rows 402 to 468 of 918, columns 0 to 95 of 949]
42 38 39 47 55 59 57 51 46 43 39 38 37 36 35 34 34 35 37 36 37 40 42 42 47 53 55 57 59 63 67 70 70 65 57 44 30 28 28 28 28 28 28 32 35 34 32 34 34 31 28 32 34 33 31 32 38 41 35 28 28 28 28 28 28 28 28 28 28 28 28 28 28 28 28 32 36 38 39 38 37 39 39 41 41 44 46 47 49 50 52 53 54 57 57 56
45 41 42 49 55 58 56 49 44 41 38 37 37 38 37 37 37 38 40 38 38 41 42 45 49 55 57 57 61 65 69 71 70 65 57 36 28 28 28 28 28 28 30 33 34 33 32 33 34 31 29 32 34 35 36 38 42 45 40 35 32 28 28 28 28 28 28 28 28 28 28 28 28 28 28 28 31 36 40 41 41 41 40 40 41 43 46 47 49 50 53 55 56 56 56 54
47 45 47 51 54 56 52 46 43 39 36 36 36 39 40 39 41 41 43 42 41 43 44 47 52 56 58 59 62 67 70 71 69 62 55 35 28 28 28 28 28 29 31 33 33 32 32 32 33 31 30 32 34 36 39 42 46 47 43 39 37 35 35 35 31 28 28 28 28 28 28 28 28 28 28 28 28 32 41 44 44 43 40 39 39 42 46 46 49 50 54 57 57 56 55 52
50 50 52 53 54 53 49 44 41 37 34 35 36 40 42 42 44 45 46 45 44 44 47 50 55 58 60 61 64 69 72 71 67 59 52 34 28 28 28 27 28 30 32 32 32 32 32 32 32 32 32 32 33 38 44 47 50 50 47 43 40 40 42 42 38 30 28 28 28 28 28 28 28 28 28 28 28 28 39 46 45 43 40 38 38 40 44 46 48 50 54 57 57 56 54 50
52 54 56 56 54 50 46 42 39 35 33 34 36 41 43 45 47 48 49 49 46 46 49 53 57 60 62 63 65 70 72 71 66 58 51 37 28 27 27 26 28 31 32 32 32 32 32 32 32 32 33 33 35 40 46 49 51 52 49 46 43 43 44 44 40 36 30 28 28 28 28 28 28 28 28 28 28 28 34 43 45 43 40 37 36 38 42 43 46 49 52 55 56 55 53 49
52 55 57 56 53 49 45 42 38 36 35 36 38 42 43 45 47 49 50 51 49 48 51 55 58 61 63 64 67 70 72 71 65 58 50 41 31 28 26 26 29 32 33 32 32 33 34 35 35 35 35 36 38 41 47 50 52 53 52 49 47 47 48 47 43 39 34 28 28 28 28 28 28 28 28 28 28 28 28 36 43 43 40 36 34 36 39 41 45 48 50 52 53 54 52 49
49 53 55 56 53 49 46 42 40 39 38 39 40 42 42 43 45 48 51 52 51 51 53 57 59 62 64 65 67 70 72 71 65 58 49 41 32 29 26 26 31 34 34 34 33 34 36 36 37 36 36 38 40 43 48 50 53 53 53 51 50 50 50 49 44 41 41 34 28 28 28 28 28 28 28 28 28 28 28 32 39 41 39 35 32 32 36 38 42 47 48 48 50 51 50 48
46 49 52 54 53 50 47 43 42 43 43 42 42 43 41 41 42 46 51 54 53 54 56 58 61 63 65 66 68 71 72 70 65 58 49 41 33 30 27 28 32 35 35 35 34 35 38 38 39 38 37 40 43 45 48 50 52 53 54 53 52 53 53 51 46 44 45 41 32 27 27 28 28 28 28 28 28 28 28 28 35 40 38 34 30 30 33 36 41 45 45 45 47 48 48 46
43 45 48 51 52 51 48 45 44 46 47 46 45 43 40 39 40 45 51 55 56 57 58 60 61 63 65 67 68 71 72 70 65 58 50 42 36 33 31 32 34 37 37 36 35 36 39 40 41 40 40 42 44 46 47 49 50 52 54 54 54 54 54 51 48 46 46 42 33 27 27 28 28 28 28 28 28 28 28 28 34 40 39 33 30 30 32 34 39 43 43 43 44 46 46 43
40 42 46 49 51 51 48 46 46 48 49 48 47 44 40 39 41 45 51 55 57 59 60 60 61 63 64 65 65 67 68 67 64 59 52 46 41 39 37 36 36 38 38 37 36 37 40 41 42 42 42 45 46 46 47 48 48 49 52 54 54 54 54 51 49 47 46 43 35 30 29 28 28 28 28 28 28 28 28 28 34 40 40 35 30 29 31 33 38 40 41 41 42 43 43 40
35 39 44 47 49 50 48 47 47 49 50 49 48 46 42 41 43 46 51 55 58 60 61 61 61 61 62 62 62 62 63 64 63 59 55 50 47 45 43 41 39 39 40 38 36 37 39 41 43 44 46 47 47 47 46 46 46 47 49 51 53 54 53 51 49 48 46 42 36 32 31 30 28 28 28 28 28 28 28 28 34 41 41 37 30 28 30 32 36 39 39 38 39 41 42 36
32 34 41 45 47 49 48 48 48 50 51 50 50 47 44 44 47 47 50 55 59 61 63 62 59 59 60 58 58 58 58 60 62 60 57 54 53 52 49 45 41 40 40 38 36 37 39 40 43 46 48 49 48 46 45 44 44 44 46 50 52 53 53 51 50 49 45 41 36 33 32 32 30 28 28 28 28 28 28 28 32 40 42 37 31 28 29 32 36 38 38 37 37 39 40 35
31 33 39 42 44 46 48 48 49 50 51 51 51 48 46 46 49 49 50 54 59 61 63 62 58 57 56 55 54 54 55 58 61 61 58 56 56 56 53 49 44 42 41 38 36 36 38 40 43 47 49 50 49 46 44 44 43 43 45 49 51 52 52 51 50 49 45 42 38 33 32 32 31 28 28 28 28 28 28 28 28 32 38 37 32 29 31 33 36 37 37 36 35 37 39 35
31 33 38 41 43 44 46 47 49 50 50 50 50 48 47 47 49 50 50 53 59 61 63 60 56 55 54 53 51 51 53 56 59 60 58 57 57 56 54 50 46 43 41 39 35 35 37 39 43 48 49 50 48 46 44 43 43 43 45 49 52 52 51 50 50 50 46 43 38 34 32 32 32 29 28 27 27 27 28 28 27 27 33 37 32 31 34 34 36 36 36 35 33 34 37 35
32 35 39 41 42 43 43 45 47 47 47 47 48 48 46 48 49 50 50 53 58 60 61 57 53 52 52 51 49 50 51 54 58 59 58 57 56 56 55 52 48 44 42 39 34 34 35 39 43 47 49 50 47 45 44 43 43 43 45 50 53 52 51 48 48 49 47 44 40 35 32 31 31 29 27 27 27 27 28 28 27 27 32 34 32 33 36 36 36 36 36 33 30 32 36 36
32 38 40 42 42 41 41 42 44 45 44 44 45 46 46 47 49 50 50 53 57 59 58 54 50 49 50 49 48 48 50 53 57 58 57 55 54 54 55 53 49 46 42 38 34 33 34 38 43 47 49 49 45 45 44 43 43 43 45 51 54 52 50 46 46 49 48 45 40 35 31 30 29 28 27 27 27 27 28 30 29 29 32 31 31 34 37 37 36 36 36 32 29 30 34 33
38 40 42 42 42 39 38 39 42 42 40 41 42 43 44 46 48 49 50 52 57 57 56 51 47 46 47 47 46 46 49 52 54 55 54 52 52 52 54 53 50 47 42 38 33 31 32 37 41 45 48 48 45 45 44 43 43 43 46 51 54 52 49 44 45 47 46 44 40 34 29 28 28 27 27 27 27 27 29 35 33 30 30 30 30 35 38 38 36 36 35 32 28 26 27 27
40 41 42 42 41 38 37 37 40 39 38 38 39 41 43 45 47 49 50 52 56 56 55 50 45 45 45 44 44 45 47 49 51 52 52 49 49 49 52 53 51 48 43 38 32 31 31 35 39 43 46 47 45 45 45 44 43 43 46 51 53 51 48 43 42 44 43 42 37 31 28 28 28 28 28 28 28 28 30 36 34 30 30 30 30 35 38 38 38 37 35 32 26 25 25 25
40 41 41 41 40 37 36 36 39 38 37 37 38 40 42 44 47 49 50 52 56 56 54 48 44 43 43 43 43 43 46 47 49 50 50 47 47 47 50 52 51 49 44 38 32 30 31 34 38 41 45 47 46 46 47 46 45 44 47 50 52 49 47 42 41 41 40 39 34 28 28 28 28 28 28 28 28 28 31 36 34 30 30 30 31 36 38 39 39 38 35 31 26 25 25 25
39 39 39 40 40 36 36 36 38 37 36 36 37 39 41 44 46 50 51 52 56 56 53 48 44 42 42 41 41 42 45 46 47 48 48 45 45 45 48 51 51 49 45 39 32 30 30 33 36 40 45 47 47 47 47 47 45 45 47 50 51 48 47 41 40 39 38 37 33 28 28 28 28 28 28 28 28 28 31 36 34 30 29 29 31 36 38 39 39 39 35 31 29 27 25 25
35 36 36 38 39 36 36 36 37 36 35 36 36 38 41 44 46 50 51 53 57 57 53 47 42 40 39 39 39 41 44 44 44 45 44 43 42 43 46 49 50 50 46 39 33 30 30 32 34 38 43 47 48 49 49 47 46 46 47 49 49 47 45 41 38 36 35 33 30 28 28 28 28 28 28 28 28 28 31 36 36 31 28 28 31 35 37 38 39 39 36 33 33 29 25 25
33 33 34 36 37 36 35 36 37 35 35 35 35 37 40 43 46 49 51 53 57 57 53 46 42 39 38 37 38 40 43 43 43 43 42 41 41 41 44 47 49 49 46 39 33 31 30 32 33 38 42 47 49 50 51 50 48 48 48 48 48 45 43 40 36 31 30 30 28 28 28 28 28 28 28 28 28 28 31 39 38 33 28 28 30 34 36 37 38 39 38 36 36 31 25 25
32 30 31 32 32 32 34 36 37 35 35 35 35 37 39 42 45 48 50 52 56 56 52 46 41 38 38 37 37 40 42 42 42 41 40 40 40 41 43 46 47 48 45 40 35 32 31 32 35 38 42 47 50 52 53 51 50 50 49 48 48 44 42 38 34 28 27 28 28 28 28 28 28 28 28 31 28 30 38 41 40 34 29 29 31 34 35 35 38 40 41 41 40 35 26 25
32 28 27 28 28 28 31 36 38 37 36 36 37 37 38 41 44 46 48 50 54 54 50 44 41 38 38 37 37 39 41 42 41 41 40 40 40 40 42 44 45 47 45 40 35 35 34 34 37 40 43 48 51 52 53 53 52 51 50 48 46 42 39 36 32 27 27 27 28 28 28 28 28 28 30 37 35 38 43 43 41 35 29 29 31 33 33 33 37 41 44 44 43 39 32 25
33 28 27 28 28 28 28 33 39 39 38 37 37 37 37 39 42 43 45 48 52 52 48 43 40 38 38 37 37 39 41 43 42 41 39 39 39 40 41 43 44 45 44 40 37 38 37 36 40 42 44 49 52 53 54 54 53 52 51 48 44 40 37 33 30 27 28 28 28 28 28 28 28 28 37 40 40 43 45 44 42 36 29 29 31 33 33 33 37 41 45 46 44 41 36 30
32 28 27 28 28 27 27 29 38 40 39 39 38 37 37 39 41 42 43 46 49 49 46 42 40 39 39 38 38 38 40 43 43 41 39 39 39 41 41 43 43 44 43 41 39 40 39 38 43 44 46 50 53 54 55 55 54 53 49 45 41 37 35 31 29 28 29 29 28 28 28 28 29 34 41 41 42 45 45 45 42 37 30 30 33 34 33 34 37 41 46 46 45 41 37 32
30 28 28 28 28 27 27 28 38 40 41 40 39 37 37 39 40 41 42 44 47 47 44 42 41 40 40 38 37 38 40 43 44 41 39 39 40 41 42 43 43 43 45 43 42 43 41 41 46 47 48 52 54 56 56 56 54 51 46 41 38 35 32 30 28 28 29 29 29 31 32 32 33 37 41 42 43 45 45 44 42 38 33 33 36 37 37 38 39 42 44 44 44 42 39 35
31 28 28 28 28 28 28 28 37 40 42 41 40 37 37 39 40 41 42 43 45 45 42 42 43 43 42 37 35 36 39 43 44 42 40 40 41 42 42 43 43 43 46 47 46 45 43 44 49 51 51 53 57 58 58 56 53 49 43 36 34 32 30 29 29 29 29 29 31 35 37 37 37 38 41 43 44 45 44 43 42 39 35 35 39 41 42 42 42 42 44 44 43 42 40 38
29 28 28 28 28 28 28 28 32 39 42 42 41 39 39 40 42 43 44 44 43 42 41 42 45 46 44 38 34 34 38 43 45 43 40 41 41 42 42 42 42 44 47 50 50 47 45 47 52 54 54 55 58 60 58 55 51 46 40 33 31 30 30 29 28 28 29 29 33 38 40 39 39 39 40 43 45 45 42 41 41 40 36 37 41 43 44 44 43 43 43 43 43 42 40 40
28 28 28 28 28 28 27 27 29 38 42 42 42 40 40 42 43 44 45 45 42 39 39 42 46 47 45 39 34 34 38 43 45 44 41 41 42 42 42 42 42 44 48 52 54 49 47 49 53 55 55 56 59 60 58 54 49 44 38 32 29 29 29 29 28 28 29 30 34 39 41 41 40 40 40 43 44 43 40 39 40 40 37 38 42 45 46 46 45 44 43 43 43 42 41 41
28 28 28 28 28 28 27 27 31 38 43 43 43 42 42 44 45 46 47 45 41 38 37 42 46 48 46 40 35 34 38 43 46 45 43 43 43 43 42 42 43 45 49 55 56 52 49 51 55 57 57 57 59 58 56 52 47 42 36 31 28 28 29 30 29 29 29 31 35 39 41 41 41 40 40 42 42 41 39 37 39 40 38 39 44 46 46 47 45 45 44 44 44 43 42 42
28 28 28 28 28 27 27 27 34 39 43 44 44 43 44 45 46 47 47 45 39 35 36 40 45 47 46 41 38 37 40 44 46 46 45 45 46 45 44 44 44 45 50 55 57 54 51 52 55 58 58 57 58 57 54 50 45 39 35 32 29 28 29 31 31 30 31 33 36 37 38 40 40 40 40 42 40 38 37 36 39 40 39 40 44 46 46 46 46 46 47 47 46 44 43 43
28 28 28 28 28 27 27 27 35 41 43 44 45 44 45 47 48 48 47 45 38 33 35 39 42 45 45 42 41 40 42 45 47 48 47 48 49 48 47 46 45 46 51 56 58 57 54 53 57 58 58 57 56 55 51 47 42 37 35 33 30 30 30 32 34 32 33 34 35 35 37 39 40 39 40 41 39 36 36 36 39 41 39 41 45 47 46 46 46 47 49 49 48 45 44 44
28 28 28 28 28 27 30 33 38 41 44 45 45 45 46 48 48 48 47 44 37 33 35 38 41 44 44 44 43 44 45 46 48 49 49 49 50 50 50 48 47 48 52 56 58 58 56 54 57 58 58 56 55 52 49 45 41 37 35 34 32 32 32 34 36 34 35 36 35 35 36 38 39 39 40 41 38 36 36 36 39 41 40 41 45 47 46 46 46 48 50 50 49 46 44 45
28 28 28 27 27 27 33 40 41 42 45 45 46 46 46 48 48 47 46 43 36 33 35 37 41 44 44 45 46 47 47 47 49 50 51 52 52 53 52 50 49 49 53 57 59 59 56 55 57 58 57 55 53 49 47 43 40 37 35 35 34 34 35 37 38 37 37 38 36 35 35 37 38 37 38 40 39 38 39 38 41 43 41 41 45 47 46 46 47 49 51 51 49 46 44 43
28 28 28 27 29 31 36 41 42 43 45 45 46 45 45 45 46 45 43 42 37 36 38 41 42 44 44 47 48 49 49 48 50 51 52 53 53 53 53 52 50 51 54 57 59 59 56 56 56 57 55 53 51 46 44 42 40 38 36 36 36 38 39 41 41 40 39 39 37 36 36 37 37 35 37 40 41 42 43 42 44 44 43 42 45 47 47 47 48 50 51 51 48 46 44 42
32 32 32 32 36 37 39 41 43 44 45 45 44 43 41 41 41 41 39 38 39 41 44 45 45 45 45 48 50 52 50 49 50 52 53 54 54 54 55 54 53 53 55 56 58 58 56 56 56 56 55 52 48 44 41 41 41 39 37 37 39 42 43 44 43 42 41 40 38 37 37 36 36 35 36 40 44 45 46 46 46 45 44 43 46 48 49 49 49 51 51 50 48 46 44 41
40 40 40 40 40 40 41 42 44 45 45 44 43 41 39 38 38 38 36 37 40 44 48 49 47 46 47 49 53 53 51 50 51 53 54 55 55 55 55 55 55 55 56 56 57 57 57 57 57 55 54 51 47 43 41 41 42 41 39 39 42 45 46 47 46 44 43 42 40 39 38 36 36 35 35 41 46 47 47 47 47 45 44 44 46 49 50 50 51 52 52 50 48 46 44 41
45 45 45 45 44 43 43 44 44 45 45 44 43 40 38 37 37 36 35 37 42 48 52 52 49 49 49 52 54 56 53 51 52 54 55 55 55 56 57 57 57 57 57 57 57 57 57 56 56 55 53 50 47 43 41 42 44 43 41 42 45 47 48 49 47 46 44 43 41 40 39 38 37 37 39 44 49 48 47 47 47 44 42 44 47 50 52 53 54 55 54 52 49 47 44 41
46 47 48 48 47 46 45 45 44 44 44 44 43 41 38 37 37 36 36 38 44 49 53 53 52 52 52 54 56 57 55 54 54 54 56 56 56 56 57 58 58 58 58 58 57 57 57 56 56 54 52 49 48 46 44 45 45 45 44 45 47 49 50 49 48 47 45 44 43 42 41 41 39 39 42 48 52 49 46 46 44 41 39 44 48 52 55 56 57 57 56 54 51 47 45 41
47 48 48 48 48 46 45 44 44 44 44 44 44 42 41 39 38 38 38 40 45 49 53 54 54 54 54 56 57 57 57 55 55 55 56 56 56 56 56 58 58 58 58 58 58 58 57 56 56 53 52 50 49 48 47 47 47 46 45 47 50 51 51 50 49 47 46 45 44 43 43 43 42 42 46 51 54 50 45 45 43 39 38 44 49 53 57 58 60 59 58 55 52 48 45 42
47 48 49 49 49 47 45 44 43 43 43 43 43 44 44 42 40 40 41 43 46 50 52 54 57 57 57 58 58 59 58 57 57 56 56 56 56 56 56 59 59 59 59 59 59 59 57 56 55 53 52 51 51 51 50 50 49 48 48 50 52 53 53 52 50 48 47 47 45 45 46 46 45 45 49 54 56 51 45 44 42 37 37 44 50 56 59 60 62 61 59 57 54 50 46 44
46 48 49 49 49 48 45 44 43 43 43 43 43 46 46 44 42 42 44 46 48 50 52 55 59 59 59 59 59 60 59 58 57 57 55 55 55 56 56 60 60 60 59 59 58 58 57 56 55 52 52 51 51 52 52 52 51 51 50 52 53 54 54 52 51 50 49 49 48 47 48 48 47 48 51 55 57 52 44 43 41 37 38 45 53 57 60 61 62 62 60 58 55 52 49 47
46 48 49 50 50 48 45 44 44 44 44 45 46 49 50 48 46 45 46 48 49 50 52 55 59 60 60 60 60 60 59 59 57 57 55 55 55 56 57 60 60 61 60 59 58 58 57 56 55 52 52 51 51 52 54 55 54 54 53 53 54 54 54 53 53 52 52 52 50 50 51 51 50 51 53 57 58 52 45 42 39 37 40 48 55 59 61 61 62 62 60 59 56 54 52 50
46 47 49 51 51 48 46 45 47 47 48 49 50 52 53 52 50 48 49 50 50 50 52 54 58 60 60 61 61 60 58 58 57 57 55 55 55 56 57 60 60 60 60 60 58 57 56 55 54 52 52 52 52 52 55 56 56 57 56 54 54 55 55 54 54 55 55 54 53 53 53 53 53 53 56 58 59 53 46 42 38 38 43 50 57 60 62 62 62 62 60 60 57 56 54 53
46 47 49 51 51 48 47 47 49 50 51 52 53 55 56 55 53 51 52 52 51 51 52 53 57 60 60 61 60 59 58 58 57 56 55 55 55 56 57 59 59 60 60 60 57 56 55 54 53 52 52 53 53 53 56 58 59 60 58 56 55 54 54 54 55 57 57 56 55 55 56 56 55 55 58 60 59 54 47 42 39 40 46 53 59 62 62 63 62 62 61 60 58 57 56 55
47 47 48 51 51 48 47 49 51 53 54 55 56 58 59 58 55 53 54 54 51 51 52 52 56 59 60 61 60 58 58 58 56 56 55 55 55 56 56 59 59 59 60 60 57 56 54 53 52 51 51 52 52 53 57 58 60 60 59 57 56 55 55 55 57 58 58 57 57 57 58 58 56 56 58 60 59 55 50 46 43 44 49 56 61 63 63 63 63 63 61 60 58 58 58 57
47 47 47 50 50 49 48 50 52 55 56 56 57 59 59 58 56 54 54 54 52 51 52 52 56 59 60 61 60 58 58 58 57 56 55 55 55 56 56 58 58 58 60 60 58 56 53 52 51 50 50 52 52 54 57 57 59 60 59 58 58 57 58 58 59 59 59 59 59 59 60 59 57 57 58 60 59 57 54 50 47 48 52 58 63 64 63 62 62 62 61 60 59 59 60 59
48 48 48 50 50 49 49 52 54 56 57 57 58 60 60 57 56 54 54 54 52 52 52 53 55 58 60 60 59 58 58 58 58 57 56 55 56 57 57 57 57 59 61 61 58 57 53 51 49 49 49 52 53 54 57 57 58 59 59 59 59 60 61 61 61 60 60 60 60 61 61 61 58 58 58 60 60 59 58 53 51 52 55 60 65 64 62 61 61 61 60 59 60 60 60 60
49 49 49 50 50 50 51 54 56 57 57 59 59 60 60 57 55 53 53 52 52 52 52 53 55 58 59 59 58 58 58 58 58 58 57 57 57 57 57 57 57 59 61 61 58 57 53 50 48 47 48 52 54 56 56 56 57 58 58 59 60 62 63 64 63 60 60 60 62 63 64 62 60 58 59 61 60 60 60 57 55 56 58 62 66 64 61 60 61 61 59 59 60 60 60 60
50 51 50 50 50 50 52 55 58 58 58 59 60 60 59 57 55 53 52 51 52 52 53 54 55 58 59 59 57 57 58 59 60 59 58 58 58 58 58 57 57 59 61 61 58 57 53 50 48 48 49 52 55 57 55 55 55 56 57 59 62 64 65 66 65 62 61 62 63 64 64 63 61 60 61 61 61 61 60 59 59 60 61 63 66 64 61 60 61 61 58 58 59 60 60 59
51 53 51 51 52 53 55 57 59 59 58 59 60 59 57 55 54 52 51 51 53 53 54 55 56 58 59 58 57 57 57 59 60 60 58 58 58 58 58 57 57 59 61 61 58 56 53 50 49 50 52 53 55 57 55 54 54 55 57 60 63 65 66 67 66 64 63 64 64 66 64 63 62 62 63 62 61 61 62 61 62 63 63 64 65 64 61 60 60 60 58 57 58 59 59 58
53 53 53 54 55 56 58 60 60 59 59 59 59 57 54 53 53 52 51 52 54 55 56 57 58 59 59 59 58 57 56 57 58 59 58 58 58 58 58 58 58 59 60 60 58 56 53 51 51 53 55 56 56 56 55 53 53 54 58 61 65 66 67 68 68 66 64 65 66 67 65 64 63 64 64 63 62 62 63 64 66 67 67 64 64 62 60 60 59 59 57 56 57 59 58 56
54 54 54 55 56 57 59 60 61 60 59 59 59 56 54 52 52 52 52 52 55 55 57 57 58 60 60 59 58 56 56 56 58 58 58 58 58 58 58 59 59 59 59 59 58 56 53 52 52 54 56 57 57 56 54 53 52 53 58 62 65 67 67 69 68 67 65 65 67 67 66 64 64 65 65 64 63 63 64 64 67 68 68 64 64 61 60 60 59 59 56 56 57 58 58 55
54 55 55 58 59 60 61 63 62 61 59 58 57 54 51 50 51 52 52 52 56 57 58 59 59 60 60 59 58 56 55 55 57 58 58 57 57 57 58 60 60 59 58 58 58 56 54 52 52 55 58 58 58 56 54 53 52 53 59 63 66 68 68 69 69 68 66 66 67 67 66 65 65 65 65 65 64 63 64 65 67 69 68 65 63 61 59 59 59 59 56 56 57 57 57 55
55 56 56 59 61 62 62 63 62 61 59 57 56 53 50 49 50 52 52 52 57 58 59 59 59 60 60 59 58 56 55 55 57 58 58 57 57 57 58 60 60 59 58 58 58 57 55 53 53 56 58 58 58 57 55 54 54 56 60 64 67 69 69 70 69 69 67 67 67 67 67 65 65 66 66 66 65 65 66 66 68 69 69 65 62 59 58 57 58 58 57 56 57 56 56 54
56 57 57 60 61 63 63 63 62 60 58 56 54 52 51 50 51 53 52 53 57 58 58 58 59 59 59 58 58 56 55 55 56 57 58 57 57 57 58 59 59 58 58 58 59 58 56 54 54 57 58 58 58 57 56 57 57 59 63 65 67 69 69 70 69 69 67 67 68 68 67 66 65 66 66 67 67 67 67 67 68 68 68 64 62 58 55 55 56 58 57 57 57 56 56 53
58 59 59 59 60 60 61 60 59 58 56 53 52 51 52 53 53 54 54 55 55 55 55 56 56 56 56 57 57 56 56 56 56 56 56 55 55 55 55 57 57 57 58 59 61 61 59 56 56 57 57 58 58 58 58 60 61 63 65 67 67 69 69 69 69 69 68 68 68 68 68 66 66 67 67 67 69 69 69 69 68 67 67 64 61 55 53 53 55 56 58 58 57 55 55 53
58 59 59 58 58 59 59 59 57 56 54 52 51 51 52 54 54 55 55 55 54 54 55 55 55 56 56 57 57 56 55 55 55 55 55 55 55 55 55 57 57 57 58 59 61 62 61 58 57 58 58 58 58 59 61 62 64 66 67 68 68 69 69 69 69 69 69 69 69 69 68 67 67 66 66 67 69 69 68 68 68 67 66 64 60 56 54 54 55 56 57 57 57 55 55 52
58 58 58 57 57 57 58 57 56 55 53 52 51 51 52 54 54 55 54 54 54 54 55 55 55 56 56 57 57 57 55 54 54 54 55 55 55 55 55 57 57 57 58 59 62 62 62 60 59 60 60 60 59 60 61 63 65 66 67 69 69 70 70 69 69 69 69 69 68 68 68 67 67 66 65 66 69 69 67 67 66 65 65 63 59 57 56 56 56 56 57 57 56 55 55 52
57 57 56 56 56 56 56 55 54 53 52 51 51 52 53 53 54 54 54 53 53 54 55 55 55 56 56 57 57 56 54 53 53 54 55 55 55 55 56 58 58 58 59 60 62 62 63 62 62 62 61 61 60 61 62 63 66 66 68 70 70 71 71 70 68 68 68 68 68 68 68 67 67 66 64 65 69 69 67 66 65 64 63 61 59 57 57 57 56 56 56 56 56 55 54 52
55 55 55 55 55 55 55 54 53 52 51 51 51 53 53 53 53 53 53 53 53 53 55 55 55 56 56 58 58 56 53 52 51 53 54 55 55 56 56 58 58 59 60 60 62 62 64 65 65 64 63 61 61 61 63 64 66 66 68 70 70 71 71 69 68 67 67 68 69 69 68 68 68 66 64 64 68 69 66 65 64 63 62 60 58 58 58 58 56 56 56 56 55 54 53 52
55 54 54 54 54 54 54 53 52 51 50 50 52 54 54 53 53 53 53 53 53 53 55 55 55 56 56 57 57 56 52 50 50 52 53 54 54 56 56 58 58 60 60 61 62 62 65 66 66 65 64 62 62 62 63 64 66 66 68 70 70 70 71 69 67 67 67 68 68 68 68 67 67 66 64 63 66 67 65 63 62 62 60 59 57 57 57 57 56 56 56 56 55 53 52 51
55 53 53 52 52 52 52 52 51 50 50 50 52 54 54 53 53 53 53 53 53 53 55 55 55 56 57 56 56 55 51 49 49 50 52 53 54 56 56 58 58 60 61 61 63 63 64 66 66 65 64 63 63 63 64 64 66 66 68 70 70 70 70 68 67 67 66 67 67 67 66 66 66 65 64 63 65 65 63 61 60 60 59 57 57 57 57 57 56 56 55 55 54 53 51 50
54 53 53 51 50 50 50 50 50 49 50 50 52 54 54 53 53 54 54 53 53 54 55 55 55 56 57 56 55 54 50 48 48 49 50 52 54 55 56 57 58 60 61 62 63 63 64 65 66 64 64 63 63 64 65 65 65 66 68 69 69 69 69 68 66 66 65 65 66 66 65 65 65 65 64 63 63 62 60 58 58 59 58 57 56 56 56 56 56 56 55 55 53 51 49 48
54 53 53 50 49 47 48 49 49 49 50 50 51 54 54 54 54 55 54 54 54 54 55 55 56 56 56 55 53 52 48 46 46 48 49 51 53 54 55 57 58 60 62 63 63 63 64 64 64 64 64 63 63 64 65 65 65 65 67 68 68 67 67 66 65 65 64 64 64 64 63 63 64 64 63 62 61 59 57 55 56 58 57 55 55 55 55 55 55 55 55 54 53 50 48 47
53 53 53 50 47 47 47 47 49 49 50 50 51 54 54 54 54 55 55 55 55 55 55 55 56 56 55 54 52 50 47 45 45 46 49 51 52 54 55 57 58 61 63 63 64 64 64 64 64 63 63 63 63 64 65 65 65 65 66 67 67 66 66 65 64 63 62 63 63 63 62 61 61 62 62 61 60 58 55 54 54 56 55 54 54 54 54 55 54 55 54 54 51 48 46 45
