geo_cache/7-0/elevation.txt
ncols         949
nrows         918
xllcorner     -70.68888888888888
yllcorner     41.76
cellsize      1.0E-5
NODATA_value  -9999
[rows 201 to 267 of 918, columns 96 to 191 of 949]
0 0 0 0 0 0 0 0 0 0 0 0 0 0 0 0 0 0 0 0 0 0 0 0 0 0 0 0 0 0 0 0 0 0 0 0 0 0 0 0 0 0 0 0 0 0 0 0 0 0 0 2 5 6 7 6 1 0 0 0 0 0 0 0 0 0 0 0 0 0 0 0 0 0 0 0 0 0 0 0 0 0 0 0 0 0 0 0 0 0 0 0 0 0 0 0
0 0 0 0 0 0 0 0 0 0 0 0 0 0 0 0 0 0 0 0 0 0 0 0 0 0 0 0 0 0 0 0 0 0 0 0 0 0 0 0 0 0 0 0 0 0 0 0 0 0 0 0 2 4 6 6 4 0 0 0 0 0 0 0 0 0 0 0 0 0 0 0 0 0 0 0 0 0 0 0 0 0 0 0 0 0 0 0 0 0 0 0 0 0 0 0
0 0 0 0 0 0 0 0 0 0 0 0 0 0 0 0 0 0 0 0 0 0 0 0 0 0 0 0 0 0 0 0 0 0 0 0 0 0 0 0 0 0 0 0 0 0 0 0 0 0 0 0 0 1 5 7 7 1 0 0 0 0 0 0 0 0 0 0 0 0 0 0 0 0 0 0 0 0 0 0 0 0 0 0 0 0 0 0 0 0 0 0 0 0 0 0
1 0 0 0 0 0 0 0 0 0 0 0 0 0 0 0 0 0 0 0 0 0 0 0 0 0 0 0 0 0 0 0 0 0 0 0 0 0 0 0 0 0 0 0 0 0 0 0 0 0 0 0 0 0 3 7 8 3 0 0 0 0 0 0 0 0 0 0 0 0 0 0 0 0 0 0 0 0 0 0 0 0 0 0 0 0 0 0 0 0 0 0 0 0 0 0
6 2 0 0 0 0 0 0 0 0 0 0 0 0 0 0 0 0 0 0 0 0 0 0 0 0 0 0 0 0 0 0 0 0 0 0 0 0 0 0 0 0 0 0 0 0 0 0 0 0 0 0 0 0 2 7 8 6 3 0 0 0 0 0 0 0 0 0 0 0 0 0 0 0 0 0 0 0 0 0 0 0 0 0 0 0 0 0 0 0 0 0 0 0 0 0
10 7 4 4 2 0 0 0 0 0 0 0 0 0 0 0 0 0 0 0 0 0 0 0 0 0 0 0 0 0 0 0 0 0 0 0 0 0 0 0 0 0 0 0 0 0 0 0 0 0 0 0 0 0 1 3 6 7 5 1 0 0 0 0 0 0 0 0 0 0 0 0 0 0 0 0 0 0 0 0 0 0 0 0 0 0 0 0 0 0 0 0 0 0 0 0
11 10 9 9 7 6 3 2 0 0 0 0 0 0 0 0 0 0 0 0 0 0 0 0 0 0 0 0 0 0 0 0 0 0 0 0 0 0 0 0 0 0 0 0 0 0 0 0 0 0 0 0 0 0 0 0 4 7 7 3 0 0 0 0 0 0 0 0 0 0 0 0 0 0 0 0 0 0 0 0 0 0 0 0 0 0 0 0 0 0 0 0 0 0 0 0
12 12 11 11 11 11 7 5 2 0 0 0 0 0 0 0 0 0 0 0 0 0 0 0 0 0 0 0 0 0 0 0 0 0 0 0 0 0 0 0 0 0 0 0 0 0 0 0 0 0 0 0 0 0 0 0 1 5 6 5 1 0 0 0 0 0 0 0 0 0 0 0 0 0 0 0 0 0 0 0 0 0 0 0 0 0 0 0 0 0 0 0 0 0 0 0
13 13 12 12 11 11 7 5 4 2 0 0 0 0 0 0 0 0 0 0 0 0 0 0 0 0 0 0 0 0 0 0 0 0 0 0 0 0 0 0 0 0 0 0 0 0 0 0 0 0 0 0 0 0 0 0 0 1 4 5 3 0 0 0 0 0 0 0 0 0 0 0 0 0 0 0 0 0 0 0 0 0 0 0 0 0 0 0 0 0 0 0 0 0 0 0
14 14 13 12 11 10 7 5 4 3 1 0 0 0 0 0 0 0 0 0 0 0 0 0 0 0 0 0 0 0 0 0 0 0 0 0 0 0 0 0 0 0 0 0 0 0 0 0 0 0 0 0 0 0 0 0 0 0 2 4 3 0 0 0 0 0 0 0 0 0 0 0 0 0 0 0 0 0 0 0 0 0 0 0 0 0 0 0 0 0 0 0 0 0 0 0
16 15 14 12 10 9 6 6 4 3 1 0 0 0 0 0 0 0 0 0 0 0 0 0 0 0 0 0 0 0 0 0 0 0 0 0 0 0 0 0 0 0 0 0 0 0 0 0 0 0 0 0 0 0 0 0 0 0 1 2 2 2 0 0 0 0 0 0 0 0 0 0 0 0 0 0 0 0 0 0 0 0 0 0 0 0 0 0 0 0 0 0 0 0 0 0
17 16 15 13 10 9 6 6 5 3 1 0 0 0 0 0 0 0 0 0 0 0 0 0 0 0 0 0 0 0 0 0 0 0 0 0 0 0 0 0 0 0 0 0 0 0 0 0 0 0 0 0 0 0 0 0 0 0 0 1 2 3 0 0 0 0 0 0 0 0 0 0 0 0 0 0 0 0 0 0 0 0 0 0 0 0 0 0 0 0 0 0 0 0 0 0
19 17 16 13 11 9 7 6 5 4 4 4 2 1 1 1 1 0 0 0 0 0 0 0 0 0 0 0 0 0 0 0 0 0 0 0 0 0 0 0 0 0 0 0 0 0 0 0 0 0 0 0 0 0 0 0 0 0 0 0 1 3 2 1 0 0 0 0 0 0 0 0 0 0 0 0 0 0 0 0 0 0 0 0 0 0 0 0 0 0 0 0 0 0 0 0
19 17 16 14 12 10 8 7 6 6 7 7 6 6 6 7 7 4 1 1 1 0 0 0 0 0 0 0 0 0 0 0 0 0 0 0 0 0 0 0 0 0 0 0 0 0 0 0 0 0 0 0 0 0 0 0 0 0 0 0 1 2 3 3 0 0 0 0 0 0 0 0 0 0 0 0 0 0 0 0 0 0 0 0 0 0 0 0 0 0 0 0 0 0 0 0
20 17 16 14 12 11 8 7 7 7 7 9 9 10 10 11 11 8 4 5 6 4 0 0 0 0 0 0 0 0 0 0 0 2 2 0 0 0 0 0 0 0 0 0 0 0 0 0 0 0 0 0 0 0 0 0 0 0 0 0 0 2 3 4 0 0 0 0 0 0 0 0 0 0 0 0 0 0 0 0 0 0 0 0 0 0 0 0 0 0 0 0 0 0 0 0
19 17 15 14 13 11 8 7 7 7 7 9 10 11 12 12 12 10 8 10 10 8 4 3 4 3 3 3 2 2 2 2 2 5 4 2 3 3 4 3 2 2 0 0 0 0 0 0 0 0 0 0 0 0 0 0 0 0 0 0 0 0 2 4 2 0 0 0 0 0 0 0 0 0 0 0 0 0 0 0 0 0 0 0 0 0 0 0 0 0 0 0 0 0 0 0
19 17 15 15 14 12 10 8 7 7 9 10 11 12 13 13 13 11 11 12 12 11 10 10 10 10 9 8 7 6 7 7 7 7 7 5 7 8 8 6 5 4 0 0 0 0 0 0 0 0 0 0 0 0 0 0 0 0 0 0 0 0 1 4 5 2 0 0 0 0 0 0 0 0 0 0 0 0 0 0 0 0 0 0 0 0 0 0 0 0 0 0 0 0 0 0
18 18 18 17 17 16 14 12 10 11 12 12 12 12 14 14 14 12 12 13 12 14 14 14 14 14 13 12 11 10 10 10 9 9 9 8 9 10 10 8 7 6 4 0 0 0 0 0 0 0 0 0 0 0 0 0 0 0 0 0 0 0 0 3 5 4 2 0 0 0 0 0 0 0 0 0 0 0 0 0 0 0 0 0 0 0 0 0 0 0 0 0 0 0 0 0
17 20 20 21 21 20 18 16 15 15 15 14 14 14 15 15 15 14 14 15 14 16 17 17 17 17 16 15 14 13 12 12 12 11 10 10 11 12 11 9 8 8 7 4 0 0 0 0 0 0 0 0 0 0 0 0 0 0 0 0 0 0 0 1 4 4 4 2 0 0 0 0 0 0 0 0 0 0 0 0 0 0 0 0 0 0 0 0 0 0 0 0 0 0 0 0
16 20 22 24 24 23 23 21 19 19 18 16 15 15 15 15 16 16 16 16 16 18 20 20 20 20 19 17 16 15 15 15 14 13 12 11 13 13 13 11 8 8 8 7 4 1 0 0 0 0 0 0 0 0 0 0 0 0 0 0 0 0 0 0 2 4 5 3 1 0 0 0 0 0 0 0 0 0 0 0 0 0 0 0 0 0 0 0 0 0 0 0 0 0 0 0
16 21 23 26 26 26 26 25 23 22 20 19 17 16 16 17 17 18 17 17 17 20 22 22 22 22 22 20 19 18 18 17 16 15 14 13 14 14 14 12 9 9 9 9 7 5 4 1 0 0 0 0 0 0 0 0 0 0 0 0 0 0 0 0 2 4 5 5 4 1 0 0 0 0 0 0 0 0 0 0 0 0 0 0 0 0 0 0 0 0 0 0 0 0 0 0
16 20 23 26 28 28 28 27 25 24 22 21 20 19 19 20 20 19 18 18 19 22 23 24 25 25 24 23 22 21 20 19 18 16 16 15 15 15 15 14 12 12 11 11 10 8 8 6 4 2 0 0 0 0 0 0 0 0 0 0 0 0 0 0 2 5 6 6 6 5 1 0 0 0 0 0 0 0 0 0 0 0 0 0 0 0 0 0 0 0 0 0 0 0 0 0
16 18 22 25 28 29 30 29 27 26 24 23 23 24 24 24 23 21 19 19 20 24 25 26 27 27 27 25 24 24 23 22 20 18 17 16 16 16 15 15 15 15 14 14 13 11 11 10 9 7 5 2 1 0 0 0 0 0 0 0 0 0 0 0 2 5 6 7 7 7 3 0 0 0 0 0 0 0 0 0 0 0 0 0 0 0 0 0 0 0 0 0 0 0 0 0
16 17 21 24 28 29 32 31 29 27 25 25 27 28 28 27 26 22 20 20 22 25 27 28 29 30 29 27 26 26 25 24 22 20 19 16 16 16 16 17 17 18 18 17 15 14 14 14 13 12 10 9 6 2 2 2 1 0 0 0 0 0 0 0 1 5 6 7 7 7 5 1 0 0 0 0 0 0 0 0 0 0 0 0 0 0 0 0 0 0 0 0 0 0 0 0
16 16 19 24 28 29 33 33 31 29 27 26 29 31 31 29 28 24 20 21 23 26 28 30 31 31 30 29 28 28 27 25 23 21 19 17 17 17 17 18 20 21 21 20 18 16 16 16 16 15 14 13 11 8 7 6 5 3 2 1 0 0 0 0 1 5 6 8 8 7 6 4 1 0 0 0 0 0 0 0 0 0 0 0 0 0 0 0 0 0 0 0 0 0 0 0
16 16 20 25 28 29 33 34 33 31 29 28 30 33 33 31 29 25 22 22 24 27 28 30 31 32 31 30 29 29 28 27 24 21 20 17 17 17 17 20 22 23 23 22 20 19 19 19 18 18 16 14 13 12 10 9 8 7 6 4 2 2 2 3 5 6 7 8 8 7 6 5 4 1 0 0 0 0 0 0 0 0 0 0 0 0 0 0 0 0 0 0 0 0 0 0
16 18 22 26 28 29 33 35 34 33 31 31 32 34 34 32 31 26 23 23 25 27 28 30 31 32 31 31 30 30 28 27 25 21 19 17 17 17 18 21 24 24 25 24 22 22 22 21 21 20 18 16 15 14 13 12 11 10 9 8 7 6 6 6 7 8 8 9 8 7 6 6 6 3 0 0 0 0 0 0 0 0 0 0 0 0 0 0 0 0 0 0 0 0 0 0
17 18 23 27 29 29 33 36 36 35 34 33 33 35 34 33 32 27 25 25 26 27 27 30 31 32 31 31 30 30 28 27 25 21 19 16 16 17 20 22 25 25 25 25 25 25 24 24 23 22 21 19 18 17 16 15 14 13 12 11 10 9 8 8 9 10 11 10 9 8 7 8 6 3 0 0 0 0 0 0 0 0 0 0 0 0 0 0 0 0 0 0 0 0 0 0
18 20 25 29 29 29 33 36 37 37 36 35 35 35 34 34 33 29 27 27 27 27 27 30 31 32 31 30 29 29 28 27 25 21 19 15 15 17 21 23 25 25 26 27 27 27 26 26 25 24 23 21 20 20 19 18 17 16 15 13 12 11 10 10 11 12 13 12 11 9 8 8 6 4 3 1 0 0 0 0 0 0 0 0 0 0 0 0 0 0 0 0 0 0 0 0
20 23 26 29 31 31 34 36 38 38 38 37 36 35 35 35 33 31 30 29 29 28 28 30 31 32 31 29 29 29 28 27 25 22 19 17 16 19 22 24 26 27 28 30 30 30 29 28 27 26 25 24 23 23 22 21 20 19 18 16 15 14 13 12 14 15 16 14 12 9 9 7 6 5 5 4 0 0 0 0 0 0 0 0 0 0 0 0 0 0 0 0 0 0 0 0
22 25 28 30 32 32 35 36 37 38 38 37 36 36 35 35 34 32 31 31 31 31 29 30 31 32 30 30 30 30 28 27 26 24 20 18 18 19 23 25 28 29 31 32 31 31 31 30 29 28 27 27 26 25 24 23 22 21 20 18 17 16 15 15 16 16 17 14 13 9 8 7 7 6 6 5 2 0 0 0 0 0 0 0 0 0 0 0 0 0 0 0 0 0 0 0
25 27 28 30 33 34 35 36 37 38 38 37 37 36 36 36 34 33 33 33 33 32 30 30 32 32 30 30 31 31 28 28 28 26 22 19 19 19 23 26 29 31 33 34 33 33 32 32 31 30 29 29 28 27 26 25 24 22 21 20 19 18 18 17 18 17 17 14 13 9 8 7 7 6 7 6 5 2 0 0 0 0 0 0 0 0 0 0 0 0 0 0 0 0 0 0
27 28 29 31 33 35 36 36 37 38 38 37 37 36 36 36 35 34 34 34 35 33 31 31 33 32 30 29 30 30 29 29 29 28 23 19 19 19 23 26 30 32 35 35 35 34 33 33 32 31 30 31 31 29 28 26 25 24 22 21 21 21 21 20 19 18 17 14 12 9 8 7 6 6 7 7 6 4 0 0 0 0 0 0 0 0 0 0 0 0 0 0 0 0 0 0
28 30 31 32 34 36 36 36 37 38 38 37 37 36 36 36 36 35 34 35 36 34 32 32 33 32 29 29 30 30 29 29 29 28 24 21 20 20 23 26 30 32 35 35 35 34 33 32 32 32 31 32 32 31 30 28 27 25 24 23 23 23 23 22 19 18 16 13 12 9 8 7 7 7 9 8 7 6 3 0 0 0 0 0 0 0 0 0 0 0 0 0 0 0 0 0
30 31 33 34 35 36 36 36 37 38 38 37 37 36 37 37 36 36 35 35 36 34 33 33 34 33 30 29 30 30 29 29 29 28 25 23 22 22 25 26 29 30 33 33 33 32 31 30 31 31 32 32 32 32 31 30 29 27 26 24 24 24 23 22 19 17 16 13 11 9 8 8 9 9 10 9 8 8 5 2 0 0 0 0 0 0 0 0 0 0 0 0 0 0 0 0
31 33 35 36 36 36 36 36 37 38 38 37 37 36 37 37 36 36 35 36 36 34 33 34 35 33 31 30 30 30 28 28 27 26 25 25 25 25 27 27 28 29 30 30 29 28 28 28 29 31 31 32 32 32 33 31 30 29 28 26 24 24 23 21 18 16 14 12 10 10 10 10 11 11 12 11 9 8 6 3 1 0 0 0 0 0 0 0 0 0 0 0 0 0 0 0
31 34 35 36 37 37 36 36 37 38 38 37 37 36 37 37 37 36 36 36 37 34 34 35 35 34 31 31 30 29 28 28 27 26 26 26 27 28 27 26 26 27 27 27 26 24 25 25 27 30 30 31 31 32 33 31 31 30 29 28 26 25 22 20 17 15 13 11 10 10 11 13 14 14 14 13 10 9 7 4 2 0 0 0 0 0 0 0 0 0 0 0 0 0 0 0
33 35 36 37 37 37 36 36 37 38 38 37 37 36 37 37 37 37 37 37 37 35 35 35 36 34 32 31 29 29 27 27 26 25 25 27 28 29 28 26 25 25 25 24 23 21 22 24 26 28 29 29 30 32 32 32 32 31 30 30 27 25 21 19 16 13 12 10 9 10 13 15 16 16 16 15 12 10 8 5 3 2 0 0 0 0 0 0 0 0 0 0 0 0 0 0
33 36 36 37 37 37 37 37 38 38 38 39 37 36 36 37 37 37 38 38 37 35 35 36 36 35 33 32 29 28 27 26 25 24 24 26 28 28 28 26 25 25 24 23 22 21 21 24 25 27 27 27 28 30 31 32 33 33 32 31 28 25 20 18 14 12 12 10 10 12 15 18 19 19 19 17 14 12 9 6 4 3 1 0 0 0 0 0 0 0 0 0 0 0 0 0
33 36 36 37 37 37 38 39 39 39 39 39 38 36 36 37 38 38 38 39 37 36 36 37 37 35 33 32 29 28 26 25 23 23 23 24 26 27 28 27 25 25 23 22 22 22 23 24 25 25 24 24 25 28 31 32 34 34 33 31 28 25 21 18 14 12 12 11 12 14 17 20 22 21 20 18 16 14 11 8 6 5 4 1 0 0 0 0 0 0 0 0 0 0 0 0
34 36 36 37 38 38 40 41 39 39 39 40 39 36 35 37 38 38 39 39 37 36 37 38 37 35 33 33 29 28 25 24 22 21 22 23 24 27 28 27 26 26 23 22 22 22 24 25 25 24 22 22 23 26 29 33 35 35 33 31 28 25 21 19 14 13 13 13 14 16 19 23 24 23 22 20 18 16 13 10 8 6 5 3 0 0 0 0 0 0 0 0 0 0 0 0
35 36 37 37 38 39 41 41 40 40 40 40 40 36 35 37 39 39 40 40 38 37 38 38 37 35 34 33 29 28 25 23 22 21 21 23 23 27 27 27 25 25 23 22 22 23 25 25 25 23 21 21 23 24 28 33 35 35 33 31 28 24 21 19 15 14 14 15 17 19 22 25 26 26 24 22 20 18 16 12 10 8 7 4 1 0 0 0 0 0 0 0 0 0 0 0
37 38 39 39 39 40 42 42 41 40 40 41 40 37 36 37 38 38 40 40 39 38 38 38 38 35 34 33 29 28 25 23 22 21 22 23 23 26 26 26 25 24 22 22 22 24 25 25 25 23 21 21 23 24 28 32 34 34 33 30 27 23 21 19 16 15 16 17 19 22 25 27 28 27 25 24 22 20 18 14 12 9 8 4 1 0 0 0 0 0 0 0 0 0 0 0
40 41 42 42 42 41 42 42 42 41 41 41 40 37 37 37 38 38 40 41 39 39 39 38 38 35 34 33 29 28 25 24 23 22 22 23 23 25 26 26 24 23 22 21 21 24 25 25 25 24 23 23 24 25 28 32 34 33 31 28 25 21 19 19 17 17 18 20 22 24 27 29 30 29 27 26 24 23 20 16 14 11 8 4 1 0 0 0 0 0 0 0 0 0 0 0
41 42 43 44 44 42 42 42 42 42 42 41 40 37 37 37 37 37 40 41 41 41 40 38 37 35 34 33 30 28 25 24 23 23 24 23 23 24 25 25 23 23 21 21 21 24 24 24 25 26 26 27 28 27 28 32 32 31 28 26 22 19 18 17 18 20 21 22 24 27 29 31 31 30 29 28 26 24 22 18 15 13 9 4 1 0 0 0 0 0 0 0 0 0 0 0
42 43 44 45 44 43 42 42 43 43 42 41 40 38 37 37 37 37 40 42 42 41 41 38 37 35 34 33 30 28 26 25 24 24 25 24 24 24 25 25 23 23 21 21 21 24 24 24 25 27 28 30 31 29 29 31 31 29 26 23 19 17 16 16 19 22 23 24 26 28 31 32 32 31 30 30 28 25 23 19 16 14 10 4 1 0 0 0 0 0 0 0 0 0 0 0
43 44 45 45 44 43 42 42 44 43 43 41 40 39 39 38 38 38 40 42 42 41 41 39 38 36 35 33 30 28 26 26 25 25 27 25 24 24 25 25 24 23 22 22 22 23 23 24 26 28 29 31 33 30 30 31 31 28 25 21 18 16 16 16 20 23 24 25 26 29 31 33 33 32 32 31 29 26 23 20 17 14 11 3 0 0 0 0 0 0 0 0 0 0 0 0
44 45 45 46 44 43 42 42 44 43 43 42 41 41 39 39 39 39 40 41 43 42 42 39 38 37 35 33 30 28 26 26 26 27 28 27 25 25 25 25 25 25 24 24 23 23 23 24 26 28 29 31 33 31 31 32 31 28 25 20 18 16 16 16 19 23 24 25 26 28 31 33 34 33 32 32 29 27 24 20 18 14 10 3 0 0 0 0 0 0 0 0 0 1 1 2
44 45 45 46 45 44 43 43 44 43 43 42 42 41 40 40 40 39 40 41 43 42 42 39 39 37 35 34 30 28 26 26 26 28 29 27 26 26 26 26 26 26 26 25 24 23 23 24 26 28 28 30 32 32 32 32 32 28 25 21 19 17 16 16 19 23 24 24 25 28 30 33 34 34 33 32 29 27 24 20 17 13 10 3 0 0 0 0 0 0 0 0 0 2 3 4
44 45 45 46 45 44 43 43 44 44 44 43 43 42 41 41 40 40 40 41 43 43 42 39 39 37 35 34 30 28 26 26 26 28 29 29 27 27 27 26 27 28 28 27 24 23 23 24 26 28 27 29 31 31 32 33 33 29 25 21 19 17 16 16 18 22 23 24 24 26 30 33 34 34 33 33 29 27 24 20 17 13 9 2 0 0 0 0 0 0 0 0 0 2 4 5
44 45 45 45 44 44 43 43 44 44 44 44 44 43 43 42 41 40 40 41 43 43 42 40 40 38 35 34 30 29 26 26 28 29 30 30 29 29 28 27 28 30 30 28 25 23 23 24 26 26 25 28 30 31 33 35 34 30 26 21 20 18 15 15 18 21 22 23 23 25 28 32 35 34 33 33 29 27 24 20 15 11 7 1 0 0 0 0 0 0 0 0 0 0 3 5
44 44 44 44 44 44 44 44 44 44 44 44 44 44 43 43 42 41 40 41 42 43 43 40 40 38 36 34 30 29 27 28 30 31 32 32 30 30 29 28 30 31 32 29 26 24 23 25 26 26 25 26 28 31 33 35 33 30 27 22 20 18 15 15 18 21 21 23 23 24 27 31 34 34 33 33 29 26 24 19 15 10 5 0 0 0 0 0 0 0 0 0 0 0 2 4
43 43 43 43 43 43 43 43 43 43 43 43 43 43 43 43 42 41 40 40 42 42 42 41 41 38 36 33 30 29 29 30 32 34 34 33 31 31 30 30 31 32 32 29 27 26 25 26 26 26 24 25 27 29 32 33 31 30 27 23 21 18 16 17 19 22 23 23 23 24 26 29 32 33 32 32 29 26 22 18 14 9 3 0 0 0 0 0 0 0 0 0 0 0 0 1
43 43 43 43 43 43 43 43 43 43 43 43 43 43 43 43 42 42 40 40 41 42 42 41 41 39 36 33 30 30 30 32 35 36 36 35 32 32 31 31 33 33 31 29 29 28 27 27 27 25 24 24 25 27 30 30 29 28 27 25 22 19 18 19 21 23 23 24 24 24 25 27 30 31 31 31 28 26 22 17 13 8 3 0 0 0 0 0 0 0 0 0 0 0 0 0
42 43 43 43 43 43 43 43 43 43 43 42 42 42 43 43 42 42 39 39 40 40 41 41 40 39 36 33 30 30 31 34 38 39 38 36 33 33 33 33 35 34 32 30 30 30 30 28 27 25 24 24 24 26 28 28 27 26 27 25 22 19 19 21 24 25 25 25 24 24 24 26 28 29 30 30 28 26 21 16 13 8 4 0 0 0 0 0 0 0 0 0 0 0 0 0
42 43 43 43 43 43 43 43 43 43 43 42 42 42 43 43 42 42 39 38 38 39 40 40 39 37 35 33 31 31 33 36 39 40 39 38 35 34 35 35 36 36 34 32 32 33 32 30 27 26 24 24 24 25 27 26 25 26 27 26 23 20 20 23 25 26 26 26 25 24 25 26 27 28 28 28 27 25 20 15 12 8 5 1 0 0 0 0 0 0 0 0 0 0 0 0
41 43 43 43 43 43 43 43 43 43 43 42 41 41 42 43 43 42 39 37 36 38 39 40 38 36 34 33 32 33 35 38 39 40 40 39 37 36 37 37 38 38 36 34 35 35 34 32 29 26 24 25 25 27 26 24 24 26 27 27 24 21 21 23 25 26 27 27 26 26 26 26 27 27 27 27 25 23 19 14 12 8 6 2 0 0 0 0 0 0 0 0 0 0 0 0
41 42 42 43 43 43 43 43 43 43 43 41 41 41 42 43 43 42 38 36 35 36 38 39 36 34 33 33 33 35 37 39 40 41 41 40 39 39 39 39 40 40 38 37 38 38 37 34 31 27 25 27 28 29 26 24 24 26 27 27 25 23 22 23 25 26 27 27 27 27 27 27 28 28 27 27 25 22 18 13 12 8 6 2 0 0 0 0 0 0 0 0 0 0 0 0
41 42 43 43 43 43 43 43 43 43 43 41 41 41 42 43 43 42 38 36 34 36 38 38 35 33 33 33 34 36 38 40 40 41 41 41 40 40 41 41 42 42 40 40 41 41 40 37 33 28 27 29 31 30 25 23 23 26 27 28 26 24 23 23 25 27 28 28 28 29 29 29 29 28 27 25 24 20 17 13 12 8 6 2 0 0 0 0 0 0 0 0 0 0 0 0
41 43 43 44 43 43 43 43 43 43 43 41 41 41 42 42 42 42 39 36 34 36 37 37 34 33 33 35 36 37 39 40 41 41 41 41 41 41 42 42 43 43 42 42 42 42 41 38 34 29 28 31 33 31 26 23 24 27 29 28 28 26 24 24 25 27 28 29 29 30 30 30 29 28 26 25 23 20 17 13 12 8 6 3 0 0 0 0 0 0 0 0 0 0 0 0
41 44 44 44 42 42 42 43 43 43 43 41 41 41 42 42 42 42 39 37 35 36 37 37 35 34 35 37 37 38 40 41 41 40 40 39 39 39 41 42 43 43 43 42 42 42 41 38 35 31 30 31 33 32 28 25 27 29 31 30 29 27 25 24 25 26 27 29 29 30 30 30 29 28 25 24 21 19 16 13 11 8 6 3 1 0 0 0 0 0 0 0 0 0 0 0
42 44 44 43 42 42 42 42 43 43 43 42 41 42 42 42 41 41 39 38 37 36 37 37 37 37 38 38 38 39 41 41 41 40 39 37 37 38 41 42 43 43 43 42 41 41 40 38 36 32 31 31 32 32 31 29 30 32 32 31 30 28 27 25 25 26 27 29 29 31 31 30 29 27 24 22 20 17 15 12 10 8 7 4 2 0 0 0 0 0 0 0 0 0 0 0
42 44 44 43 41 41 42 42 44 43 43 42 42 42 42 42 41 40 39 39 38 38 38 39 39 40 41 39 39 40 41 41 40 40 39 37 37 38 41 42 43 43 42 41 40 39 39 37 34 33 31 31 33 34 33 33 34 34 34 32 30 29 28 26 27 27 27 29 29 31 31 29 27 25 23 21 19 17 14 12 10 8 7 5 3 2 1 0 0 0 0 1 2 1 0 0
43 43 43 41 41 41 42 42 43 43 43 42 42 42 42 42 40 39 40 40 39 39 40 40 41 42 42 40 40 40 40 40 39 39 39 38 38 38 41 42 42 42 41 40 39 38 37 36 34 33 32 32 34 35 36 36 36 36 35 33 30 29 28 27 27 27 27 29 29 31 31 29 27 25 22 21 18 16 14 11 10 8 7 6 4 4 4 3 3 3 3 4 5 3 1 0
43 43 42 40 39 40 41 42 43 42 42 42 42 43 42 42 40 39 38 39 39 40 41 42 42 43 42 41 40 40 40 40 39 38 38 38 39 39 41 41 42 41 40 39 38 36 36 35 34 34 34 34 35 36 37 37 37 36 35 33 31 30 29 28 27 27 27 29 29 31 31 29 27 25 22 21 17 16 14 12 10 9 8 7 6 6 6 6 6 6 7 7 7 6 3 0
43 42 41 39 38 39 41 41 43 42 42 42 42 43 43 42 40 38 38 38 39 41 42 43 43 43 42 41 40 40 40 40 39 38 38 39 39 40 41 41 40 40 39 38 36 35 35 34 34 35 36 36 36 37 37 37 37 36 36 33 32 31 29 28 28 28 28 28 29 30 30 29 27 25 22 21 17 15 15 13 12 10 9 8 7 7 8 9 10 10 11 11 10 7 5 1
43 42 41 39 38 38 41 41 43 42 42 42 42 42 42 42 40 37 36 38 39 42 42 44 44 44 42 41 40 39 39 39 39 38 38 39 40 40 40 40 39 38 37 36 34 34 34 34 34 36 38 38 38 38 38 37 37 36 35 33 32 30 29 29 27 27 27 28 29 28 28 28 27 25 22 21 17 15 15 14 14 12 10 9 9 9 11 12 13 13 14 14 12 9 7 2
