geo_cache/4-2/elevation.txt
ncols         942
nrows         918
xllcorner     -71.72222222222221
yllcorner     42.256
cellsize      1.0E-5
NODATA_value  -9999
[rows 441 to 489 of 918, columns 384 to 479 of 942]
73 70 67 65 64 62 61 61 61 61 61 62 62 62 63 65 66 69 75 84 88 90 90 90 88 87 87 87 88 88 88 87 85 84 84 83 82 80 80 82 84 86 87 87 87 87 86 86 87 87 86 86 87 85 79 77 78 83 87 89 92 94 96 98 101 104 105 105 106 107 107 107 106 105 104 104 104 102 101 99 97 96 95 94 93 91 89 87 86 84 82 80 78 75 73 72
70 68 66 64 62 61 61 61 61 61 63 63 62 62 64 66 66 68 73 81 87 89 89 88 86 85 85 83 82 84 86 86 86 85 84 83 82 81 81 83 84 86 86 86 86 86 86 87 87 87 86 86 87 86 83 80 80 83 86 88 91 94 98 101 103 106 107 108 109 110 110 110 109 109 108 107 107 106 104 101 99 98 97 96 95 94 91 89 87 86 84 81 79 77 74 73
67 65 63 62 62 61 61 61 62 63 64 64 63 63 64 66 67 68 72 79 84 85 85 83 82 82 80 79 80 84 87 88 87 85 84 83 82 82 82 83 84 85 86 86 86 86 86 87 88 88 86 85 84 83 81 81 85 88 87 88 92 96 99 103 105 108 110 111 112 112 112 112 112 111 110 109 108 108 106 104 102 100 99 98 97 96 94 91 88 87 85 84 81 78 75 73
66 63 62 62 62 62 61 62 63 64 65 65 64 64 64 66 66 67 71 76 79 80 81 80 78 78 77 78 80 86 89 89 87 85 84 83 83 82 83 83 84 84 85 86 86 86 86 87 89 88 86 84 82 80 80 83 87 89 88 89 93 97 100 104 107 110 112 113 113 113 113 113 113 112 111 110 110 110 109 107 104 102 101 99 98 97 96 94 91 89 86 85 83 80 76 74
63 61 61 61 62 62 62 63 65 65 65 66 65 65 65 65 66 67 69 72 74 76 77 76 74 74 74 77 80 85 86 86 86 84 84 83 83 83 83 83 84 84 85 85 85 86 86 88 89 89 87 84 81 80 80 83 87 89 88 90 94 98 102 106 109 112 113 114 114 115 115 115 114 114 112 112 112 112 112 111 109 107 104 102 100 99 98 96 93 91 88 86 84 82 78 75
61 61 61 61 61 62 63 64 66 66 66 66 66 66 66 66 66 68 69 69 71 72 73 73 72 72 73 76 79 83 85 85 85 84 84 83 83 83 83 83 84 84 85 85 85 86 86 88 89 89 87 84 82 81 81 83 86 88 89 91 95 99 103 107 110 113 114 115 115 115 116 116 115 116 116 114 113 113 113 112 111 110 108 104 102 101 101 98 95 93 91 88 86 83 79 75
61 61 61 61 62 64 65 65 66 66 66 66 66 66 66 66 68 68 69 69 69 70 70 70 71 71 72 74 77 81 84 84 84 84 84 83 83 83 83 83 84 85 85 85 85 86 86 88 89 89 87 84 84 83 84 86 87 88 90 93 96 100 104 108 111 113 114 115 116 116 117 117 117 118 118 116 115 115 114 113 113 111 109 107 104 104 106 102 97 95 92 89 87 84 81 76
61 62 61 62 63 64 65 66 66 66 67 66 66 66 66 67 68 70 70 69 68 69 69 70 70 70 71 74 76 78 81 84 84 84 84 84 84 83 84 84 84 85 86 86 86 86 86 88 89 89 87 85 85 84 86 88 88 88 90 93 96 100 105 109 112 114 115 116 117 117 117 118 118 119 119 118 117 116 115 114 114 112 110 108 105 106 107 104 99 97 94 91 88 85 81 77
62 62 62 62 64 65 65 66 67 67 67 66 66 67 67 68 69 73 75 73 70 69 69 70 70 70 70 73 75 77 80 83 85 85 85 85 85 84 84 84 84 85 87 88 87 86 86 88 89 89 88 87 86 85 86 88 89 89 91 95 98 102 106 110 113 115 116 116 117 118 120 121 121 121 121 121 120 117 116 115 114 113 110 109 107 107 107 105 101 98 96 93 89 86 83 78
63 63 62 64 65 65 66 67 67 67 67 67 67 68 68 68 71 76 79 77 72 70 70 70 70 70 70 73 75 78 82 84 86 89 90 89 87 85 85 85 85 85 87 88 88 87 87 88 90 92 90 88 86 86 86 88 88 90 92 96 99 102 107 110 113 115 116 117 118 119 122 123 123 123 123 122 121 119 117 116 115 113 111 110 108 108 108 105 101 99 97 94 91 87 83 79
62 62 63 65 66 66 66 67 67 67 67 67 68 68 68 68 72 80 84 80 75 71 71 72 71 70 70 73 75 78 83 86 87 92 93 90 88 87 86 85 85 85 85 86 87 87 87 89 92 94 91 88 87 87 87 87 89 91 94 97 100 102 107 110 113 115 117 118 118 120 122 123 124 124 124 123 122 119 118 117 116 114 112 110 109 109 108 106 103 100 98 95 92 87 83 79
61 64 65 66 66 67 67 67 67 67 67 68 68 68 68 69 74 83 86 83 76 73 74 75 75 74 72 73 74 78 83 86 88 93 93 91 89 87 86 86 86 85 85 86 86 86 87 90 93 93 90 89 88 87 87 88 92 92 95 98 100 103 106 109 112 115 117 118 119 120 122 123 124 124 124 123 121 119 118 118 117 115 113 112 111 110 108 106 104 101 99 96 93 90 86 79
64 67 67 67 67 67 67 68 68 68 68 68 68 68 68 70 75 84 87 84 78 76 79 81 81 79 77 75 74 76 80 84 87 92 92 91 89 88 87 87 86 85 85 85 85 86 87 89 90 89 89 89 89 89 89 91 94 93 95 98 100 103 106 108 111 115 117 118 119 120 122 123 124 124 124 122 120 119 118 118 117 116 114 113 111 109 107 105 103 102 100 97 94 91 87 80
67 68 67 67 67 67 68 68 68 68 68 68 68 68 70 72 76 83 87 85 79 77 81 85 86 84 82 80 79 77 78 82 87 91 92 91 89 88 88 87 86 86 85 85 85 86 87 88 88 88 89 90 90 90 91 93 95 94 96 98 100 102 105 107 110 114 116 117 118 119 121 122 123 123 123 122 120 119 118 118 117 116 114 113 112 109 107 104 103 102 100 98 95 91 87 79
68 68 68 68 68 68 68 68 68 68 68 68 68 69 71 73 76 80 84 85 80 78 81 84 87 89 89 88 86 82 80 81 87 90 91 91 89 89 90 89 87 86 86 87 87 87 88 88 88 89 92 93 92 92 92 94 95 95 96 97 99 101 105 107 109 112 115 116 117 118 120 121 122 122 122 122 120 119 119 118 117 116 114 113 112 109 109 108 104 102 100 99 95 91 85 79
69 69 68 68 68 68 68 69 69 69 69 69 70 71 72 74 76 79 81 83 81 79 80 81 85 89 92 92 91 88 86 83 87 90 90 91 90 91 91 91 90 90 90 89 89 89 89 89 89 91 95 94 93 93 94 95 95 95 96 97 99 101 105 107 109 111 113 114 116 118 119 120 121 122 122 122 120 120 120 119 117 116 115 114 112 111 113 108 104 101 100 98 95 90 84 79
69 69 68 68 68 68 69 69 69 69 69 70 71 72 73 75 77 79 81 82 81 80 81 81 84 88 92 93 92 91 91 86 86 89 90 91 91 92 92 92 92 92 92 91 91 90 90 90 90 94 96 95 95 95 96 96 95 95 96 98 99 101 104 106 108 110 112 114 116 117 118 119 120 122 122 122 122 122 121 120 119 119 119 118 116 115 113 107 102 100 98 96 92 88 83 82
70 70 69 69 69 69 69 69 69 69 70 71 72 73 74 76 78 80 82 82 81 82 83 82 83 87 92 93 92 92 92 87 86 88 89 91 92 93 93 93 93 93 93 92 92 91 91 91 92 96 96 95 96 96 97 97 96 96 97 98 99 101 104 106 107 109 111 114 116 117 118 118 120 122 122 122 123 122 121 121 120 120 120 119 119 116 111 104 101 98 97 94 91 87 85 84
70 70 69 69 69 69 70 70 70 70 71 71 73 75 77 79 81 84 85 84 83 83 85 85 85 87 91 93 93 92 91 87 86 87 89 91 93 94 94 94 94 92 93 93 93 92 92 92 94 96 95 96 97 99 99 99 98 98 98 98 99 100 102 104 106 109 111 112 115 116 117 118 119 121 122 123 123 122 121 119 118 118 117 117 117 113 106 101 98 95 93 91 89 87 87 86
70 70 70 70 70 70 70 70 71 71 71 72 73 76 82 84 85 88 89 88 86 86 88 88 88 88 90 92 92 92 91 87 86 87 88 91 93 94 94 94 93 91 92 93 93 93 93 93 94 95 95 97 99 99 99 99 98 98 98 98 99 99 100 102 104 107 109 110 112 115 116 117 119 120 122 122 123 122 119 117 116 115 114 113 111 107 101 98 96 93 91 89 88 88 88 88
71 71 71 71 71 71 71 71 71 71 71 73 75 79 84 87 88 91 91 90 89 89 91 92 90 89 89 91 92 92 92 90 86 87 87 88 92 94 94 93 91 90 90 92 92 93 94 95 96 96 97 98 99 99 99 99 99 98 98 98 98 98 99 101 103 105 107 108 109 111 114 116 118 120 121 121 121 120 117 114 112 112 110 109 106 101 97 95 94 92 91 90 89 89 90 89
71 71 71 71 71 71 71 71 71 71 72 75 79 83 87 91 92 92 92 91 91 92 93 94 93 91 90 91 92 93 94 92 87 87 87 88 90 93 93 91 89 88 88 91 92 93 93 95 97 97 98 98 98 99 99 99 99 99 98 98 97 96 97 98 100 102 104 105 107 109 112 114 117 119 120 120 119 116 114 111 109 107 106 104 100 97 95 93 92 92 91 90 90 91 91 90
71 72 72 72 72 72 72 71 71 72 73 76 82 86 90 94 95 94 93 93 93 93 94 96 95 92 92 94 95 95 94 91 89 87 88 88 88 90 90 88 88 88 88 90 91 92 93 95 97 97 98 98 98 99 99 99 99 98 98 98 96 95 95 95 98 99 101 102 105 106 109 113 117 119 120 118 115 113 111 109 106 103 101 98 96 93 91 91 91 91 92 92 92 92 92 90
72 72 72 72 72 72 72 72 72 73 74 77 81 85 90 93 95 96 95 94 94 95 98 100 96 93 93 95 95 94 93 91 90 89 89 89 89 88 88 88 88 88 88 89 91 92 93 95 96 97 97 97 98 99 99 98 98 98 97 97 95 94 94 94 97 98 99 100 102 104 108 112 116 119 119 117 113 110 109 107 105 101 96 94 93 91 91 91 91 91 92 92 93 93 93 91
72 72 72 72 72 72 72 72 73 74 75 77 80 83 87 91 95 96 95 95 94 96 101 101 98 95 95 95 94 94 92 91 91 91 91 91 90 88 88 88 88 88 88 89 92 93 94 95 95 96 96 97 97 98 98 97 97 97 95 95 95 94 93 93 95 97 97 98 100 103 106 111 115 118 118 114 111 107 105 103 100 96 92 92 91 91 91 91 91 92 92 93 93 94 94 93
72 72 73 73 73 73 73 74 74 75 76 78 80 82 84 89 94 95 95 95 95 98 101 101 99 97 96 95 94 94 93 93 93 92 92 91 90 88 88 88 88 88 88 90 94 95 95 95 95 95 96 96 96 97 97 96 95 95 94 94 94 95 93 93 94 95 95 96 99 102 105 110 114 115 113 110 107 103 99 98 95 94 92 91 91 91 91 92 93 93 93 93 94 95 94 94
72 72 73 73 73 74 74 74 75 76 77 79 80 82 85 88 92 94 94 94 95 98 100 101 99 97 96 96 95 95 95 94 94 93 92 91 90 89 89 89 89 89 90 91 95 96 95 95 95 95 95 95 95 95 96 94 93 93 94 93 94 94 92 93 93 94 94 95 98 101 104 108 110 110 108 105 102 99 95 95 95 94 92 91 91 91 94 94 92 92 92 94 95 95 95 95
71 72 73 74 74 74 74 75 76 77 78 80 82 84 86 88 91 94 94 94 95 98 100 99 99 98 98 97 97 97 97 96 95 94 93 93 92 91 90 90 90 92 93 94 95 96 96 96 96 96 95 95 94 94 94 92 91 92 93 92 92 92 91 93 94 94 94 95 96 99 102 104 106 106 103 99 96 94 94 94 95 96 93 92 92 92 94 92 91 91 93 95 96 97 97 98
71 72 73 74 74 74 75 75 76 78 80 82 84 86 87 89 92 94 94 95 96 98 100 100 99 98 99 99 99 99 99 98 96 95 95 95 94 93 92 91 92 94 95 96 96 95 95 96 96 96 95 95 93 92 92 90 88 89 89 90 92 90 90 93 95 95 94 94 94 96 98 100 102 101 97 93 93 93 94 94 95 96 94 92 92 92 92 91 91 91 94 96 98 99 100 101
71 72 74 74 74 74 75 76 77 79 82 84 86 88 90 92 93 95 96 97 98 99 100 101 101 101 102 102 102 102 102 101 99 99 101 99 97 95 94 93 93 94 95 95 95 95 95 95 96 96 96 95 92 90 89 88 88 88 88 88 89 87 89 94 95 94 93 92 93 94 95 96 97 96 93 92 92 94 95 95 95 96 94 93 93 93 92 91 91 92 96 99 101 103 104 104
71 72 74 74 74 75 76 77 78 81 84 86 89 93 94 94 94 96 98 100 100 100 101 101 103 104 105 105 106 106 106 105 104 104 106 104 100 99 97 92 92 94 94 94 94 94 94 94 95 95 95 94 91 88 88 88 88 88 88 88 89 87 89 92 94 92 90 90 91 90 90 92 94 92 91 91 92 94 95 95 96 96 94 94 93 93 92 92 92 95 99 102 106 108 108 108
72 73 74 75 75 76 77 78 81 84 87 90 94 96 96 96 95 97 100 102 102 102 103 103 105 106 108 108 109 110 110 110 110 109 109 107 104 102 97 92 92 93 93 94 94 94 94 94 94 94 93 91 89 88 88 88 88 89 89 91 91 88 89 91 91 89 86 87 88 87 87 89 91 89 89 91 92 94 95 95 96 96 95 94 94 94 93 93 94 99 103 107 111 113 113 112
73 74 75 76 76 78 80 82 84 87 91 94 96 97 97 96 97 99 104 106 105 104 105 106 107 109 111 112 112 114 115 116 116 114 112 111 107 102 95 92 92 92 93 93 93 94 94 93 93 92 90 89 88 88 88 88 89 89 91 94 92 88 88 89 88 87 84 84 84 84 85 87 88 88 89 91 92 93 94 95 95 95 95 95 95 95 95 96 99 102 107 113 116 117 116 113
74 75 77 78 78 80 84 86 88 91 94 96 97 98 98 98 99 100 104 106 107 107 108 108 109 111 113 115 116 117 118 120 120 118 115 112 106 99 93 92 92 92 93 93 93 94 94 92 92 91 89 89 89 89 89 89 90 92 92 94 90 88 88 87 87 86 83 83 83 83 84 85 86 88 90 92 92 93 94 94 94 95 95 95 95 96 98 101 103 107 113 117 119 119 117 113
75 78 79 80 80 83 87 89 92 95 96 96 98 98 98 99 100 102 104 105 107 109 110 111 112 114 117 119 120 120 121 123 123 120 117 112 104 96 92 92 92 92 93 93 93 94 93 92 91 90 89 89 89 89 89 89 90 92 93 93 89 88 87 87 87 85 83 83 83 83 83 83 85 88 90 92 92 93 94 94 94 95 95 95 96 98 101 104 107 111 116 119 121 120 117 112
76 79 80 81 82 86 89 92 95 95 96 96 98 98 98 99 101 103 104 105 108 110 111 113 115 117 120 122 123 124 124 125 125 122 119 111 102 94 91 91 92 92 92 92 93 93 93 92 91 90 89 89 89 89 89 89 90 92 92 92 90 88 87 87 87 85 83 83 83 83 83 83 84 88 90 91 92 93 94 94 94 95 95 96 97 99 103 106 110 113 116 119 121 120 116 111
77 80 81 81 83 86 89 92 94 95 95 96 98 98 98 99 101 103 104 106 109 111 113 115 118 121 124 125 126 128 128 129 127 122 117 110 100 93 91 91 92 91 91 91 92 92 92 92 91 90 89 89 89 89 89 89 90 92 91 91 89 87 86 87 87 87 83 82 82 82 82 82 84 87 90 91 92 93 94 94 94 95 96 97 99 102 105 108 111 113 116 118 119 117 113 108
76 80 82 83 84 86 89 91 93 94 96 97 98 98 98 99 101 103 104 107 110 112 116 118 122 126 128 130 131 132 132 131 127 122 115 107 97 92 92 92 92 90 89 90 90 91 92 92 91 90 90 89 89 89 89 89 91 92 91 91 89 87 86 87 89 87 83 82 82 82 82 82 83 86 89 90 92 93 94 94 95 96 97 100 103 105 108 110 111 113 115 115 115 113 109 105
76 80 84 85 86 87 88 91 92 94 96 97 98 98 98 99 101 103 105 109 112 115 119 123 127 131 133 134 135 135 134 132 127 122 114 104 95 92 92 92 91 89 89 89 89 90 92 92 91 90 90 89 89 89 89 90 91 92 91 91 90 87 86 88 89 86 84 82 81 81 81 81 83 86 88 91 92 93 94 95 96 98 100 104 106 108 110 110 110 111 112 112 112 109 105 101
76 81 85 87 88 88 89 91 93 94 95 96 98 98 98 100 101 104 108 111 114 119 124 129 133 135 137 138 138 137 135 132 127 120 111 101 94 92 92 92 90 89 89 89 89 89 91 91 91 91 90 90 90 90 90 91 91 92 92 91 91 89 87 89 89 86 83 82 81 81 81 81 83 86 88 91 92 94 95 96 98 100 103 107 109 110 110 109 108 108 109 109 109 105 101 99
77 81 85 87 89 90 91 92 94 95 96 96 98 98 99 101 103 106 110 113 118 124 130 134 137 139 140 140 139 138 136 132 126 118 109 99 93 92 93 92 90 89 89 89 89 89 89 90 91 91 91 90 90 91 92 92 92 92 93 93 93 92 92 91 89 86 82 81 81 81 81 81 83 86 89 92 92 94 95 97 99 102 105 109 110 111 110 108 107 106 106 106 104 101 99 96
78 81 85 88 89 91 93 93 95 95 96 97 98 99 99 102 105 109 113 117 123 129 135 138 140 141 142 142 141 139 136 131 124 116 105 97 94 93 93 92 89 89 89 89 89 89 89 90 91 91 91 91 92 93 93 92 92 93 94 94 94 96 96 95 91 87 82 81 81 81 81 81 83 87 90 92 93 94 95 97 101 104 107 109 111 111 111 108 106 106 105 103 100 98 95 91
79 82 85 88 89 91 93 94 96 96 96 97 98 99 100 103 108 112 116 122 128 134 138 140 142 143 143 143 141 139 135 129 122 113 102 96 95 95 93 92 89 89 89 89 89 89 89 90 91 91 92 92 92 93 93 92 92 93 94 94 95 97 95 93 90 86 82 81 81 81 81 81 83 87 90 92 93 94 94 97 101 105 108 110 111 111 110 108 106 105 104 101 99 97 93 90
80 82 85 88 89 92 94 95 96 96 97 97 98 100 102 107 111 115 121 127 133 137 140 142 143 144 144 143 141 138 132 126 119 109 99 96 96 95 93 91 89 89 89 89 89 89 89 90 91 92 92 92 92 92 92 92 92 95 94 94 95 94 91 88 86 83 81 81 81 81 81 81 83 87 90 92 93 93 93 97 101 105 108 109 110 111 109 107 105 103 101 99 97 95 94 91
80 83 86 88 90 92 95 96 97 97 97 98 99 101 105 109 114 119 125 131 135 138 141 143 144 144 144 143 140 136 131 123 115 104 98 97 97 95 92 89 89 89 89 89 89 89 89 91 92 93 93 92 92 92 92 91 93 95 94 92 92 92 90 87 84 82 81 81 80 80 80 80 83 87 90 92 92 92 92 95 100 104 107 108 108 108 107 105 103 100 98 96 95 95 95 95
80 83 86 88 90 92 95 97 97 97 97 98 99 103 107 112 117 122 128 132 136 139 142 144 144 144 143 142 138 133 128 121 111 101 98 98 98 95 90 89 89 89 89 89 89 89 90 91 92 93 94 92 92 92 92 91 93 95 93 90 90 91 89 86 83 81 81 80 80 80 80 80 83 87 90 91 92 91 92 94 99 102 104 106 106 105 104 102 99 97 94 92 93 94 95 95
79 82 86 88 90 92 95 97 97 97 97 98 101 105 110 115 120 126 129 132 136 140 143 143 143 142 140 138 135 131 125 117 107 99 99 99 97 92 89 89 89 89 89 89 89 89 90 92 93 93 94 93 92 92 93 91 91 92 90 87 87 87 86 83 81 81 80 80 80 80 80 80 83 87 89 90 90 89 91 93 96 98 100 102 102 101 99 98 96 93 91 90 92 93 94 94
77 81 85 87 90 92 95 97 96 96 97 98 102 106 112 118 123 127 128 132 136 140 142 141 139 138 135 134 131 127 121 112 103 100 99 99 95 90 89 89 89 89 89 89 89 89 91 92 94 94 94 93 91 91 92 90 88 87 86 84 84 83 82 81 81 80 80 80 80 80 80 80 83 87 88 89 88 88 90 92 94 94 95 96 97 96 95 95 93 89 88 89 91 93 94 94
75 78 82 86 89 91 93 94 96 96 97 99 103 108 114 119 123 126 127 130 136 138 138 136 134 132 129 128 125 121 115 106 101 101 102 100 93 89 89 89 89 89 89 89 89 89 92 93 93 93 93 92 91 90 90 89 88 85 84 83 82 82 81 80 80 80 80 80 80 80 80 80 83 86 87 88 87 86 87 89 90 91 92 93 92 91 92 92 91 88 87 89 91 93 94 94
