geo_cache/4-2/elevation.txt
ncols         942
nrows         918
xllcorner     -71.72222222222221
yllcorner     42.256
cellsize      1.0E-5
NODATA_value  -9999
[rows 588 to 636 of 918, columns 0 to 95 of 942]
187 180 177 178 178 182 188 193 194 193 195 197 193 188 183 177 176 176 177 179 184 187 189 191 194 195 196 195 193 191 191 191 191 191 191 191 193 196 199 202 204 206 208 208 209 209 210 210 209 209 209 209 208 208 207 206 204 201 199 196 192 187 182 179 176 176 174 170 167 164 161 157 153 150 149 149 149 149 149 149 150 151 151 152 152 151 151 151 151 150 150 150 150 150 150 150
184 178 176 177 179 184 191 197 197 196 197 197 193 188 183 178 176 176 177 179 183 186 189 191 194 196 196 194 192 191 191 191 191 191 191 191 193 196 200 203 205 208 209 209 210 210 211 211 211 211 210 210 209 209 207 206 204 202 200 197 192 187 182 178 177 177 176 171 167 164 161 157 153 149 149 149 149 149 149 149 150 150 150 150 150 150 150 150 150 150 150 150 150 150 150 150
181 176 176 176 180 186 193 196 196 196 197 195 192 188 185 181 176 176 176 178 182 186 189 192 194 196 196 193 191 191 191 191 191 191 191 192 194 197 200 204 207 209 210 210 211 211 211 212 212 211 211 210 209 209 208 207 204 202 201 197 191 185 180 176 176 177 176 171 167 163 160 156 152 149 149 149 149 149 149 149 151 150 150 150 150 150 150 150 150 150 150 150 150 150 150 150
179 175 175 176 180 187 194 196 194 193 194 191 189 191 189 182 176 176 177 178 183 186 189 193 195 195 194 192 191 191 191 191 191 191 191 192 194 197 200 204 207 210 211 211 211 211 211 211 211 210 210 209 209 208 207 206 204 202 201 197 191 186 180 175 175 177 176 171 166 162 160 156 152 149 149 149 149 149 149 149 153 152 150 150 150 150 150 150 150 150 150 150 150 150 150 150
178 175 175 176 180 187 193 194 190 189 188 187 188 193 191 181 176 176 177 179 183 188 191 194 195 196 194 193 191 191 191 191 191 191 191 193 195 198 200 204 207 211 213 213 212 211 211 210 209 209 208 207 207 207 206 206 204 201 200 198 193 186 180 175 175 176 175 171 165 161 159 156 153 149 149 149 149 149 149 151 154 154 153 153 152 152 151 150 150 150 150 150 150 150 150 150
178 175 174 176 180 187 191 189 185 183 184 185 187 190 187 179 175 175 178 180 184 188 192 195 195 196 196 194 191 190 190 191 191 191 192 193 196 198 200 203 207 210 213 213 213 212 211 209 208 208 207 207 206 206 205 205 203 201 200 197 193 186 179 174 173 175 174 170 164 160 158 156 153 150 148 148 150 152 152 152 156 156 156 157 157 157 155 151 150 150 150 150 150 150 150 150
179 175 173 175 178 183 185 182 179 179 182 184 185 185 181 176 174 175 179 181 186 190 194 195 196 198 197 194 190 190 190 191 191 192 193 194 196 198 200 203 206 210 212 213 213 212 210 208 207 207 206 206 205 204 204 203 203 201 199 197 192 185 178 173 172 174 173 169 163 159 157 155 153 150 148 148 154 158 157 155 157 159 159 161 163 164 160 156 151 150 150 150 150 150 150 150
178 175 172 172 175 177 177 176 177 179 183 183 183 182 178 174 174 176 181 183 188 193 195 196 197 198 195 191 190 190 190 191 192 193 193 194 196 198 200 203 206 209 211 213 213 212 210 208 206 206 205 205 204 203 203 202 201 199 198 196 190 184 177 172 171 173 172 168 163 159 155 153 151 149 148 149 157 163 161 158 158 160 162 164 168 170 166 161 154 150 149 150 150 150 150 150
176 173 170 170 172 172 172 174 178 181 183 181 180 179 175 173 174 178 184 186 191 195 196 196 196 194 191 190 190 190 191 192 193 193 194 195 197 198 200 203 205 208 210 212 213 212 210 208 206 204 204 203 203 202 201 200 200 198 196 193 188 182 176 171 170 172 171 169 164 159 155 150 149 149 148 149 159 165 165 162 160 161 164 167 171 175 171 164 156 150 149 151 153 152 150 150
174 172 170 170 170 170 171 174 179 182 184 181 178 176 173 172 175 181 186 189 193 195 195 194 193 191 190 190 190 191 192 193 193 194 195 196 197 199 200 202 205 208 210 212 214 212 210 209 207 204 203 203 202 201 200 199 197 195 193 190 186 180 175 171 170 171 172 169 165 160 155 150 149 149 148 149 158 166 167 165 163 162 164 167 173 176 172 165 157 152 151 155 159 157 154 151
172 170 170 170 170 170 172 176 180 184 185 182 176 173 173 172 175 182 188 191 194 194 193 191 190 189 190 191 191 192 193 194 195 195 196 197 197 199 201 203 205 208 210 212 214 213 211 210 208 205 203 201 201 199 198 196 194 191 189 187 183 178 173 170 169 171 172 169 166 162 156 151 149 149 147 149 157 165 169 168 165 162 163 167 172 174 170 165 159 155 156 160 163 162 158 154
170 170 170 170 170 170 173 178 183 186 186 182 175 173 173 173 176 181 188 191 193 192 190 189 189 189 190 191 192 193 194 195 195 196 197 198 199 200 201 203 206 208 210 213 214 214 212 211 209 206 203 201 200 198 196 192 190 188 186 185 181 176 172 169 168 169 170 168 166 162 157 152 149 148 147 148 155 164 169 170 166 161 161 165 169 170 167 163 160 158 158 161 164 165 161 157
170 170 170 170 170 170 175 181 185 186 185 179 173 173 174 177 178 181 186 188 190 190 189 189 189 190 192 193 194 194 195 196 197 197 198 199 200 201 202 204 207 209 211 213 214 214 213 212 210 207 204 201 198 197 194 190 187 185 183 181 178 173 171 169 168 168 168 168 167 163 158 153 150 148 147 147 153 160 167 171 168 160 158 162 166 166 165 161 160 158 158 161 164 165 163 160
170 170 170 170 170 170 175 181 185 184 181 175 173 175 178 180 181 182 185 186 187 188 188 188 190 191 193 194 195 195 195 196 197 198 199 200 201 202 203 205 208 210 212 214 214 214 213 212 211 208 206 201 198 196 194 190 186 182 180 177 175 171 170 171 172 174 174 174 172 169 163 156 151 148 147 147 150 156 163 168 167 160 156 158 162 162 161 160 159 157 157 160 164 165 163 160
171 171 170 170 170 170 174 179 180 178 175 173 175 180 183 183 182 185 186 186 186 188 188 189 191 192 194 196 197 197 196 197 198 199 201 202 203 204 205 207 209 211 214 215 215 215 214 213 212 210 207 201 197 196 194 191 187 182 180 177 174 171 172 175 178 180 180 180 177 173 168 160 154 149 147 146 147 152 159 163 163 159 154 155 157 158 157 158 158 155 155 159 163 164 165 161
173 173 171 170 170 170 171 173 173 173 172 175 180 183 184 182 183 187 187 187 187 188 190 191 192 194 195 197 198 198 198 198 200 201 203 205 206 206 208 209 210 212 215 216 216 216 214 213 213 211 207 201 197 195 193 192 188 183 180 177 174 172 175 180 183 185 186 185 182 178 173 165 158 151 148 146 146 149 153 158 159 158 153 152 154 154 152 155 156 153 153 158 162 164 165 161
174 173 171 171 170 170 169 169 169 171 175 179 183 183 182 182 185 188 190 190 189 190 193 194 194 195 197 199 200 199 199 200 202 204 206 207 208 209 209 210 211 213 216 216 217 216 214 214 214 211 206 201 197 195 193 191 188 183 180 177 174 175 178 183 186 188 190 189 187 183 178 171 162 155 149 146 146 147 149 153 156 156 151 149 151 150 149 152 153 151 151 156 161 164 164 162
176 173 172 172 172 172 169 169 170 174 179 182 183 181 181 182 186 189 191 192 190 192 195 197 197 198 201 202 201 201 201 202 203 206 208 209 209 209 209 210 212 214 215 216 216 215 214 213 212 210 204 199 196 195 193 190 187 183 180 177 176 177 181 185 188 191 194 194 192 188 182 175 167 159 153 149 146 146 146 150 154 154 150 147 148 147 147 150 150 149 149 154 160 162 163 164
176 173 172 172 173 172 169 169 173 178 182 184 185 183 182 183 188 191 191 192 190 193 196 200 201 203 205 204 202 202 202 204 205 208 209 210 209 208 208 210 212 214 214 215 215 213 212 210 209 206 202 197 195 194 193 189 186 183 181 178 176 179 183 187 190 194 197 198 197 193 187 180 171 163 156 152 148 145 144 148 153 153 149 146 146 145 146 148 149 147 147 152 158 162 163 163
177 173 171 171 171 170 169 171 176 181 184 186 188 186 183 185 188 190 191 191 191 193 197 201 205 207 208 206 204 203 204 205 207 208 209 209 207 206 207 210 212 213 213 213 212 209 208 206 205 202 198 195 193 193 192 189 186 183 182 179 178 181 185 189 192 196 199 200 199 196 191 184 177 167 159 154 150 145 143 146 151 152 148 144 144 143 144 146 146 145 145 150 155 160 163 163
176 173 170 168 168 168 170 174 179 183 185 188 189 187 183 185 188 189 190 190 191 194 199 204 209 210 209 207 206 205 206 206 207 208 208 206 204 204 206 209 211 212 211 209 208 205 203 201 200 198 195 192 192 192 190 189 185 182 181 180 179 182 186 189 192 196 200 202 201 199 194 188 181 171 163 156 152 146 143 145 147 149 145 141 141 141 142 144 144 142 143 148 153 157 160 162
174 171 168 167 167 169 173 177 180 183 185 188 189 186 185 185 188 188 190 191 194 198 203 208 212 212 210 208 208 208 208 208 207 207 206 205 202 202 204 206 207 208 207 205 203 200 197 196 196 195 193 191 191 191 190 189 185 182 180 179 178 182 185 188 192 196 201 203 203 201 197 191 184 176 167 159 154 147 143 142 144 146 143 139 138 139 141 141 141 140 141 146 151 155 159 161
171 168 167 167 168 171 175 179 180 182 185 187 187 185 185 186 188 189 192 194 198 203 207 211 212 211 211 211 211 211 211 210 207 205 203 201 199 199 201 203 203 203 203 201 197 195 193 193 193 194 192 191 191 191 191 190 185 181 180 178 178 181 184 188 191 195 201 204 204 203 200 194 187 180 171 162 155 149 144 141 141 142 140 137 135 136 139 141 140 139 139 143 148 151 155 158
169 167 167 167 170 173 177 179 180 182 184 185 185 184 185 187 189 192 196 199 203 206 210 212 212 211 213 214 214 214 213 210 206 202 198 196 195 195 198 199 199 199 198 195 193 192 191 192 192 192 191 191 191 191 190 189 185 181 179 177 177 180 183 187 190 194 200 203 204 204 202 196 189 183 175 165 157 150 145 140 139 139 137 135 134 135 137 139 139 137 137 140 144 148 152 155
167 166 167 168 170 173 177 179 180 181 182 182 183 185 188 190 193 197 202 204 206 209 210 211 212 214 216 215 215 214 213 210 206 200 194 191 190 191 194 195 195 194 192 191 191 190 190 191 191 191 191 190 190 190 189 188 185 181 179 176 176 178 182 186 189 193 197 202 204 204 204 199 193 186 179 169 159 152 145 140 137 136 135 134 134 134 135 136 136 136 135 137 140 144 148 152
165 164 167 168 170 173 177 179 180 181 181 182 184 187 191 194 198 202 205 206 207 209 211 212 214 216 216 215 215 214 213 210 206 200 192 188 188 189 189 190 190 189 189 188 189 189 190 191 191 191 191 190 189 189 188 187 184 180 178 175 175 177 181 184 188 191 195 199 202 204 203 199 194 188 181 171 161 152 146 140 135 134 133 133 133 133 134 134 134 134 133 135 137 141 145 149
165 165 167 169 171 174 177 179 179 181 181 183 187 190 194 197 201 204 206 206 208 209 211 214 215 216 215 214 214 213 212 210 206 199 191 188 188 188 188 188 188 188 188 188 188 188 189 190 190 190 190 189 189 188 187 185 183 180 178 175 174 176 180 183 185 188 192 196 199 201 201 198 194 187 180 171 161 153 146 140 135 132 132 132 132 133 133 133 133 132 132 133 134 137 141 145
165 168 169 170 172 174 177 178 179 180 182 185 189 192 196 200 203 205 207 207 209 210 212 213 213 212 211 211 211 210 210 209 205 197 189 188 188 188 188 188 188 188 188 188 188 188 189 190 190 190 189 188 187 187 186 184 181 178 177 175 173 175 178 180 182 185 188 191 194 196 197 194 191 185 178 169 160 153 146 139 134 132 130 130 131 132 133 133 133 132 131 131 132 134 137 140
167 170 171 171 172 174 176 177 178 181 184 187 191 194 198 202 204 206 208 209 210 211 211 211 209 207 206 206 206 207 207 207 202 195 188 188 188 188 188 188 188 188 188 188 188 188 189 190 190 190 189 187 186 185 184 182 180 177 176 174 173 173 175 177 179 181 183 185 188 190 190 189 186 181 174 166 159 152 145 137 133 131 129 130 131 132 133 132 132 131 130 130 130 132 134 136
169 172 173 173 173 173 175 176 179 182 186 189 193 196 199 203 205 208 209 210 211 212 212 211 207 204 202 202 202 203 204 203 199 193 188 188 188 188 188 188 188 188 188 188 188 188 188 190 190 189 188 186 185 184 183 181 178 176 176 174 173 172 173 174 175 176 178 179 181 183 184 183 180 175 168 162 156 152 144 136 131 129 127 129 131 132 133 132 131 130 129 129 130 130 132 134
171 174 175 174 173 174 175 177 180 183 187 191 194 197 201 204 206 209 211 212 213 215 214 211 206 202 200 199 200 201 201 201 197 191 188 188 188 188 188 190 189 188 188 188 188 188 188 189 189 188 187 186 184 182 181 180 178 178 177 176 175 173 172 172 172 172 173 173 175 177 178 177 174 170 163 157 153 149 142 134 129 127 126 127 129 131 133 132 130 128 128 128 129 129 130 131
172 175 175 175 174 174 175 177 180 184 188 192 195 198 202 205 208 210 212 212 215 217 215 210 205 200 198 197 198 199 199 199 195 189 188 188 188 188 190 192 191 189 188 188 188 188 189 189 189 188 186 184 182 182 181 180 180 180 181 181 180 178 175 171 169 169 169 169 171 172 172 172 169 165 159 155 150 145 139 133 128 126 125 125 127 129 130 130 129 128 128 128 128 128 129 130
171 174 175 175 175 175 176 178 180 184 188 192 195 198 202 205 209 211 212 213 215 218 215 209 204 200 196 196 197 197 199 198 194 189 188 188 188 189 192 194 193 189 188 188 188 188 189 189 188 187 185 184 182 182 182 182 182 182 183 183 182 182 180 175 170 168 167 168 168 168 168 167 165 161 157 153 148 143 138 132 127 125 125 125 125 127 129 128 128 127 127 127 127 128 129 129
171 173 174 174 175 175 176 178 181 185 188 191 195 198 202 205 209 211 212 213 215 218 215 209 204 201 198 196 195 194 196 196 193 188 188 188 188 189 193 194 192 190 189 188 188 188 189 189 187 185 185 184 183 182 182 183 183 184 185 185 185 185 185 181 175 169 166 165 163 162 162 162 160 158 155 151 145 141 136 130 126 125 125 125 125 126 127 127 127 127 126 126 126 127 127 128
172 173 174 175 175 176 176 178 181 185 188 191 194 198 202 206 209 211 212 213 215 217 214 209 205 203 200 197 194 192 192 193 191 188 188 188 188 191 193 192 191 190 189 189 189 189 188 187 187 185 185 185 184 184 184 185 186 187 188 189 190 190 190 188 183 175 169 163 159 157 157 157 156 155 153 148 142 139 134 128 125 125 125 125 125 126 126 127 127 127 126 126 125 125 125 126
174 175 176 176 176 176 176 178 181 185 188 190 193 197 202 206 210 211 212 213 215 217 214 210 206 204 202 198 195 192 190 190 189 188 188 188 188 190 192 191 190 190 189 189 189 189 188 188 187 186 186 186 185 185 186 187 189 190 191 193 194 194 194 191 188 182 175 166 160 156 153 152 153 152 150 144 139 137 133 127 125 125 125 125 125 126 126 126 126 126 126 125 125 124 124 124
175 177 178 178 178 178 177 178 180 184 187 189 192 195 201 206 210 211 211 213 215 215 213 209 204 204 204 200 196 191 188 188 188 188 188 188 188 189 190 190 190 190 190 190 190 189 189 189 189 188 188 188 187 187 188 189 192 194 195 196 197 197 197 195 192 187 180 170 163 156 151 149 149 148 145 140 136 134 131 126 125 125 125 125 125 125 125 125 125 126 126 125 125 124 123 123
176 177 178 180 181 181 180 178 180 183 186 189 192 194 199 205 209 211 211 212 214 214 211 207 203 202 203 199 194 190 188 188 188 188 188 188 188 189 189 190 190 190 190 190 190 189 191 192 192 191 190 189 188 189 190 191 194 196 198 200 201 201 200 198 195 190 183 174 165 157 151 147 146 144 142 137 133 130 128 125 125 125 125 125 125 125 125 125 125 125 126 125 125 124 123 123
177 179 180 182 183 184 183 180 181 183 186 189 192 194 199 204 209 210 211 211 212 212 209 205 201 200 200 196 192 188 188 188 188 188 188 188 188 188 189 189 190 190 191 191 191 191 194 195 195 195 193 192 191 191 192 194 196 198 201 203 204 204 203 199 197 192 185 176 167 159 152 148 144 141 139 136 132 128 126 125 125 125 125 125 125 125 125 124 124 124 124 125 124 124 123 123
178 180 182 183 185 186 185 182 182 182 185 189 192 195 199 204 208 210 210 211 212 211 209 205 200 197 197 193 190 188 188 188 188 188 188 188 188 188 189 190 190 191 191 191 192 193 197 198 199 199 197 196 195 194 195 197 199 201 204 206 206 206 204 201 197 193 186 178 168 159 153 148 142 138 136 134 132 127 125 125 125 125 125 125 125 125 125 124 124 124 124 125 124 124 124 123
179 181 183 184 186 187 185 183 182 182 184 189 193 196 198 202 206 210 210 211 212 210 208 204 199 195 193 190 188 188 188 188 188 188 188 188 188 189 190 191 191 192 192 192 193 196 200 202 203 203 201 200 198 197 198 200 202 205 206 207 208 206 204 202 199 194 186 178 169 160 154 148 143 138 135 133 131 127 126 126 126 125 125 125 125 125 125 124 124 124 124 124 124 124 124 124
180 182 183 185 187 187 185 183 182 182 183 188 193 196 198 200 205 209 211 212 212 210 207 203 198 194 190 188 188 188 188 188 188 189 189 190 190 190 191 192 192 192 193 193 194 198 203 206 208 208 206 203 202 201 201 202 204 206 207 207 207 205 203 201 198 194 187 178 169 160 154 148 143 138 136 133 130 127 126 126 126 125 125 125 125 125 125 124 124 124 124 124 124 124 124 124
180 183 184 185 187 187 185 182 182 182 182 187 192 195 196 198 204 209 211 212 213 210 206 201 197 193 190 188 187 187 187 188 189 190 191 192 192 192 192 193 194 194 194 194 197 201 206 210 212 212 211 208 206 204 203 204 205 206 206 205 205 203 201 199 196 193 187 178 169 161 153 147 143 139 136 133 130 128 127 126 126 125 125 125 125 125 125 125 125 124 124 124 124 124 124 124
182 184 185 186 187 187 185 183 182 182 182 184 189 192 193 198 203 208 211 212 212 209 205 199 195 192 189 187 187 187 187 189 190 191 192 193 193 193 193 194 195 195 195 196 200 204 209 214 215 215 214 211 209 206 205 205 205 205 205 204 203 201 199 197 195 191 184 176 168 160 153 148 144 139 135 132 130 129 128 127 126 125 125 125 125 125 125 125 125 124 124 124 124 124 124 124
182 184 187 189 188 187 185 183 182 182 182 183 187 189 191 196 202 207 211 212 211 208 203 198 193 190 187 187 187 187 187 189 191 193 194 195 195 194 195 196 197 197 197 199 202 207 212 217 220 220 218 215 211 208 206 206 205 204 204 202 201 200 198 196 193 188 181 174 167 159 153 148 144 140 135 132 130 129 129 128 127 126 125 125 125 125 125 125 125 125 125 125 125 125 124 124
184 186 189 191 190 188 186 184 184 183 183 185 186 187 189 194 200 206 210 210 209 205 201 195 191 188 187 187 187 187 187 189 193 194 195 196 196 197 197 198 199 200 200 201 205 209 214 220 224 224 221 217 212 210 207 205 204 204 203 201 200 198 197 196 192 186 180 173 165 157 152 148 144 141 136 132 130 130 130 129 128 127 126 126 126 125 125 126 126 126 125 125 125 125 124 124
185 188 191 192 192 190 187 186 185 185 185 187 187 187 187 191 197 203 207 207 206 202 198 193 189 187 187 187 187 188 188 191 194 195 197 198 198 199 199 200 201 202 202 203 207 210 216 222 224 225 223 218 212 209 206 204 203 202 202 201 200 198 197 196 193 187 182 175 165 156 150 148 144 141 137 132 129 129 129 129 130 127 127 127 127 126 126 128 127 127 127 127 126 125 125 125
187 189 192 193 193 192 189 187 187 185 185 188 186 186 186 189 194 199 203 203 202 199 195 190 187 186 186 187 188 189 190 192 195 196 198 199 200 201 202 202 202 203 204 205 208 211 217 221 224 225 222 217 212 208 205 203 202 202 202 201 200 198 197 197 194 189 184 177 167 157 149 146 144 140 136 132 129 128 128 129 129 127 127 128 127 126 127 129 129 129 129 129 128 128 129 128
187 189 192 193 194 192 190 189 188 185 184 185 185 185 185 187 191 195 199 199 199 196 192 188 186 186 186 188 189 190 191 193 195 197 199 201 202 203 204 204 204 205 206 207 208 212 217 220 222 223 220 215 211 207 204 201 200 201 201 201 200 198 197 197 194 190 184 177 168 159 150 144 142 139 135 131 128 128 128 128 127 127 127 128 126 126 128 130 130 131 131 131 131 132 132 131
