geo_cache/4-2/elevation.txt
ncols         942
nrows         918
xllcorner     -71.72222222222221
yllcorner     42.256
cellsize      1.0E-5
NODATA_value  -9999
[rows 147 to 195 of 918, columns 288 to 383 of 942]
159 160 160 155 145 139 139 142 143 143 141 139 136 132 128 125 122 119 116 117 119 119 119 119 120 122 126 129 130 131 132 132 131 133 135 138 140 143 147 152 156 159 162 165 167 167 168 168 167 167 166 166 166 165 164 164 164 162 161 159 157 156 154 152 150 148 146 143 140 137 134 133 133 133 133 133 132 132 132 132 132 133 133 134 135 137 139 138 135 131 128 124 121 122 125 127
163 164 163 157 145 141 141 144 145 144 143 140 138 133 129 126 124 121 117 117 117 118 119 120 121 123 127 129 131 132 133 135 133 134 137 139 141 144 149 155 158 160 163 165 167 167 168 169 168 167 167 167 167 166 166 166 165 164 162 160 159 158 156 154 151 149 147 145 142 139 136 133 133 133 133 133 132 132 132 132 132 133 133 134 136 139 141 141 138 134 131 126 122 120 122 123
168 169 166 157 145 142 142 144 145 145 145 142 139 135 131 128 125 121 118 117 117 117 119 121 122 124 127 129 131 133 135 137 135 135 138 139 142 146 151 156 159 161 163 166 167 168 169 169 169 168 168 167 167 167 166 166 166 165 164 161 160 159 158 155 153 150 148 146 143 140 137 135 133 133 133 133 132 132 132 132 132 132 133 134 137 139 141 142 140 137 135 130 125 121 120 120
173 173 169 157 145 143 143 145 147 148 147 144 142 137 133 130 126 122 118 117 117 117 119 121 122 124 127 130 131 133 136 137 138 137 138 140 143 148 153 157 159 161 163 166 168 168 170 170 169 169 168 168 168 167 167 167 167 166 164 163 161 160 158 156 154 151 148 146 144 141 140 138 136 135 135 133 132 132 131 132 132 132 133 134 136 139 141 143 142 140 138 135 130 125 121 119
179 179 172 158 147 144 145 147 150 151 150 147 144 139 135 131 127 122 118 117 117 117 119 121 122 123 126 131 133 135 136 137 138 139 139 141 144 149 154 157 159 161 163 166 169 169 170 171 170 169 169 168 168 168 167 167 167 166 165 163 162 161 160 157 155 152 150 149 146 144 143 141 139 138 137 135 133 132 131 132 132 132 133 134 136 138 141 143 143 142 141 138 134 129 124 121
183 184 176 163 151 145 146 150 153 154 153 150 146 141 136 132 127 123 119 118 118 118 119 121 122 125 129 133 136 136 136 137 138 139 140 142 145 149 154 158 160 162 163 167 169 169 170 171 170 170 169 169 169 168 168 168 167 167 165 164 163 162 160 158 156 154 152 150 149 147 145 143 141 139 138 137 134 132 131 132 132 132 132 133 135 137 141 143 144 143 142 140 137 132 127 123
188 186 181 170 154 147 149 153 157 158 157 152 148 142 137 133 128 123 119 118 118 119 119 121 124 130 135 136 137 137 137 137 137 140 141 143 146 150 154 158 160 162 163 167 169 169 170 171 171 170 170 170 169 169 169 169 168 167 166 164 164 162 161 158 156 155 154 152 150 148 146 143 141 140 138 137 135 132 131 131 131 132 132 133 134 135 138 142 144 143 143 141 138 134 129 125
190 187 183 171 154 149 151 156 159 161 159 154 149 143 138 134 129 124 120 119 119 120 121 122 126 131 136 136 137 137 137 137 137 140 141 144 147 150 154 157 160 162 164 167 169 169 170 171 171 170 170 170 170 170 169 169 168 168 166 165 164 163 161 159 157 156 155 153 151 149 147 145 143 140 138 137 135 133 131 131 131 131 131 133 133 133 137 141 144 144 144 141 136 133 129 124
189 187 181 169 154 151 153 158 161 163 161 156 150 143 138 134 129 124 121 119 120 122 124 125 127 130 133 134 135 135 136 137 138 140 142 145 149 151 154 156 159 161 164 167 169 169 170 171 171 171 171 171 171 170 170 170 169 168 166 165 164 163 162 159 157 157 156 154 152 151 149 146 143 140 138 137 135 133 130 130 130 130 131 132 133 133 135 139 142 143 143 140 134 130 127 123
187 187 181 168 155 153 155 160 162 163 161 156 150 143 138 133 129 125 122 120 122 124 126 127 128 129 130 132 133 135 137 138 139 140 142 146 149 151 153 156 159 162 164 167 168 169 170 171 171 171 171 171 171 171 170 170 169 168 166 165 164 163 162 159 157 157 156 155 154 152 151 148 144 140 138 137 134 132 130 129 129 130 131 131 132 133 135 138 140 141 141 138 131 126 125 122
188 188 182 170 157 155 157 160 163 163 160 156 149 143 137 132 128 125 122 122 124 126 128 129 130 130 131 132 133 136 137 139 140 141 143 147 149 151 153 156 159 162 164 167 168 168 169 171 172 172 172 171 171 171 170 170 169 168 166 165 164 163 161 159 158 158 157 157 155 153 151 148 145 140 138 136 133 131 129 129 129 129 130 131 132 132 134 137 139 139 139 136 128 124 123 120
189 189 180 169 159 157 158 161 163 163 159 155 149 142 136 131 128 125 123 123 125 128 130 131 131 131 132 133 134 136 137 139 140 141 144 147 149 151 152 156 159 162 164 166 167 168 169 170 171 172 172 172 171 171 170 170 169 167 166 164 163 162 160 158 158 158 158 158 156 153 151 149 145 141 138 136 133 131 129 128 128 129 129 131 132 132 134 137 138 137 137 133 125 121 121 119
187 186 177 167 159 158 159 161 163 162 159 155 150 143 137 131 128 126 125 125 126 128 131 132 133 133 133 135 135 136 138 140 141 142 144 146 149 151 152 156 159 162 164 166 167 167 168 169 171 172 172 171 171 170 169 169 168 167 165 163 163 161 159 158 158 158 159 159 156 153 151 149 146 142 139 136 133 131 129 128 128 128 129 131 132 132 133 137 137 134 134 130 122 119 119 118
184 182 174 165 159 159 159 161 163 162 158 155 150 143 137 131 130 129 129 128 128 128 131 133 133 134 135 138 137 136 139 141 142 142 144 146 149 151 152 156 159 162 164 165 166 166 168 169 170 171 171 170 170 169 168 168 167 166 164 163 163 161 159 158 158 158 159 159 156 153 152 151 148 144 140 137 134 132 130 128 128 128 128 130 132 132 133 135 135 131 128 125 120 117 117 117
179 177 170 163 160 159 160 161 162 161 157 154 149 143 137 133 133 134 134 133 131 129 131 133 135 137 139 141 140 140 141 143 143 143 144 145 148 149 152 155 158 161 163 165 165 165 166 168 170 170 170 169 168 167 167 166 166 165 163 162 162 161 159 159 159 159 159 158 156 154 153 152 150 146 142 138 135 132 130 128 128 127 128 130 132 132 132 132 131 127 123 121 117 117 117 119
174 172 166 162 160 160 160 161 161 159 157 154 149 143 139 136 137 138 137 135 133 131 132 134 137 141 144 146 145 145 145 144 144 144 145 146 147 148 151 154 158 160 162 164 164 165 166 167 169 170 169 168 167 165 165 165 165 164 163 162 162 161 160 158 158 158 158 158 156 155 154 152 150 147 143 139 135 133 130 129 128 126 126 129 131 131 132 130 127 122 118 117 115 117 119 121
168 168 164 161 161 161 161 161 160 158 157 154 150 146 142 140 140 141 139 137 134 133 134 136 139 142 145 147 147 146 144 143 145 147 148 148 146 146 149 153 156 159 161 162 163 163 164 166 167 168 168 167 165 164 164 164 164 163 163 162 162 161 160 158 158 158 158 158 156 155 155 153 151 147 143 140 136 133 130 129 128 126 126 127 129 131 131 129 125 120 116 115 115 117 121 122
163 163 162 161 161 161 161 162 160 159 158 155 152 149 145 143 143 143 141 138 137 136 137 139 142 142 143 145 145 144 143 143 146 149 150 149 145 145 147 151 156 158 159 160 161 162 162 164 165 166 165 165 164 163 163 163 163 163 162 162 162 160 159 158 157 157 158 158 156 155 155 153 152 148 143 140 136 133 130 129 128 127 126 125 127 129 130 128 124 119 115 113 114 118 122 122
158 159 161 161 161 161 162 162 161 160 159 156 153 150 147 145 145 145 142 139 140 141 142 144 145 143 142 142 143 143 144 145 147 150 150 148 145 145 146 150 154 156 157 158 160 160 161 162 163 164 163 163 162 161 161 162 162 163 162 161 161 160 158 156 155 157 158 157 156 155 155 153 152 148 144 140 135 133 130 129 128 127 126 124 124 127 128 126 121 117 114 112 113 118 122 121
154 157 160 162 162 162 162 162 162 161 160 156 154 150 148 146 147 147 143 142 142 145 146 147 147 145 144 143 143 144 146 147 148 149 149 146 144 144 146 149 153 154 155 155 157 158 161 162 162 162 162 161 160 159 160 161 162 163 161 161 160 159 157 154 155 157 158 156 155 155 155 153 152 149 145 140 135 133 131 129 128 127 126 123 123 123 125 123 119 116 113 112 113 117 121 119
152 155 159 162 163 163 164 164 164 162 160 156 154 150 148 148 149 148 146 145 145 146 148 148 148 147 147 145 145 146 147 147 148 149 148 146 144 145 146 148 150 152 152 152 154 155 158 159 160 159 159 159 158 156 158 160 162 162 161 160 159 157 154 153 154 156 156 155 155 156 155 154 152 150 146 140 136 133 132 130 128 127 126 123 122 120 120 119 116 114 112 111 112 116 118 115
151 154 158 161 163 165 165 166 164 162 160 157 154 150 149 149 150 150 149 149 149 149 150 149 149 149 149 147 147 147 147 148 148 148 146 146 145 145 146 147 148 149 149 149 151 152 155 156 157 156 156 156 155 153 155 159 160 160 159 157 157 155 152 151 153 153 154 154 155 156 155 154 153 151 147 143 139 135 133 131 129 127 126 123 121 120 117 115 114 112 111 110 110 113 115 111
151 154 157 161 164 166 167 168 164 162 160 156 153 151 150 150 151 152 152 152 153 153 152 151 151 151 150 149 148 148 148 148 147 146 146 146 146 146 146 146 147 147 147 147 147 148 151 152 153 152 151 151 150 150 153 156 156 157 155 154 155 152 151 151 152 152 153 154 156 157 157 155 153 151 148 145 141 137 133 131 129 126 125 123 122 120 117 114 113 111 110 108 109 110 110 110
151 153 156 160 163 166 168 167 164 161 159 155 153 152 151 151 152 153 153 154 155 155 154 153 152 151 151 150 149 148 148 148 147 146 146 146 146 146 145 145 145 145 145 145 145 146 147 149 150 149 147 147 148 148 150 152 152 154 153 152 151 151 152 153 152 152 154 156 158 158 158 157 154 151 148 145 142 138 133 131 128 124 123 123 122 121 118 116 113 111 110 108 107 108 108 111
152 152 155 158 161 165 166 165 162 160 157 155 153 153 153 153 153 154 155 157 157 157 155 154 153 152 152 151 150 149 148 148 147 146 146 146 147 147 145 144 144 144 144 144 144 144 145 145 146 146 145 145 146 146 147 148 150 154 155 150 149 151 155 156 155 154 155 158 160 160 159 156 153 150 148 146 143 139 133 130 126 123 120 121 122 121 119 117 113 111 110 108 105 106 108 111
152 152 154 156 158 162 163 163 161 159 157 155 154 153 153 153 154 156 157 159 159 159 157 154 153 152 152 152 151 150 149 148 147 146 146 146 147 147 145 144 144 144 144 143 143 143 143 143 144 144 143 145 146 145 146 148 152 156 156 150 148 151 155 157 157 157 158 160 162 162 160 156 152 149 147 146 144 140 134 130 126 123 119 119 119 119 118 117 113 111 109 107 105 105 109 111
154 154 154 154 156 160 161 162 161 158 157 156 154 154 154 154 156 158 159 160 161 160 157 154 154 154 154 153 152 150 149 147 147 146 147 147 147 147 146 144 144 144 144 143 143 143 143 143 143 142 142 143 144 145 147 149 153 156 154 148 148 151 155 158 159 159 160 162 163 162 160 156 151 148 147 147 144 140 136 132 129 125 122 118 116 116 116 116 113 111 108 106 104 105 109 110
158 156 154 154 155 158 160 161 160 159 157 156 155 155 155 156 158 159 161 162 162 161 157 155 155 156 156 155 153 150 149 147 147 147 147 147 147 147 146 145 144 144 144 143 143 143 143 142 142 142 142 142 142 145 149 151 150 150 148 147 149 152 154 158 161 161 162 162 163 162 159 155 151 148 147 147 145 142 138 135 132 128 124 120 117 114 113 114 113 110 108 105 104 105 108 108
160 158 155 154 156 158 159 160 161 159 158 157 158 158 157 158 159 161 162 163 163 160 158 158 158 158 158 157 153 150 149 147 147 147 147 147 147 147 146 145 145 144 144 143 143 143 143 142 142 142 142 142 143 146 150 150 147 145 144 147 151 153 155 158 161 161 163 163 163 161 158 154 150 148 147 147 145 143 140 136 134 130 126 121 118 114 112 111 110 109 107 104 103 104 108 108
162 160 156 154 157 158 159 160 161 160 159 160 161 161 159 159 160 162 164 164 163 160 160 161 160 160 159 156 153 150 149 149 149 148 147 147 147 146 146 145 145 144 144 144 143 143 143 142 142 142 142 142 145 148 148 145 143 142 144 148 151 153 155 159 161 161 163 163 163 161 157 153 149 147 147 146 144 144 140 136 134 132 128 123 120 116 112 110 108 106 105 103 102 104 107 107
165 162 157 155 157 158 159 160 161 161 161 162 163 163 161 161 162 164 165 164 163 162 163 163 162 160 158 155 152 150 149 149 149 149 147 147 146 146 145 145 145 144 144 143 143 143 143 142 142 142 142 144 146 148 146 143 142 142 144 146 149 152 155 158 160 161 162 164 163 160 156 152 148 147 146 145 144 143 140 136 134 132 128 124 121 117 113 111 108 105 104 103 102 103 105 105
166 162 158 156 157 157 158 159 161 162 163 163 164 164 162 163 165 166 166 165 163 164 165 164 162 160 156 153 151 149 149 150 151 149 147 147 146 146 145 144 144 144 144 143 143 143 143 142 142 144 145 146 146 146 144 143 142 141 142 144 147 150 153 155 157 159 162 164 163 159 155 151 147 145 145 144 144 143 139 135 134 132 129 124 121 117 112 111 110 106 104 103 101 101 103 103
165 161 158 157 157 157 157 158 161 162 164 165 165 166 165 166 168 168 167 166 165 166 166 164 162 159 155 152 149 149 150 152 152 150 148 147 147 146 145 144 144 144 144 143 143 143 143 142 142 147 149 148 146 144 143 143 142 141 141 143 146 149 150 151 153 157 160 162 161 158 154 149 146 144 144 144 143 141 136 133 133 132 130 126 122 117 112 110 110 107 105 103 101 100 101 101
162 159 157 157 157 157 158 159 162 163 166 167 168 168 168 169 171 171 169 168 168 168 166 163 161 158 154 152 150 150 152 153 153 151 149 148 147 147 145 145 144 144 144 143 143 143 143 142 144 149 150 148 146 144 143 143 142 140 140 143 145 147 149 150 152 155 158 160 159 156 152 148 145 143 143 143 142 138 134 133 134 134 132 128 123 117 112 108 107 106 104 102 101 99 99 100
159 157 156 157 157 157 158 161 163 165 168 169 170 171 171 172 174 174 172 170 170 168 165 162 159 156 153 152 151 152 153 154 153 152 150 149 148 147 146 145 144 144 144 143 143 143 143 143 145 150 150 148 146 145 144 143 142 140 140 143 147 149 151 153 155 156 158 157 156 154 150 147 145 142 142 141 139 135 133 133 135 137 135 130 124 119 113 108 105 104 103 101 100 98 98 98
156 155 155 157 157 157 158 161 164 167 169 171 173 174 174 175 177 177 174 172 171 167 163 160 157 155 153 152 152 153 154 154 154 153 151 150 148 147 146 146 146 145 145 143 143 143 143 143 147 150 150 149 147 147 146 143 141 139 140 145 149 151 153 156 158 158 158 154 152 150 148 147 145 143 141 138 135 133 132 133 136 138 136 130 124 118 112 108 103 102 102 101 100 98 98 98
154 155 156 157 157 158 159 162 165 169 172 174 176 177 177 178 180 179 176 172 170 165 161 158 155 154 153 154 154 155 155 155 154 153 152 151 149 148 146 146 146 145 145 143 142 142 142 144 149 149 149 149 149 149 147 142 140 137 140 145 149 152 153 155 156 156 155 150 147 146 147 148 147 144 142 138 133 131 131 133 136 138 134 127 122 117 111 107 103 102 101 100 99 98 97 97
154 156 157 158 158 159 160 164 168 172 175 178 179 180 179 181 183 182 177 172 168 163 160 158 156 156 156 156 156 156 156 156 155 153 152 151 150 149 147 146 146 146 146 144 141 141 141 144 148 149 149 149 150 149 144 141 138 136 140 143 147 151 153 153 153 152 150 146 143 145 148 149 148 145 142 139 133 130 131 134 136 135 131 124 119 115 110 105 102 101 101 100 99 97 96 96
154 157 158 159 159 161 163 167 171 175 178 180 182 182 182 184 186 184 179 172 166 162 161 160 160 159 159 158 157 157 157 156 155 154 153 152 151 150 149 147 147 147 147 145 142 141 141 144 147 148 148 149 149 146 141 139 137 135 139 142 144 149 151 151 150 148 146 142 143 147 149 149 148 145 142 138 132 129 131 134 133 131 127 120 116 113 109 105 102 101 101 100 99 97 96 96
155 157 159 160 161 164 166 170 175 178 181 183 184 184 185 187 187 184 179 172 165 164 164 164 163 162 161 160 159 158 157 156 155 154 153 153 153 151 150 149 149 149 147 145 142 142 142 142 145 146 148 149 149 143 137 137 134 134 136 138 140 144 146 147 145 143 141 140 143 147 149 148 147 144 139 136 130 127 130 131 128 126 122 117 114 112 109 105 103 102 101 100 100 97 96 96
156 158 161 163 164 167 169 174 178 182 184 185 186 187 187 189 187 183 178 171 167 167 167 166 165 164 163 161 160 159 158 156 155 155 154 154 153 152 151 151 150 149 147 144 143 143 142 143 144 146 148 150 148 139 134 134 132 132 133 133 135 137 139 140 139 140 138 138 143 145 147 147 145 141 136 132 127 124 125 126 123 121 117 114 112 112 110 107 105 103 102 101 100 97 96 96
158 160 162 165 167 170 172 177 181 184 186 187 188 189 189 189 187 182 176 171 170 170 169 168 166 165 164 163 161 160 159 157 156 156 155 155 154 154 153 152 152 150 148 145 143 143 143 143 144 145 148 150 145 136 132 132 130 130 131 130 132 134 134 135 136 139 137 137 142 143 144 146 143 139 133 129 124 121 121 121 120 118 115 112 112 112 110 108 105 103 103 102 100 97 96 95
159 161 163 166 169 172 174 179 182 185 187 189 189 190 190 189 186 181 175 172 172 171 170 169 167 166 164 163 162 161 159 157 157 156 156 155 154 154 153 152 152 151 149 146 143 143 142 143 143 144 146 147 143 134 129 129 129 129 129 129 129 131 132 133 134 135 135 136 141 141 141 143 141 136 130 125 121 118 118 118 117 115 114 112 111 111 110 107 105 103 102 101 100 98 96 95
159 161 165 168 171 175 177 181 184 187 189 191 191 192 191 188 184 180 176 175 175 173 172 171 169 167 165 164 162 161 160 159 159 158 157 156 156 155 154 153 153 152 150 147 143 143 140 140 142 143 144 143 138 132 127 127 127 127 127 127 127 128 130 130 131 132 132 135 138 139 139 139 136 131 125 120 118 116 115 115 114 113 113 112 111 111 109 106 104 103 102 101 100 99 98 97
159 162 166 169 173 177 179 183 186 189 191 192 192 192 191 187 182 179 179 178 177 176 173 171 169 167 166 165 162 160 160 160 160 159 158 157 156 155 154 153 153 152 152 150 145 143 139 137 139 139 140 138 134 130 127 127 127 127 127 127 127 127 128 129 131 131 133 134 135 136 139 136 131 125 120 118 116 115 114 113 113 113 113 112 111 111 109 106 104 103 102 101 101 100 100 99
158 162 167 171 175 179 181 184 187 190 192 193 193 192 190 186 182 181 181 181 179 178 175 172 170 168 166 165 163 161 161 161 161 160 158 157 156 155 155 154 153 154 155 152 146 144 140 137 136 136 136 135 132 129 127 127 127 127 126 126 126 127 127 129 131 132 134 134 132 132 136 134 127 122 118 116 115 115 114 113 113 113 113 112 111 111 109 107 106 106 104 103 103 102 102 102
156 161 167 173 177 179 181 184 188 191 192 193 194 192 188 185 184 183 183 183 181 179 176 174 172 169 167 165 164 162 162 162 162 160 159 158 157 156 155 155 155 155 156 152 146 144 141 138 135 135 135 134 131 128 127 127 127 127 126 126 126 126 128 130 132 132 134 135 130 128 132 130 125 120 117 116 115 115 114 114 114 113 113 112 111 111 110 109 109 108 107 105 105 104 104 104
155 162 168 173 177 180 182 185 189 192 193 194 193 190 187 186 186 185 184 184 182 180 178 176 174 171 168 166 165 164 163 163 162 161 160 158 157 156 156 155 155 155 153 149 145 143 141 138 134 134 134 132 130 128 128 128 128 128 127 125 125 126 128 130 131 132 134 134 128 126 129 128 125 121 117 116 115 115 114 114 114 113 113 112 112 112 111 111 110 110 109 107 107 105 105 105
156 162 169 175 178 180 182 185 189 192 193 194 192 188 187 187 187 186 184 183 182 181 180 177 175 173 171 169 166 165 164 163 162 161 160 159 158 157 156 155 155 154 152 147 144 143 141 138 135 133 133 132 130 129 129 129 129 129 127 125 125 126 128 129 129 131 133 132 127 125 127 128 125 122 120 119 117 116 115 114 114 114 114 113 113 113 112 112 111 110 109 108 108 107 106 104
