geo_cache/4-2/elevation.txt
ncols         942
nrows         918
xllcorner     -71.72222222222221
yllcorner     42.256
cellsize      1.0E-5
NODATA_value  -9999
[rows 735 to 783 of 918, columns 96 to 191 of 942]
128 130 131 133 134 135 133 129 124 119 113 108 107 107 110 113 116 117 114 109 107 107 107 107 108 113 117 119 121 121 120 116 114 112 112 114 110 105 102 101 101 100 100 100 100 99 98 97 96 95 97 98 98 98 98 98 97 97 97 95 95 95 95 95 96 98 101 103 104 103 103 102 102 102 103 103 104 105 106 110 110 110 108 105 101 96 95 95 95 95 95 95 95 95 95 95
125 128 130 133 134 134 132 126 120 115 110 107 107 107 108 111 113 113 111 108 107 107 107 106 109 117 122 124 125 125 124 120 116 113 111 109 107 103 100 100 99 99 99 100 99 99 98 97 95 95 96 97 98 99 100 99 97 97 97 95 95 95 95 95 97 100 103 105 106 105 105 104 104 104 104 105 105 106 108 111 111 110 109 106 102 98 95 95 95 95 95 95 95 95 95 95
123 125 128 131 132 132 128 122 116 112 108 107 107 107 107 109 110 110 110 108 107 106 105 105 109 119 125 127 129 129 127 123 118 115 112 108 105 102 100 99 98 98 99 99 99 99 98 98 95 95 96 97 97 98 100 100 98 98 97 96 95 95 95 95 97 101 104 106 108 108 107 106 105 105 105 106 107 108 109 112 112 110 110 107 104 100 97 95 95 95 95 95 95 95 95 95
121 122 124 126 128 127 123 117 113 110 108 107 107 107 107 108 109 109 108 107 106 104 104 104 109 118 126 130 133 133 130 126 122 117 113 110 106 102 100 97 96 96 98 98 98 98 98 96 95 95 95 96 95 96 100 100 98 98 97 96 95 95 95 95 97 100 104 106 108 109 109 108 107 106 106 108 109 110 111 113 113 112 111 109 106 101 99 98 96 95 95 95 95 95 95 95
120 120 121 123 124 122 118 114 111 110 108 107 107 107 107 108 108 108 108 106 104 104 104 104 108 116 124 130 136 137 134 129 125 120 115 112 108 104 100 97 95 95 96 97 98 98 97 95 95 95 95 95 95 95 98 100 98 97 97 97 96 96 96 96 96 98 102 107 110 111 111 111 109 108 108 109 111 112 114 114 113 112 112 110 107 103 101 101 99 97 95 95 95 95 95 95
118 119 120 121 121 119 115 113 111 110 108 107 107 107 107 107 107 107 106 105 104 104 104 104 107 114 122 129 136 140 137 133 128 123 118 114 109 105 101 98 95 95 95 96 97 97 96 95 95 95 95 95 95 96 97 98 98 97 97 97 97 97 97 97 97 98 101 107 112 113 113 112 111 109 108 110 112 114 114 113 113 112 112 110 108 104 102 102 102 99 97 95 95 95 95 95
117 117 118 119 118 116 114 113 112 110 109 108 107 107 107 106 105 105 104 104 104 104 104 104 106 113 120 127 135 140 140 136 132 126 121 116 111 107 102 98 95 95 95 95 96 96 96 95 95 95 95 95 95 95 96 97 97 97 97 97 97 98 98 99 99 99 101 105 112 113 111 111 110 107 106 108 110 111 111 111 111 111 111 111 109 104 103 104 104 102 98 96 96 95 95 95
115 115 115 116 115 114 114 114 112 111 109 108 108 108 107 105 104 104 104 104 104 104 104 103 105 111 118 125 133 140 143 140 135 130 124 119 114 109 104 99 95 95 95 95 95 95 95 95 95 95 95 95 95 95 95 97 96 96 96 97 98 99 99 99 100 100 101 104 108 111 109 109 108 106 104 105 107 108 108 109 109 110 110 110 110 104 104 106 106 103 99 97 96 95 95 95
114 113 113 113 112 112 113 113 112 111 109 108 108 107 106 104 104 104 104 104 103 103 103 103 104 110 116 123 131 139 143 143 138 133 128 122 116 111 105 100 95 95 95 95 95 95 95 95 95 95 95 95 95 94 94 97 96 95 95 96 97 98 98 99 100 102 102 103 105 107 107 107 106 104 102 102 104 105 106 106 106 108 108 109 108 104 104 108 108 105 101 98 96 96 95 94
113 112 110 110 111 111 111 111 110 109 108 108 107 106 105 104 104 104 104 104 103 103 103 102 103 108 114 121 129 137 143 143 141 136 131 125 119 113 106 101 95 95 95 95 95 95 95 95 95 95 95 95 95 94 94 97 96 95 95 95 96 96 97 98 100 102 102 101 102 103 104 105 104 102 99 99 101 102 102 103 105 107 106 108 106 104 105 110 110 107 104 100 97 96 96 94
112 111 110 109 109 109 109 108 108 108 108 107 106 105 105 104 104 104 104 104 105 105 104 102 102 106 112 118 126 134 141 143 142 138 133 127 121 115 108 102 96 95 95 95 95 95 95 95 95 95 95 95 95 94 94 96 95 95 95 95 95 95 96 98 99 100 100 99 99 100 101 101 101 99 98 98 98 99 99 101 103 105 104 106 104 102 106 111 112 109 106 102 99 97 96 95
111 110 110 108 108 108 107 107 107 107 107 106 106 105 105 106 105 106 106 107 107 107 106 103 101 104 110 115 122 130 137 142 142 139 134 128 122 117 110 104 98 96 95 95 95 95 95 95 95 95 95 95 95 95 95 95 95 95 95 95 95 95 95 97 99 98 97 97 97 98 99 98 98 97 97 98 98 98 98 100 101 102 102 103 101 100 105 111 112 110 108 105 101 98 97 95
110 110 110 108 108 107 107 107 107 107 106 106 106 106 107 108 108 109 109 110 110 109 107 104 101 102 106 112 118 125 132 138 140 138 134 128 123 119 112 105 100 97 95 95 95 95 95 95 95 95 95 95 95 95 95 95 95 95 95 95 95 95 95 95 97 96 95 95 95 96 97 96 96 95 96 96 96 97 97 99 100 101 101 100 99 99 104 110 112 111 109 106 103 99 97 96
110 110 110 108 108 108 108 108 107 107 106 106 106 108 110 112 113 113 113 113 112 111 108 104 101 101 103 107 114 121 128 133 136 136 133 128 123 120 114 107 101 98 96 95 95 95 95 95 95 95 95 95 95 95 95 95 95 95 95 95 95 95 95 95 95 95 95 95 95 95 95 95 95 95 95 95 95 95 96 98 98 99 99 98 98 99 103 108 111 111 109 107 104 100 97 96
110 110 110 110 110 110 109 108 107 107 106 106 108 112 115 116 117 117 116 115 115 113 109 105 102 100 100 104 109 116 123 128 131 133 131 127 123 120 115 109 102 100 97 95 95 95 95 95 95 95 95 95 95 95 95 95 95 95 95 95 95 95 95 95 95 95 95 95 95 95 95 95 95 95 95 95 95 95 95 97 97 98 98 98 98 98 101 106 109 110 109 107 104 100 97 96
111 112 113 113 113 112 109 108 107 107 107 107 111 115 119 121 122 121 120 118 117 115 111 107 104 102 100 101 106 112 118 123 127 129 128 125 122 120 116 110 103 101 99 96 95 95 95 95 95 95 95 95 95 95 95 95 95 95 95 95 95 95 95 95 95 95 95 95 95 95 95 95 95 95 95 95 95 95 95 96 97 97 97 97 97 98 99 103 107 108 108 106 104 100 97 95
113 115 117 117 114 112 108 108 107 107 108 110 114 120 123 125 126 125 124 121 120 117 114 110 107 104 102 101 102 108 114 118 122 125 125 123 121 119 115 111 105 103 100 98 95 95 95 95 95 95 95 95 95 95 95 95 95 95 95 95 95 95 95 95 95 95 95 95 95 95 95 95 95 95 95 95 95 95 95 96 96 96 96 96 97 97 98 100 103 105 105 104 102 98 96 95
117 118 119 119 115 111 108 108 109 110 110 113 118 123 127 130 130 128 127 124 122 120 117 113 109 106 104 102 101 104 109 114 117 120 121 121 119 117 114 111 106 103 101 99 96 95 95 95 95 95 95 95 95 95 95 95 95 95 95 95 95 95 95 95 95 95 95 95 95 95 95 95 95 95 95 95 95 95 95 95 96 96 95 95 96 97 97 98 100 101 102 101 99 96 96 95
120 121 120 117 114 110 109 111 113 114 115 118 122 127 132 135 135 132 129 128 125 123 119 115 111 107 104 103 101 102 104 109 112 114 116 116 115 114 112 110 106 103 101 98 96 95 95 95 95 95 95 95 95 95 95 95 95 95 95 95 95 95 95 95 95 95 95 95 95 95 95 95 95 95 95 95 95 95 95 95 95 94 94 95 95 96 96 96 97 97 97 97 96 96 96 95
123 121 120 117 113 110 112 116 118 118 120 123 127 132 136 139 139 137 132 131 129 126 122 118 113 108 104 103 102 102 101 103 106 108 110 110 111 111 110 108 105 103 100 98 95 95 95 95 95 95 95 95 95 95 95 95 95 95 95 95 95 95 95 95 95 95 95 95 95 95 95 95 95 95 95 95 95 95 95 95 94 93 93 94 95 95 95 95 95 95 96 96 96 96 96 96
123 121 120 117 114 112 114 119 121 123 125 128 132 136 140 144 144 142 136 134 132 128 125 120 115 109 105 104 103 103 101 101 102 102 104 107 108 108 108 106 103 102 100 97 95 95 95 95 95 95 95 95 95 95 95 95 95 95 95 95 95 95 95 95 95 95 95 95 95 95 95 95 95 95 95 95 95 95 95 94 92 92 92 93 94 95 95 95 95 95 95 95 95 95 95 95
123 122 121 119 116 113 115 121 123 125 129 133 137 140 144 147 148 146 141 138 135 131 127 122 117 111 106 104 104 105 103 101 101 101 101 103 104 105 105 104 102 101 99 97 95 95 95 95 95 95 95 95 95 95 95 95 95 95 95 95 95 95 95 95 95 95 95 95 95 95 95 95 95 95 95 95 95 95 95 93 92 92 92 92 93 95 95 95 95 95 95 95 95 95 95 95
125 123 122 121 118 114 116 121 124 127 133 137 141 145 149 152 152 149 146 143 139 134 129 123 119 113 107 104 104 105 103 101 101 101 101 101 101 102 102 101 100 100 98 97 95 95 96 95 95 95 95 95 95 95 95 95 95 95 95 95 95 95 95 95 95 95 95 95 95 95 95 95 95 95 95 95 95 95 94 92 92 92 92 92 93 94 95 95 95 95 95 95 95 95 95 95
126 125 124 124 120 115 116 121 125 129 136 141 145 149 152 155 156 154 151 147 142 136 131 125 121 115 108 104 104 104 103 103 103 103 103 102 101 99 99 99 99 99 98 97 95 96 98 96 95 95 95 95 95 95 95 95 95 95 95 95 95 95 95 95 95 95 95 95 95 95 95 95 95 94 94 94 95 95 93 92 92 92 92 92 92 94 94 94 94 94 94 95 95 95 95 95
127 126 126 125 122 116 117 121 127 132 139 145 149 152 155 157 159 159 157 152 145 139 133 127 122 116 109 104 104 104 104 106 108 108 108 108 106 102 100 98 98 98 98 97 97 98 99 97 96 95 95 95 95 95 95 95 95 95 95 95 95 95 95 95 95 95 95 95 95 95 95 95 95 94 93 94 94 94 92 92 92 92 92 92 92 94 94 94 94 94 94 95 95 95 94 94
128 128 127 126 123 117 117 121 127 135 142 148 153 155 157 158 160 161 159 154 148 142 135 129 124 118 111 105 104 105 107 110 112 114 114 114 112 108 105 101 99 98 98 98 98 98 98 97 95 95 95 95 95 95 95 95 95 95 95 95 95 95 95 95 95 95 95 95 95 95 95 95 95 95 94 95 94 94 92 92 92 92 92 92 92 94 94 94 94 94 94 94 94 94 94 94
130 129 128 127 124 118 117 121 128 137 145 151 156 158 158 158 158 159 158 155 148 142 136 131 125 120 113 107 105 106 110 113 117 119 120 120 118 115 112 107 103 101 99 99 98 98 97 97 95 95 95 95 95 95 95 95 95 95 95 95 95 95 95 95 95 95 95 95 95 95 95 95 95 96 96 95 94 94 92 92 92 92 92 92 92 94 94 94 94 94 94 94 94 94 94 94
132 131 130 127 124 119 117 122 129 137 147 154 158 160 158 157 156 156 155 152 147 142 137 132 126 122 116 109 106 108 112 117 121 124 125 125 123 121 118 114 108 106 101 100 98 98 98 98 96 95 95 95 95 95 95 95 95 95 95 95 95 95 95 95 95 95 95 95 95 95 94 93 94 96 97 96 95 94 92 92 92 92 92 92 92 94 94 94 94 94 94 94 94 94 94 94
134 133 132 129 125 120 118 123 129 138 148 154 158 159 157 155 154 153 152 148 144 140 136 132 127 123 117 111 107 109 115 121 124 128 130 129 128 126 124 120 114 111 106 101 100 100 100 99 98 96 95 95 95 95 95 95 95 95 95 95 95 95 95 95 95 95 95 95 95 95 93 93 95 96 97 96 96 95 92 92 92 92 92 92 92 93 94 94 94 94 94 94 94 93 93 93
136 135 134 131 127 122 119 124 129 138 146 153 157 157 155 153 152 150 147 143 139 136 134 131 128 123 118 112 108 110 117 123 127 131 134 134 133 130 128 124 119 116 110 105 102 102 102 101 99 98 96 95 95 95 95 95 95 95 95 95 95 95 95 95 95 95 95 95 95 95 94 94 95 97 97 98 98 96 92 92 92 92 92 92 92 93 93 93 94 94 94 94 94 93 92 93
136 136 135 132 128 123 120 124 129 137 145 151 155 154 152 150 148 146 142 138 134 131 130 128 126 123 118 112 110 113 118 124 130 134 137 138 137 135 132 128 123 120 114 108 104 103 103 103 101 99 98 96 95 95 95 95 95 95 95 95 95 95 95 95 95 95 95 95 95 95 95 95 95 97 98 100 100 94 92 92 92 92 92 92 92 93 93 93 94 94 94 94 94 93 92 93
137 138 137 133 129 123 121 124 129 137 144 149 152 152 149 147 144 141 137 134 130 126 125 125 123 121 115 112 113 116 121 125 130 135 138 140 140 138 135 130 124 120 115 110 106 103 103 103 102 100 98 96 95 95 95 95 95 95 95 95 95 95 95 95 95 95 95 95 95 95 95 95 96 98 99 100 98 92 92 92 92 92 92 92 92 93 93 93 94 95 95 94 94 94 93 93
137 138 138 134 130 124 122 123 129 136 142 147 150 149 147 144 140 135 133 130 126 122 120 120 119 116 112 112 116 120 125 128 132 136 139 141 141 139 136 131 125 122 116 111 107 103 103 103 102 100 98 96 95 95 95 95 95 95 95 95 95 95 95 95 96 95 95 95 95 95 95 95 97 99 99 98 94 92 92 92 92 92 92 92 92 93 93 93 94 95 95 94 94 94 94 94
137 138 138 134 130 125 123 123 129 135 141 145 147 146 144 140 135 131 128 125 122 117 115 114 114 112 112 115 119 123 126 129 133 137 140 142 141 140 136 132 125 122 117 111 108 104 103 103 102 100 98 97 95 95 95 94 94 94 95 95 95 95 95 95 95 95 95 95 95 95 96 96 97 97 96 93 92 92 92 92 93 93 93 92 92 93 93 93 94 95 95 94 94 94 94 94
136 135 135 133 129 125 124 124 128 134 139 142 144 144 141 136 131 127 124 121 117 114 113 113 112 112 113 116 121 124 127 130 134 138 141 143 142 140 136 132 126 122 117 112 110 108 107 105 104 102 101 99 97 95 95 93 93 94 95 95 95 95 95 95 95 95 95 95 94 95 95 94 95 94 92 92 92 92 92 92 93 93 93 93 93 93 93 93 94 94 94 94 94 94 94 94
134 134 133 132 129 125 124 124 127 133 137 140 142 141 137 133 128 123 120 117 115 114 113 113 112 114 115 119 123 126 129 132 136 139 142 144 143 140 136 132 126 123 118 115 113 112 111 109 107 105 102 100 98 97 97 96 94 94 95 95 95 95 95 95 95 94 94 94 94 94 93 92 92 92 92 92 93 92 93 93 93 93 93 94 94 94 94 93 93 93 94 94 94 94 94 94
133 133 133 131 129 125 124 124 126 132 136 138 140 138 134 130 124 119 116 116 115 114 114 114 115 117 119 121 124 127 130 134 137 140 143 146 145 141 137 133 128 125 121 118 116 115 114 112 110 107 104 101 100 100 100 100 98 97 96 95 96 95 95 95 95 94 94 94 94 93 92 92 92 92 92 93 93 93 93 94 94 94 94 94 94 94 94 93 93 93 94 94 94 94 94 94
133 132 132 131 128 125 124 124 125 130 135 137 137 136 131 126 120 117 117 117 115 114 115 117 119 121 123 124 126 128 132 135 137 140 143 146 145 143 139 134 130 128 124 121 119 117 115 114 112 110 106 103 103 104 105 104 103 101 98 96 95 95 95 95 95 94 94 94 94 93 92 92 92 92 93 94 94 94 94 94 94 94 94 94 94 94 93 93 93 93 94 94 94 94 94 94
132 132 132 130 128 125 125 125 125 128 132 135 136 133 128 122 118 117 118 118 116 116 118 121 122 124 126 127 128 131 133 135 137 140 143 146 146 144 140 135 131 129 126 123 121 119 117 116 114 111 107 105 106 108 109 108 107 103 99 96 96 95 95 95 95 94 94 94 93 93 93 93 93 93 93 94 94 94 94 94 94 94 94 94 94 94 93 93 93 93 94 94 94 94 94 94
131 131 131 129 128 125 125 125 125 126 129 132 133 130 125 121 118 118 119 119 118 120 122 125 126 128 129 130 130 132 135 136 138 141 143 146 146 145 142 138 134 132 129 126 124 121 119 117 115 113 109 108 110 112 113 111 109 105 102 101 99 98 95 95 95 94 94 94 93 92 92 93 93 93 93 94 94 94 94 94 94 94 94 94 94 94 93 93 93 93 93 93 93 93 93 93
130 130 130 129 128 125 125 125 125 125 127 129 130 127 123 120 119 119 120 120 121 124 126 128 130 131 133 133 133 135 137 138 140 143 144 146 147 146 143 139 136 135 131 129 126 124 121 119 117 114 112 112 114 115 114 113 111 110 108 105 103 100 96 95 94 94 94 94 93 92 92 93 93 94 94 94 94 94 94 94 94 94 94 94 94 94 94 94 94 94 93 93 93 93 93 93
130 129 129 128 127 125 125 125 125 125 126 127 126 125 123 119 119 119 120 120 124 128 130 131 133 135 135 136 136 136 138 140 142 143 145 147 147 147 144 140 138 137 134 131 128 125 123 120 118 116 115 116 116 116 115 114 114 114 112 109 103 100 97 95 94 94 93 93 93 92 92 93 93 94 94 94 94 94 94 94 94 94 94 94 94 94 94 94 94 94 93 93 93 93 93 93
128 128 127 127 126 125 125 125 125 126 128 128 126 125 123 121 119 119 121 123 127 131 133 134 135 137 138 139 138 138 139 141 143 144 145 147 147 147 145 141 138 137 135 133 130 127 124 122 119 118 118 119 119 117 117 117 117 117 115 110 103 100 97 95 94 93 93 92 92 92 93 93 93 94 94 94 95 95 94 94 94 94 94 93 93 93 93 93 93 93 93 92 92 92 92 93
128 127 127 127 126 126 126 126 126 127 130 130 128 127 126 122 119 121 123 126 131 135 136 136 137 139 139 140 140 140 140 142 143 144 145 147 148 148 146 142 140 139 137 135 132 129 126 124 122 120 122 123 121 119 119 120 120 118 116 110 106 103 100 98 95 93 92 92 90 90 91 93 93 94 94 94 95 95 95 94 93 92 91 91 91 92 92 91 92 92 92 92 91 90 90 92
130 129 128 127 126 126 126 126 127 127 130 130 130 130 127 123 121 122 125 129 134 136 138 139 139 140 140 141 141 141 141 142 143 144 145 147 148 148 146 143 140 139 138 136 134 131 129 127 125 123 124 125 124 122 122 123 122 120 116 112 109 106 102 99 96 94 92 91 90 89 88 91 93 94 94 93 93 94 94 92 91 89 88 88 89 92 91 88 89 90 91 90 88 87 87 90
132 130 129 128 127 127 127 127 127 128 129 131 131 131 128 123 122 123 126 131 135 137 140 140 141 141 141 141 142 142 142 143 143 144 145 147 148 148 147 144 141 140 139 137 135 134 132 130 127 125 125 126 126 125 125 125 124 121 119 116 112 108 103 100 98 96 94 92 90 88 88 89 91 93 93 93 93 93 92 89 88 86 86 86 86 90 90 86 86 87 88 87 86 86 86 90
132 130 129 128 128 128 128 128 128 129 131 131 131 131 128 124 122 124 127 132 135 138 141 143 143 143 142 142 142 142 143 143 143 144 144 146 147 147 147 144 141 141 140 138 137 136 134 132 130 128 128 128 127 126 126 126 125 124 122 120 116 110 104 101 99 97 95 93 91 88 88 88 88 90 91 93 93 92 89 87 86 86 86 86 85 87 90 87 85 86 85 85 85 86 88 90
132 130 130 129 128 128 128 128 129 130 133 133 132 131 128 124 123 124 128 132 136 139 141 143 144 144 143 142 142 142 143 143 143 143 144 145 147 147 147 144 142 141 141 139 138 137 135 133 131 129 129 129 128 127 127 127 126 125 123 121 116 111 105 102 100 97 95 93 91 89 88 88 88 88 90 93 93 91 88 86 86 86 86 86 85 87 89 88 85 85 85 85 85 88 90 91
131 130 130 129 128 128 128 128 130 131 133 133 132 130 128 126 124 125 129 132 135 139 141 143 144 144 143 142 142 142 143 143 143 143 143 144 146 147 147 144 142 142 141 140 139 138 136 134 131 130 130 129 129 128 128 127 126 126 124 122 118 112 106 102 100 98 96 94 91 90 88 88 88 88 90 94 93 89 88 86 86 86 86 85 85 86 90 89 85 85 85 85 88 91 91 91
