geo_cache/7-3/elevation.txt
ncols         938
nrows         918
xllcorner     -70.68888888888888
yllcorner     42.504
cellsize      1.0E-5
NODATA_value  -9999
[rows 300 to 374 of 918, columns 0 to 95 of 938]
0 0 0 0 0 0 0 0 0 0 0 0 0 0 0 0 0 0 0 0 0 0 0 0 0 0 0 0 0 0 0 0 0 0 0 0 0 0 0 0 1 2 2 1 0 0 0 0 0 0 0 0 0 0 0 0 0 0 1 7 10 14 16 17 19 21 21 20 20 22 23 24 25 26 26 25 23 23 22 23 22 20 20 21 23 24 24 23 24 23 24 26 29 30 31 32
0 0 0 0 0 0 0 0 0 0 0 0 0 0 0 0 0 0 0 0 0 0 0 0 0 0 0 0 0 0 0 0 0 0 0 0 0 0 0 0 2 2 2 2 0 0 0 0 0 0 0 0 0 0 1 0 0 0 0 4 10 14 15 16 19 21 20 20 21 23 24 25 26 27 27 26 25 23 21 21 20 20 20 22 24 24 23 23 23 22 23 26 29 31 32 33
0 0 0 0 0 0 0 0 0 0 0 0 0 0 0 0 0 0 0 0 0 0 0 0 0 0 0 0 0 0 0 0 0 0 0 0 0 0 0 0 2 2 2 2 0 0 0 0 0 0 0 0 0 0 0 0 0 0 0 2 10 13 14 15 18 20 20 20 22 24 25 26 27 28 28 27 25 22 20 19 19 20 20 22 24 24 23 23 23 23 25 28 30 32 34 34
0 0 0 0 0 0 0 0 0 0 0 0 0 0 0 0 0 0 0 0 0 0 0 0 0 0 0 0 0 0 0 0 0 0 0 0 0 0 0 0 1 3 2 2 0 0 0 0 0 0 0 0 0 0 0 0 0 0 0 0 6 11 14 15 18 19 19 21 23 24 26 26 27 28 28 27 25 21 19 19 19 20 20 21 25 26 24 23 24 27 30 30 31 32 34 34
0 0 0 0 0 0 0 0 0 0 0 0 0 0 0 0 0 0 0 0 0 0 0 0 0 0 0 0 0 0 0 0 0 0 0 0 0 0 0 0 0 2 1 1 0 0 0 0 0 0 0 0 0 0 0 0 0 0 0 0 1 5 13 14 17 19 21 23 24 24 26 26 27 27 27 25 23 20 19 19 19 20 20 22 25 27 27 25 27 30 31 31 31 31 34 33
0 0 0 0 0 0 0 0 0 0 0 0 0 0 0 0 0 0 0 0 0 0 0 0 0 0 0 0 0 0 0 0 0 0 0 0 0 0 0 0 0 0 0 0 0 0 1 2 1 0 0 0 0 0 0 0 0 1 1 1 0 3 12 14 17 19 21 24 24 23 24 23 24 24 23 22 20 18 18 18 18 20 21 23 27 29 28 27 28 30 30 30 31 31 33 33
0 0 0 0 0 0 0 0 0 0 0 0 0 0 0 0 0 0 0 0 0 0 0 0 0 0 0 0 0 0 0 0 0 0 0 0 0 0 0 0 0 0 0 0 0 0 1 2 1 0 0 0 0 0 0 0 0 0 1 2 3 7 12 13 14 16 19 21 20 19 18 17 18 18 18 18 17 17 18 18 20 22 23 24 28 29 28 28 28 29 30 30 32 32 33 32
0 0 0 0 0 0 0 0 0 0 0 0 0 0 0 0 0 0 0 0 0 0 0 0 0 0 0 0 0 0 0 0 0 0 0 0 0 0 0 0 0 0 0 0 0 0 3 3 1 0 0 0 0 0 0 0 0 1 1 2 4 8 10 11 12 14 15 16 15 14 14 13 14 14 15 16 17 18 19 21 23 24 25 26 28 29 29 29 29 29 30 30 32 32 32 31
0 0 0 0 0 0 0 0 0 0 0 0 0 0 0 0 0 0 0 0 0 0 0 0 0 0 0 0 0 0 0 0 0 0 0 0 0 0 0 0 0 0 0 0 0 0 4 4 2 1 1 0 0 0 1 1 1 2 2 2 3 5 7 8 9 9 10 11 11 12 13 13 14 16 17 18 19 21 22 23 25 26 27 27 28 29 29 29 30 29 31 31 32 32 31 30
0 0 0 0 0 0 0 0 0 0 0 0 0 0 0 0 0 0 0 0 0 0 0 0 0 0 0 0 0 0 0 0 0 0 0 0 0 0 0 0 0 0 0 0 0 0 4 5 2 2 1 1 1 1 2 2 2 2 2 2 2 3 3 5 5 8 9 12 13 14 15 15 17 19 20 21 22 23 24 25 27 28 28 29 29 30 30 31 31 32 34 32 32 32 32 31
0 0 0 0 0 0 0 0 0 0 0 0 0 0 0 0 0 0 0 0 0 0 0 0 0 0 0 0 0 0 0 0 0 0 0 0 0 0 0 0 0 0 0 0 0 0 2 3 3 3 2 2 2 2 3 3 3 3 3 3 3 3 3 3 6 10 12 15 18 20 20 21 23 24 24 24 24 24 25 27 28 29 29 30 30 30 31 32 32 34 34 32 32 34 35 34
0 0 0 0 0 0 0 0 0 0 0 0 0 0 0 0 0 0 0 0 0 0 0 0 0 0 0 0 0 0 0 0 0 0 0 0 0 0 0 0 0 0 0 0 0 0 1 2 2 2 2 2 4 5 5 5 5 4 4 4 4 3 3 4 9 13 16 19 22 24 24 25 27 28 27 26 25 26 27 28 29 30 30 30 31 31 32 32 32 32 32 32 34 38 39 38
0 0 0 0 0 0 0 0 0 0 0 0 0 0 0 0 0 0 0 0 0 0 0 0 0 0 0 0 0 0 0 0 0 0 0 0 0 0 0 0 0 0 0 0 0 1 1 2 2 2 2 4 7 9 9 8 7 5 5 5 7 6 5 6 11 16 18 21 24 26 27 28 29 29 28 26 26 27 28 30 30 31 31 31 31 31 32 32 32 32 32 32 35 39 41 40
0 0 0 0 0 0 0 0 0 0 0 0 0 0 0 0 0 0 0 0 0 0 0 0 0 0 0 0 0 0 0 0 0 0 0 0 0 0 0 0 0 0 1 2 2 2 2 2 2 2 5 8 11 13 13 11 8 6 6 8 10 9 8 7 12 17 20 23 26 27 29 29 29 29 28 27 28 29 31 32 31 31 31 31 31 31 32 31 31 31 30 31 33 37 39 40
0 0 0 0 0 0 0 0 0 0 0 0 0 0 0 0 0 0 0 0 0 0 0 0 0 0 0 0 0 0 0 0 0 0 0 0 0 0 0 0 0 1 2 2 3 3 3 2 3 5 8 11 15 16 15 13 9 8 9 12 13 12 11 9 12 16 20 24 27 29 29 26 26 28 28 28 29 32 32 32 32 31 31 31 32 32 31 31 31 30 30 30 32 35 38 40
0 0 0 0 0 0 0 0 0 0 0 0 0 0 0 0 0 0 0 0 0 0 0 0 0 0 0 0 0 0 0 0 0 0 0 0 0 0 1 2 2 2 3 3 2 2 2 3 5 9 12 15 17 18 17 14 10 10 13 16 16 14 12 11 11 15 19 23 27 29 28 26 23 25 25 28 31 33 33 32 32 31 31 31 31 30 30 29 29 29 29 29 32 36 38 41
0 0 0 0 0 0 0 0 0 0 0 0 0 0 0 0 0 0 0 0 0 0 0 0 0 0 0 0 0 0 0 0 0 0 0 1 2 2 2 3 3 3 3 3 2 2 2 4 8 12 16 18 19 18 17 14 11 13 17 20 19 17 14 12 11 13 16 21 25 27 26 24 23 21 21 29 32 33 32 32 32 31 31 31 30 30 29 29 29 29 29 30 35 38 41 42
0 0 0 0 0 0 0 0 0 0 0 0 0 0 0 0 0 0 0 0 0 0 0 0 0 0 0 0 0 0 0 0 0 1 2 2 3 3 5 4 4 3 2 2 2 3 5 6 11 15 19 20 20 18 15 13 13 16 20 21 21 20 17 14 14 13 14 18 22 24 22 21 22 20 20 27 32 32 32 31 31 30 30 30 29 28 28 28 28 29 29 33 37 40 43 44
0 0 0 0 0 0 0 0 0 0 0 0 0 0 0 0 0 0 0 0 0 0 0 0 0 0 0 0 0 0 0 0 1 2 3 4 6 6 8 7 5 4 2 2 4 6 8 9 13 18 20 21 21 18 14 13 14 17 20 22 22 22 21 17 16 14 14 15 19 23 20 20 21 20 19 26 32 32 31 30 30 29 29 29 28 27 28 28 28 29 31 35 38 41 44 46
0 0 0 0 0 0 0 0 0 0 0 0 0 0 0 0 0 0 0 0 0 0 0 0 0 0 0 0 0 0 1 1 1 3 4 6 8 9 10 8 5 4 3 3 6 9 11 12 16 19 20 20 18 16 13 13 15 17 20 23 23 23 23 21 18 16 14 15 16 20 21 19 21 20 19 24 31 31 29 27 27 27 27 27 27 27 28 28 28 30 32 36 39 42 45 47
0 0 0 0 0 0 0 0 0 0 0 0 0 0 0 0 0 0 0 0 0 0 0 0 0 0 0 0 0 0 2 2 3 4 6 8 10 11 11 9 5 4 3 4 7 10 13 16 18 18 18 17 15 14 14 14 15 17 20 23 24 25 24 22 20 19 17 16 16 17 19 19 21 20 19 22 28 28 26 24 24 24 25 26 27 28 29 30 31 33 34 37 40 43 46 48
0 0 0 0 0 0 0 0 0 0 0 0 0 0 0 0 0 0 0 0 0 0 0 0 0 0 0 0 1 2 4 5 6 6 7 9 12 12 12 9 5 4 4 5 7 11 15 17 18 16 15 14 14 14 14 14 16 18 20 23 25 26 24 23 21 20 20 19 17 17 17 17 20 20 18 20 23 24 23 23 24 26 27 29 30 31 32 33 35 36 37 39 41 43 46 47
0 0 0 0 0 0 0 0 0 0 0 0 0 0 0 0 0 0 0 0 0 0 0 0 0 0 0 0 3 5 7 7 8 7 8 11 14 15 13 9 5 5 4 6 7 12 15 16 16 15 14 14 14 13 14 15 16 18 20 23 25 26 24 23 22 23 24 23 20 18 17 17 20 20 18 19 20 22 24 25 28 30 31 32 32 33 34 36 37 38 39 39 41 43 45 46
0 0 0 0 0 0 0 0 0 0 0 0 0 0 0 0 0 0 0 0 0 0 0 0 0 0 0 3 6 7 8 8 8 8 10 13 17 18 15 9 5 5 5 6 7 11 14 15 15 15 13 13 13 13 14 16 17 19 20 23 25 25 24 24 25 26 28 27 23 20 18 17 19 19 18 18 20 23 26 29 32 32 32 32 33 33 35 37 37 38 39 39 40 40 42 44
0 0 0 0 0 0 0 0 0 0 0 0 0 0 0 0 0 0 0 0 0 0 0 0 0 0 0 4 7 8 9 9 10 10 11 15 20 21 16 10 5 5 6 6 8 11 14 17 16 14 13 13 13 14 16 18 20 20 21 23 24 25 25 27 28 29 30 29 27 23 19 18 18 19 17 17 20 23 27 30 32 32 32 32 33 33 35 35 35 36 39 40 39 38 39 42
0 0 0 0 0 0 0 0 0 0 0 0 0 0 0 0 0 0 0 0 0 0 0 0 0 0 2 5 8 9 9 10 10 11 13 16 21 21 16 10 6 5 6 6 8 11 16 19 16 14 13 13 13 15 19 21 21 21 22 24 25 28 28 29 30 31 31 31 28 24 20 17 17 18 17 17 20 23 28 31 32 33 32 31 32 32 33 34 34 36 39 41 40 38 37 39
0 0 0 0 0 0 0 0 0 0 0 0 0 0 0 0 0 0 0 0 0 0 0 0 0 1 3 5 8 8 9 10 12 14 14 16 21 20 16 10 6 6 7 7 9 13 18 19 16 13 12 12 13 17 21 23 23 23 24 25 27 29 30 30 31 33 33 32 29 25 22 18 18 17 17 17 20 23 28 31 32 33 32 30 29 29 30 32 33 36 39 43 43 38 35 37
0 0 0 0 0 0 0 0 0 0 0 0 0 0 0 0 0 0 0 0 0 0 0 0 1 2 4 5 7 8 9 12 14 15 16 16 18 18 15 9 6 6 6 6 10 14 18 18 15 13 12 12 14 19 24 25 25 26 26 27 28 30 31 31 32 34 35 33 30 27 23 20 19 18 18 17 19 23 27 29 31 31 30 28 26 27 29 32 32 35 39 42 43 39 35 35
0 0 0 0 0 0 0 0 0 0 0 0 0 0 0 0 0 0 0 0 0 0 1 2 3 4 5 5 7 8 11 13 15 16 17 17 16 16 13 9 6 6 6 7 11 15 17 17 14 12 12 12 16 22 25 26 27 27 28 28 30 30 31 31 33 35 35 34 32 29 26 24 22 21 21 20 19 21 25 27 28 28 27 25 23 25 28 30 32 35 37 39 39 39 36 35
0 0 0 0 0 0 0 0 0 0 0 0 0 0 0 0 0 0 0 0 0 0 2 3 4 6 7 7 8 9 12 14 15 16 17 17 15 13 11 8 7 6 5 7 11 14 16 15 13 11 12 13 18 23 26 26 28 28 28 29 30 31 32 32 33 35 35 35 33 31 29 28 27 27 26 23 21 21 22 24 24 24 23 23 23 23 26 29 30 33 34 35 37 39 38 35
0 0 0 0 0 0 0 0 0 0 0 0 0 0 0 0 0 0 0 0 0 1 3 4 6 7 9 9 10 11 13 15 16 16 18 19 15 12 10 8 7 5 5 7 10 13 15 13 11 11 12 14 19 24 25 26 27 27 28 30 30 31 32 33 34 35 35 36 34 32 30 30 30 31 30 27 24 21 21 22 22 22 22 22 23 23 24 26 28 30 32 34 37 41 41 38
0 0 0 0 0 0 0 0 0 0 0 0 0 0 0 0 0 0 0 0 0 1 4 5 6 8 10 12 13 14 14 16 17 17 18 18 14 11 10 8 6 5 5 5 8 10 12 11 11 11 12 15 19 23 25 25 27 27 28 30 30 32 33 33 35 35 35 36 35 33 32 31 32 33 33 30 26 22 21 22 22 22 22 22 23 23 23 23 25 27 31 34 38 43 44 38
0 0 0 0 0 0 0 0 0 0 0 0 0 0 0 0 0 0 0 0 0 0 2 4 6 9 11 13 16 16 16 18 19 18 17 15 12 10 10 8 6 5 4 4 6 8 8 9 10 11 14 15 17 21 24 25 27 27 28 30 30 32 33 33 35 35 35 34 33 33 34 34 35 34 34 30 26 23 22 22 22 22 22 22 23 23 23 23 23 26 30 34 36 40 41 36
0 0 0 0 0 0 0 0 0 0 0 0 0 0 0 0 0 0 0 0 0 0 0 1 5 10 13 14 16 16 17 20 20 19 15 12 11 10 9 8 7 6 4 3 4 6 5 3 7 14 17 17 17 18 22 25 27 27 28 30 30 33 33 33 34 34 33 32 32 34 37 37 36 34 32 28 24 22 22 22 22 22 22 22 23 23 23 23 24 26 29 31 33 36 35 33
0 0 0 0 0 0 0 0 0 0 0 0 0 0 0 0 0 0 0 0 0 0 0 0 4 10 14 15 16 16 18 21 21 19 15 12 11 9 9 9 9 7 5 3 1 2 1 0 4 14 18 18 17 17 19 22 26 27 28 29 30 32 32 32 32 32 31 31 32 34 37 35 33 31 29 25 23 23 24 23 22 23 23 23 23 24 24 25 26 26 27 29 30 32 33 33
0 0 0 0 0 0 0 0 0 0 0 0 0 0 0 0 0 0 0 0 0 0 0 0 2 8 14 15 16 17 20 22 22 20 15 12 10 10 11 12 12 10 6 3 1 0 0 0 5 11 16 18 17 17 17 19 23 26 27 27 28 29 30 30 29 29 29 30 31 33 34 32 31 30 27 24 26 27 27 26 25 23 23 23 24 24 25 26 26 27 27 28 30 30 32 34
0 0 0 0 0 0 0 0 0 0 0 0 0 0 0 0 0 0 0 0 0 0 0 0 0 3 11 15 16 18 21 22 21 18 14 11 10 12 14 15 15 12 7 3 0 0 0 0 5 8 13 17 17 16 15 16 19 22 24 25 25 26 26 25 25 25 25 27 29 31 32 32 31 29 27 27 30 32 32 30 27 25 23 23 24 24 25 26 26 28 28 28 30 31 34 35
0 0 0 0 0 0 0 0 0 0 0 0 0 0 0 0 0 0 0 0 0 0 0 0 0 0 8 15 17 18 21 22 21 16 12 11 12 15 18 19 16 11 5 0 0 0 0 1 5 6 9 14 16 16 14 14 14 17 19 21 21 20 20 19 19 20 22 26 28 31 32 32 31 29 29 31 34 35 35 32 28 25 25 25 25 25 25 26 26 28 29 29 30 32 34 36
0 0 0 0 0 0 0 0 0 0 0 0 0 0 0 0 0 0 0 0 0 0 0 0 0 0 7 15 17 19 20 22 21 15 11 11 15 19 22 19 13 8 2 0 0 0 2 7 8 6 7 10 13 17 16 14 13 13 14 15 16 15 15 15 16 19 23 27 30 33 34 33 31 30 31 33 35 35 35 33 29 26 26 26 26 26 25 26 26 26 28 29 30 32 35 37
0 0 0 0 0 0 0 0 0 0 0 0 0 0 0 0 0 0 0 0 0 0 0 0 0 0 7 14 17 18 20 22 22 14 10 11 17 22 22 16 10 4 0 0 0 2 9 13 13 12 9 8 11 15 16 15 12 11 11 12 12 12 14 16 19 23 26 29 31 34 35 33 32 32 32 34 34 33 32 31 28 26 26 28 28 27 26 26 26 26 27 28 31 33 35 37
0 0 0 0 0 0 0 0 0 0 0 0 0 0 0 0 0 0 0 0 0 0 0 0 0 3 8 13 16 17 20 22 20 13 10 11 17 23 19 13 6 0 0 0 0 4 16 19 17 16 14 10 9 12 14 14 13 11 11 11 10 11 14 19 23 27 30 31 32 34 35 34 35 35 35 35 35 33 31 29 27 26 26 28 29 28 27 26 26 26 27 29 32 35 36 38
0 0 0 0 0 0 0 0 0 0 0 0 0 0 0 0 0 0 0 0 0 0 0 0 2 5 9 12 15 17 19 21 19 12 9 11 17 21 15 9 2 0 0 0 1 11 21 24 23 21 18 13 9 10 11 12 13 12 11 10 10 11 14 19 26 30 31 32 33 34 36 36 37 38 38 38 38 36 31 28 27 28 27 28 30 30 29 29 29 28 29 32 34 36 38 39
0 0 0 0 0 0 0 0 0 0 0 0 0 0 0 0 0 0 0 0 0 0 2 3 5 6 9 12 15 17 19 21 17 11 9 11 15 17 11 5 0 0 0 0 3 17 25 28 28 26 22 19 12 9 9 10 11 11 11 10 10 11 13 19 27 32 33 33 33 35 37 38 38 40 41 41 39 37 32 29 29 30 30 31 32 32 31 31 31 31 32 34 36 38 40 40
0 0 0 0 0 0 0 0 0 0 0 0 0 0 0 0 0 0 0 0 0 3 6 7 8 8 9 13 16 18 20 20 16 10 8 10 13 13 7 1 0 0 0 0 4 22 29 32 31 29 27 23 16 10 9 9 10 10 10 10 10 10 12 17 25 32 33 34 34 36 38 39 40 41 42 41 39 36 32 30 30 32 33 33 33 34 34 33 33 33 33 35 37 40 41 41
0 0 0 0 0 0 0 0 0 0 0 0 0 0 0 0 0 0 0 0 3 7 9 11 12 11 11 13 17 19 20 20 14 9 8 9 10 9 4 0 0 0 0 0 6 27 34 36 34 32 31 27 19 12 10 10 10 10 10 10 10 10 12 16 23 29 32 33 34 37 39 39 40 42 41 40 38 35 31 30 30 32 33 34 34 35 35 35 34 34 34 36 38 40 41 42
0 0 0 0 0 0 0 0 0 0 0 0 0 0 0 0 0 0 0 1 6 9 12 14 15 15 15 14 16 18 20 19 13 8 7 8 8 6 0 0 0 0 0 2 16 32 38 39 38 35 32 28 22 16 13 12 11 10 10 10 10 10 11 15 22 26 30 32 36 38 39 40 41 42 39 38 37 35 31 29 29 32 33 34 35 36 37 37 36 36 36 38 40 41 42 42
0 0 0 0 0 0 0 0 0 0 0 0 0 0 0 0 0 0 0 2 7 11 13 16 17 18 18 18 18 18 21 19 12 8 7 7 7 4 0 0 0 0 0 3 24 35 40 41 39 36 32 30 27 23 19 17 15 12 11 10 10 10 11 14 19 24 28 32 36 38 40 41 42 41 38 37 36 35 30 28 29 32 33 34 36 38 38 38 37 37 39 41 41 42 42 42
0 0 0 0 0 0 0 0 0 0 0 0 0 0 0 0 0 0 0 4 8 12 15 17 18 20 22 22 22 22 22 18 11 8 6 5 5 3 0 0 0 0 0 4 28 38 40 41 39 36 32 31 32 29 26 22 18 14 11 10 10 11 11 13 18 22 26 31 35 37 39 41 41 39 37 37 37 35 29 26 29 33 34 35 37 39 40 40 39 39 40 42 43 43 43 42
0 0 0 0 0 0 0 0 0 0 0 0 0 0 0 0 0 0 1 4 9 12 15 18 20 22 24 25 26 26 24 18 11 8 5 5 3 1 0 0 0 0 1 15 32 39 40 40 38 36 33 32 33 32 31 26 22 18 14 11 11 11 11 14 18 22 25 29 32 33 34 37 37 36 35 35 36 32 26 26 30 34 35 37 39 40 41 41 41 41 42 43 44 45 44 43
0 0 0 0 0 0 0 0 0 0 0 0 0 0 0 0 0 0 0 2 6 12 15 18 22 24 26 27 29 28 26 19 13 9 4 4 3 0 0 0 0 0 3 24 34 38 39 39 37 36 34 34 34 34 33 30 25 21 17 14 12 12 11 14 18 22 26 29 31 30 29 31 33 32 31 31 32 28 23 26 31 35 37 39 40 42 43 44 44 43 43 45 47 47 46 44
0 0 0 0 0 0 0 0 0 0 0 0 0 0 0 0 0 0 0 0 2 9 15 19 23 26 28 30 31 30 27 19 14 9 4 4 2 0 0 0 0 0 4 25 34 36 37 38 37 37 36 35 35 36 35 31 26 22 18 16 16 16 15 14 17 22 26 29 30 30 27 26 27 28 27 26 27 23 23 26 31 36 39 41 42 44 45 45 45 45 45 47 48 48 47 44
0 0 0 0 0 0 0 0 0 0 0 0 0 0 0 0 0 0 0 0 0 4 14 19 23 27 29 31 32 31 25 18 13 9 4 4 2 0 0 0 0 0 3 23 31 33 34 35 37 37 37 36 36 36 35 32 27 23 19 19 21 22 22 19 17 20 25 29 31 31 27 24 22 23 23 23 23 21 22 27 32 37 39 41 44 46 46 47 47 46 47 48 48 48 47 44
0 0 0 0 0 0 0 0 0 0 0 0 0 0 0 0 0 0 0 0 0 1 10 18 23 28 30 31 32 31 22 16 13 9 5 4 1 0 0 0 0 0 3 21 27 29 31 33 35 37 37 37 37 36 35 33 28 24 20 22 24 26 27 26 21 20 22 26 29 31 29 26 22 20 19 19 18 20 22 27 32 36 38 41 44 46 47 48 48 48 49 49 49 49 47 45
0 0 0 0 0 0 0 0 0 0 0 0 0 0 0 0 0 0 0 0 0 0 5 18 23 27 29 30 28 27 19 15 12 8 5 3 0 0 0 0 0 0 10 20 24 27 30 32 34 35 36 37 37 36 35 33 28 24 22 24 26 28 31 32 28 22 21 23 26 27 29 27 23 20 18 17 18 22 26 29 31 33 36 39 42 44 46 48 48 50 49 49 49 49 48 46
0 0 0 0 0 0 0 0 0 0 0 0 0 0 0 0 0 0 0 0 0 0 4 19 24 26 27 26 24 22 17 14 11 8 5 3 0 0 0 0 0 1 16 22 24 26 29 31 33 34 36 36 36 36 35 33 28 25 25 26 27 30 33 36 34 27 21 21 23 25 25 25 24 20 17 16 18 25 30 32 33 33 33 36 39 41 43 45 46 48 49 49 49 49 48 46
0 0 0 0 0 0 0 0 0 0 0 0 0 0 0 0 0 0 0 0 0 0 8 20 24 25 24 23 20 18 14 13 10 7 2 0 0 0 0 0 0 9 20 24 26 27 29 31 33 33 36 36 36 35 35 32 27 26 26 28 29 31 34 38 39 34 25 20 20 22 23 23 21 20 17 15 19 27 32 35 36 34 33 34 36 38 40 41 42 45 47 48 48 48 46 45
0 0 0 0 0 0 0 0 0 0 0 0 0 0 0 0 0 0 0 0 0 4 14 21 24 24 22 21 18 15 13 12 10 7 1 0 0 0 0 0 1 14 23 25 27 28 29 30 32 33 34 34 34 35 34 29 25 26 27 29 30 32 35 39 41 39 31 24 20 20 20 19 19 18 15 15 20 29 34 37 38 37 35 34 34 35 37 38 39 42 44 46 47 46 44 45
0 0 0 0 0 0 0 0 0 0 0 0 0 0 0 0 0 0 0 0 3 9 15 20 23 23 21 19 15 13 12 11 9 6 0 0 0 0 0 0 1 14 24 26 27 28 28 30 31 32 33 33 33 32 30 23 21 25 27 29 30 33 36 39 41 40 36 28 20 17 16 15 15 15 13 15 22 30 35 38 40 40 38 36 34 34 35 35 36 39 41 42 44 43 41 43
0 0 0 0 0 0 0 0 0 0 0 0 0 0 0 0 0 0 0 3 6 11 15 20 23 22 19 16 12 11 10 10 8 5 0 0 0 0 0 0 6 17 24 26 27 28 28 29 30 31 32 33 32 30 25 18 18 23 26 29 30 33 36 38 40 39 37 31 23 16 13 12 11 11 12 16 24 31 35 39 41 42 41 39 36 35 35 35 35 37 38 40 40 40 40 42
0 0 0 0 0 0 0 0 0 0 0 0 0 0 0 0 0 2 3 4 7 11 16 20 22 19 15 12 10 10 10 10 8 4 0 0 0 0 0 0 9 18 23 25 26 28 28 28 29 30 31 32 30 26 18 13 18 22 26 29 30 33 36 37 38 37 37 33 26 17 12 11 11 10 12 20 28 31 35 38 41 42 42 42 40 37 36 36 37 38 38 39 40 40 40 42
0 0 0 0 0 0 0 0 0 0 0 0 0 0 0 0 0 1 4 5 7 10 16 19 18 15 11 8 9 10 10 11 8 3 0 0 0 0 0 0 10 18 22 24 26 28 28 27 27 28 30 30 26 20 13 13 18 23 26 29 30 33 35 36 36 36 35 33 27 19 12 11 10 10 15 24 30 32 34 36 39 42 42 43 43 41 37 37 37 39 40 40 40 40 40 42
0 0 0 0 0 0 0 0 0 0 0 0 0 0 0 0 0 0 4 6 7 10 15 15 13 10 6 7 9 10 11 11 7 3 0 0 0 0 0 0 10 17 21 24 26 27 27 26 26 26 27 26 21 15 11 13 18 23 26 30 30 32 33 35 35 35 34 33 28 20 12 11 10 13 20 28 33 33 34 35 38 41 42 43 45 43 39 37 37 39 41 42 42 41 41 42
0 0 0 0 0 0 0 0 0 0 0 0 0 0 0 0 0 0 3 6 9 10 11 11 7 3 2 4 10 11 11 10 6 3 0 0 0 0 0 3 10 15 21 24 26 27 26 25 25 24 24 21 16 11 10 13 19 24 26 29 30 31 32 32 33 33 33 32 27 18 11 10 11 17 25 31 34 35 34 35 37 41 43 44 45 45 42 39 38 38 40 42 44 44 42 42
0 0 0 0 0 0 0 0 0 0 0 0 0 0 0 0 0 0 1 6 9 9 7 4 2 0 0 0 5 8 11 9 5 2 0 0 0 0 0 5 10 14 20 24 26 26 26 25 24 22 20 15 11 8 10 14 20 24 26 29 30 30 30 30 31 31 31 29 24 15 10 10 13 21 28 32 35 35 35 35 36 41 44 45 46 46 44 41 38 38 39 42 44 45 44 44
1 1 0 0 1 0 0 0 0 0 0 0 0 0 0 0 0 0 0 3 4 3 3 0 0 0 0 0 2 6 10 8 5 1 0 0 0 0 0 6 10 13 19 23 25 25 24 23 23 20 15 10 8 7 10 15 20 24 26 27 30 29 27 26 27 28 28 25 20 12 9 10 16 25 30 32 34 35 35 35 36 41 44 45 45 45 44 42 39 38 38 40 43 45 46 46
2 1 1 1 1 0 0 0 0 0 0 0 0 0 0 0 0 0 0 0 0 0 0 0 0 0 0 0 1 5 9 6 4 1 0 0 0 0 2 6 10 11 15 20 23 23 22 22 21 17 12 8 8 7 10 16 21 22 22 23 25 24 23 22 23 24 24 21 15 10 8 10 19 28 31 33 34 34 35 35 36 40 42 44 44 44 43 42 40 37 37 38 41 44 46 47
2 2 2 2 1 1 0 0 0 0 0 0 0 0 0 0 0 0 0 0 0 0 0 0 0 0 0 0 0 1 5 5 2 0 0 0 0 0 3 8 10 10 13 16 19 20 21 20 18 16 11 8 8 8 12 17 20 20 19 19 18 17 16 14 18 20 20 18 13 9 8 12 22 29 32 33 34 34 36 36 36 40 41 43 43 43 42 42 40 37 37 37 39 41 45 47
2 2 2 2 2 2 0 0 0 0 0 0 0 0 0 0 0 0 0 0 0 0 0 0 0 0 0 0 0 0 2 2 0 0 0 0 0 0 1 6 10 10 10 12 14 16 17 17 16 14 10 7 7 9 13 17 17 16 15 13 12 8 7 4 8 14 15 13 10 8 8 13 23 31 33 33 34 34 36 36 36 39 40 42 42 41 40 40 39 37 37 37 38 40 44 48
2 2 2 2 2 2 1 0 0 0 0 0 0 0 0 0 0 0 0 0 0 0 0 0 0 0 0 0 0 0 0 0 0 0 0 0 0 0 0 6 9 9 9 9 10 12 13 14 13 12 9 7 7 10 14 15 13 13 11 8 5 1 1 2 2 7 9 9 8 8 8 13 23 32 34 33 33 33 35 36 36 38 39 41 41 39 38 38 37 36 36 36 38 39 43 48
2 2 2 2 2 2 1 0 0 0 0 0 0 0 0 0 0 0 0 0 0 0 0 0 0 0 0 0 0 0 0 0 0 0 0 0 0 0 0 4 7 5 5 6 6 8 10 10 10 9 7 5 6 8 12 12 11 8 6 2 0 0 0 0 3 6 6 7 7 7 8 12 19 27 31 31 30 32 33 35 36 37 38 40 40 37 35 35 35 34 36 37 39 41 44 48
2 2 2 2 2 2 1 0 0 0 0 0 0 0 0 0 0 0 0 0 0 0 0 0 0 0 0 0 0 0 0 0 0 0 0 0 0 0 0 0 1 0 0 1 1 3 7 7 5 3 1 0 1 1 6 7 6 2 1 0 0 0 0 0 4 6 6 7 7 7 8 9 14 21 25 26 26 27 31 33 35 36 37 39 39 36 33 33 33 34 36 39 42 45 47 49
2 2 2 2 2 2 1 1 0 0 0 0 0 0 0 0 0 0 0 0 0 0 0 0 0 0 0 0 0 0 0 0 0 0 0 0 0 0 0 0 0 0 0 0 0 3 5 2 0 0 0 0 0 0 0 1 1 0 0 0 0 0 0 3 5 6 6 7 7 7 7 8 11 15 19 21 22 24 27 30 32 35 37 38 37 34 32 31 32 34 37 41 45 47 49 50
2 2 2 2 2 2 2 2 1 1 0 0 0 0 0 0 0 0 0 0 0 0 0 0 0 0 0 0 0 0 0 0 0 0 0 0 0 0 0 0 0 0 0 0 0 3 3 1 0 0 0 0 0 0 0 0 0 0 0 0 0 0 1 6 7 7 8 7 7 7 7 7 10 15 17 21 22 23 23 26 29 33 35 36 34 31 31 31 32 34 38 42 46 49 50 50
2 2 2 2 2 2 2 2 2 1 1 1 0 0 0 0 0 0 0 0 0 0 0 0 0 0 0 0 0 0 0 0 0 0 0 0 0 0 0 0 0 0 0 0 0 2 0 0 0 0 0 0 0 0 0 0 0 0 0 0 0 2 6 10 10 10 9 9 8 8 7 7 11 17 21 23 24 24 24 25 26 30 32 32 31 31 35 35 35 34 38 44 47 49 50 47
2 2 2 2 2 2 2 2 2 2 2 2 1 1 0 0 0 0 0 0 0 0 0 0 0 0 0 0 0 0 0 0 0 0 0 0 0 0 0 0 0 0 0 0 0 1 0 0 0 0 0 0 0 0 0 0 0 0 0 1 4 8 12 13 13 12 11 10 9 8 8 9 14 20 26 28 29 29 28 26 26 27 29 29 30 33 38 39 37 36 39 43 45 46 45 42
