geo_cache/7-3/elevation.txt
ncols         938
nrows         918
xllcorner     -70.68888888888888
yllcorner     42.504
cellsize      1.0E-5
NODATA_value  -9999
[rows 375 to 449 of 918, columns 96 to 191 of 938]
36 35 34 34 35 37 40 44 46 47 46 46 45 44 44 46 49 52 54 53 53 52 52 51 49 48 46 46 46 46 46 46 46 46 46 48 51 51 49 48 46 45 45 42 41 41 40 40 41 40 40 38 36 35 32 29 25 23 22 22 23 24 26 29 29 30 32 34 35 36 37 36 35 35 33 33 31 29 28 27 26 26 25 25 25 24 24 23 23 23 22 22 22 22 22 24
35 35 34 34 35 37 41 45 49 49 48 48 46 45 44 46 50 53 55 55 53 52 52 51 49 48 46 46 46 46 46 46 46 46 48 52 54 53 51 49 48 46 45 43 41 40 40 40 40 39 38 37 35 33 30 26 24 23 22 22 23 24 27 29 29 30 32 33 34 36 37 37 36 35 34 34 31 29 28 27 26 26 25 25 25 24 24 23 23 23 22 22 22 22 22 26
34 35 34 34 35 38 43 47 49 50 50 49 48 46 45 47 50 53 55 55 54 52 52 51 50 48 46 46 46 46 46 46 46 47 51 55 56 55 53 50 49 47 46 43 42 40 38 38 38 37 37 35 34 32 27 25 23 22 22 22 23 24 27 29 29 30 32 32 34 35 37 38 38 37 36 34 32 30 29 28 27 26 25 25 25 24 24 23 22 22 22 22 22 22 23 28
34 35 35 35 36 40 45 49 50 51 50 50 49 47 46 46 49 52 54 55 54 52 52 52 50 48 45 46 46 46 46 46 48 50 52 56 56 55 53 51 50 48 46 43 42 39 37 36 36 35 34 33 32 29 26 24 23 22 22 22 23 23 26 28 28 30 32 33 35 36 38 39 39 38 36 35 33 32 31 30 28 27 26 26 25 24 24 23 22 22 22 22 22 23 24 29
35 35 35 36 36 41 46 51 52 52 51 51 50 47 45 44 47 50 53 53 53 52 52 51 50 48 45 45 45 45 48 50 52 54 53 54 54 54 53 52 50 48 46 43 41 38 34 33 33 33 32 31 29 26 24 23 22 22 22 22 23 23 25 26 27 30 32 34 36 37 39 39 39 38 36 36 34 34 34 32 30 27 26 26 25 25 24 23 22 22 22 22 22 23 26 32
36 37 38 38 38 41 46 52 53 53 52 52 51 47 45 44 45 48 51 52 52 52 52 51 49 48 45 45 45 49 53 55 55 54 53 53 53 52 51 50 49 47 44 42 41 37 33 31 30 30 30 28 26 25 23 22 22 22 22 22 23 23 24 26 26 30 33 36 37 39 40 39 39 38 36 36 35 35 35 34 32 29 26 27 27 26 25 23 22 22 22 22 22 23 27 33
38 39 40 40 40 42 45 51 53 53 52 52 52 48 44 44 45 47 49 51 51 51 51 51 49 47 45 45 47 53 55 54 53 52 52 51 50 49 49 48 46 45 44 42 40 37 33 30 28 26 26 26 25 25 23 22 22 22 22 22 23 23 24 25 27 32 36 38 40 41 41 39 38 38 37 37 37 37 36 34 33 31 30 30 29 27 25 23 22 22 23 23 23 23 28 33
40 41 43 43 42 42 44 49 51 53 52 52 53 49 44 43 44 46 48 49 50 50 50 50 48 46 45 45 49 53 53 52 51 51 51 50 49 47 47 46 45 44 43 41 39 36 32 30 27 26 26 26 26 26 25 23 23 23 23 23 23 24 25 28 32 36 39 41 42 42 42 39 38 38 38 38 39 38 36 34 33 32 31 31 30 27 24 23 23 24 25 24 23 25 29 34
41 43 46 47 45 44 44 46 49 50 51 52 53 49 44 43 44 45 46 47 48 49 49 48 46 45 45 46 50 53 52 50 50 50 51 49 47 47 46 46 44 43 42 41 38 35 32 30 27 26 26 26 26 26 26 25 23 23 23 24 25 27 29 32 36 39 41 42 43 43 42 40 38 38 38 39 40 38 37 35 34 34 33 32 31 27 24 23 25 29 29 26 24 26 30 34
43 45 48 49 48 46 44 44 46 48 50 51 52 49 44 43 43 44 44 45 46 46 46 46 45 44 44 47 50 52 50 50 50 50 50 48 47 46 45 45 44 43 42 40 38 35 32 29 26 26 26 27 26 26 26 26 24 24 26 28 30 32 34 37 40 42 43 44 44 43 42 40 39 39 39 41 40 38 37 35 35 36 34 33 30 26 23 25 30 34 32 27 25 27 30 32
45 47 50 50 50 47 44 44 44 47 50 51 52 49 45 43 43 43 44 44 45 45 45 44 44 44 44 47 50 51 49 49 50 50 49 47 47 46 45 45 44 42 42 39 38 35 32 29 26 26 26 27 26 26 26 25 25 27 31 33 35 37 38 40 43 44 44 44 44 44 43 40 40 40 41 41 40 38 37 36 36 36 34 30 26 23 23 27 33 36 32 27 25 25 27 29
46 49 51 52 51 49 47 45 44 46 49 51 51 49 45 43 43 43 43 44 44 44 43 43 44 45 45 46 48 50 49 49 49 48 47 46 46 45 45 45 44 42 42 40 38 36 32 29 26 26 26 26 27 27 25 25 27 32 36 38 40 41 42 43 44 45 45 45 44 44 43 42 42 42 41 41 39 38 37 36 35 34 31 26 23 23 25 29 33 32 28 26 25 25 25 26
47 50 52 52 51 50 50 47 44 45 49 50 50 49 45 43 43 43 43 43 43 43 43 43 45 46 46 46 47 48 49 48 48 47 46 45 45 45 44 44 43 42 42 40 39 36 32 30 27 26 26 26 27 27 26 27 31 36 40 41 42 44 44 45 45 46 46 46 44 44 43 43 43 42 41 39 37 36 35 34 32 31 28 24 22 23 26 30 31 29 27 25 25 25 25 25
47 50 52 52 52 52 51 48 45 45 47 49 50 48 46 43 42 42 42 42 43 43 43 45 46 47 47 47 47 48 48 47 47 46 45 44 43 43 43 43 42 42 42 40 39 37 34 32 31 29 28 27 27 27 29 32 36 40 42 43 44 46 46 46 46 46 46 46 45 45 44 44 43 41 40 38 36 33 31 30 28 27 25 23 22 24 26 28 28 27 26 25 25 25 25 25
47 49 52 52 53 53 52 49 46 45 47 48 49 48 46 43 41 41 42 42 42 43 44 45 47 48 47 47 47 47 47 47 46 45 44 42 41 41 42 42 42 42 42 41 40 40 37 35 33 32 31 30 29 30 31 35 39 42 44 46 46 47 47 47 47 47 47 47 46 46 45 44 42 40 37 35 33 30 28 26 24 23 23 23 25 26 27 27 26 26 26 26 26 25 25 25
48 51 52 52 53 53 52 49 47 45 46 48 49 48 46 43 41 41 41 41 42 44 44 45 47 48 47 47 47 46 46 46 45 44 43 41 41 41 41 41 43 43 43 43 44 44 40 37 34 33 33 32 31 31 35 39 42 44 46 47 48 48 48 48 48 47 47 47 47 46 45 44 41 38 36 34 31 28 26 24 23 23 23 26 29 28 28 26 26 26 26 26 26 25 25 25
49 53 54 53 52 52 52 49 48 46 46 47 49 48 45 42 41 41 41 41 41 44 44 45 47 47 47 46 46 46 46 46 44 43 42 41 41 40 40 41 43 45 46 46 47 47 43 38 35 34 34 32 32 33 38 42 45 47 49 49 49 49 49 49 49 48 48 48 47 46 44 41 38 36 33 31 28 25 24 23 23 23 25 29 31 29 27 26 26 26 26 26 26 25 25 25
50 53 54 53 52 51 51 49 48 46 46 47 48 47 44 42 41 41 41 41 41 43 44 45 47 47 46 46 46 45 45 45 44 42 41 40 40 40 40 43 47 49 50 49 49 48 43 39 36 34 34 32 32 36 40 44 48 50 50 50 50 50 50 50 49 49 49 48 47 45 42 39 37 34 31 28 26 23 23 23 23 23 26 29 31 28 26 26 26 26 26 26 26 25 25 25
50 53 53 53 52 51 51 49 47 46 45 45 47 45 44 41 41 41 41 41 41 42 43 45 46 46 46 45 45 45 44 44 43 41 41 40 40 40 41 46 50 52 52 51 50 48 44 39 36 35 35 33 33 37 41 45 49 51 51 51 51 51 51 50 50 50 49 49 46 43 39 37 34 30 28 25 23 23 23 23 23 23 25 27 27 26 26 26 26 26 26 26 26 26 26 27
50 52 53 53 52 51 51 48 47 45 44 44 46 44 44 41 41 41 40 41 41 42 43 44 46 46 46 45 45 44 44 43 42 41 41 40 40 40 43 48 51 53 54 53 51 49 45 41 38 36 36 33 33 38 42 46 49 51 51 52 51 51 51 50 50 50 49 48 44 41 37 34 30 28 25 23 23 23 23 23 23 23 23 24 25 26 26 28 29 31 32 31 29 28 29 30
50 51 53 53 52 51 51 49 48 45 44 44 45 44 43 41 41 41 40 40 40 42 43 45 46 46 46 45 45 44 43 43 41 41 40 40 40 41 44 48 51 54 54 53 50 48 45 42 39 36 35 33 34 39 43 47 48 50 51 51 52 52 52 51 51 51 49 47 43 38 33 29 26 24 23 23 23 23 23 23 23 23 23 23 25 28 30 32 34 35 36 35 33 31 33 34
52 52 53 53 52 51 51 50 49 46 44 44 44 44 43 41 41 41 40 40 40 41 43 45 47 48 47 45 44 43 43 43 41 41 40 40 40 42 45 47 50 53 53 51 49 47 44 41 38 35 33 32 35 40 45 47 48 49 50 51 52 52 52 52 52 51 49 45 40 35 28 23 23 23 23 23 23 23 23 23 23 23 24 27 29 32 33 35 37 39 40 38 36 35 35 35
53 53 54 54 52 52 52 50 49 46 43 43 43 43 43 41 41 41 40 40 40 41 43 45 48 48 47 45 44 43 43 43 41 40 40 40 40 42 46 47 50 52 52 50 49 46 43 39 37 34 33 32 36 41 45 47 47 48 49 50 52 52 52 52 52 50 48 43 36 29 24 23 23 23 23 23 23 23 23 23 23 24 28 30 32 34 36 38 40 40 41 40 37 36 36 36
54 54 54 54 52 51 51 50 49 46 43 43 43 43 42 41 41 41 40 40 40 40 43 45 47 47 46 44 43 42 42 42 41 40 40 40 40 43 46 47 50 51 52 50 49 46 42 38 36 34 32 33 37 41 45 46 47 47 48 50 52 52 52 51 51 49 46 39 31 25 23 23 23 23 23 23 23 23 23 23 23 27 30 32 34 36 38 40 41 41 41 40 38 37 37 37
52 52 52 52 52 51 51 50 49 46 43 43 42 42 42 41 41 41 40 40 40 40 42 44 46 46 45 43 42 41 41 41 41 40 39 40 40 43 46 47 50 51 51 50 48 44 40 36 34 32 32 33 38 41 43 44 45 46 48 49 50 51 51 49 49 46 40 32 26 23 23 23 23 23 23 23 23 23 24 25 27 29 31 33 36 38 41 43 43 43 42 41 40 38 37 37
51 50 51 51 51 50 50 49 47 45 43 43 42 41 41 41 40 40 40 40 40 40 41 43 44 44 43 42 41 40 40 40 40 39 39 40 41 43 46 48 50 50 50 48 45 41 37 34 32 32 32 33 36 39 42 44 44 46 47 47 48 49 47 46 44 39 31 25 24 23 23 24 24 23 23 23 24 27 28 29 29 31 33 35 37 40 43 44 44 44 42 41 41 40 38 38
50 50 51 51 50 50 49 48 47 45 43 43 42 41 41 40 40 40 39 39 39 39 40 41 42 42 42 40 39 39 38 38 38 38 38 39 41 44 47 49 49 49 47 45 42 37 34 31 30 30 30 32 35 38 41 44 44 45 45 45 46 45 43 40 37 32 26 24 23 23 23 24 24 23 23 25 28 30 31 31 31 32 34 37 39 42 45 46 45 44 43 42 42 40 39 38
50 50 50 50 49 49 49 47 45 44 43 43 42 41 41 40 40 40 39 39 39 39 39 40 40 41 40 39 38 38 38 38 38 38 38 39 41 44 48 50 48 46 44 41 38 34 31 29 29 29 29 32 33 37 41 42 43 44 44 44 43 40 37 34 29 24 24 24 24 24 24 24 24 27 27 29 31 32 32 32 32 34 36 39 42 45 46 46 45 44 43 42 42 40 39 39
50 50 49 49 49 49 49 46 45 44 43 43 42 41 41 40 40 40 39 38 38 38 38 38 39 39 39 38 37 37 37 37 37 37 38 39 41 45 49 49 46 43 40 36 33 31 29 28 28 29 29 30 32 36 39 40 41 41 41 40 38 35 32 28 24 24 24 24 24 24 24 24 27 32 31 31 32 33 33 33 34 35 37 41 45 47 47 45 43 43 43 42 42 40 40 40
50 49 49 49 50 50 49 47 45 44 43 43 43 41 41 40 40 40 39 38 38 38 38 38 38 38 38 37 37 37 37 37 37 37 38 39 41 45 47 45 42 39 35 32 29 28 28 28 28 28 27 28 32 34 36 38 39 39 38 36 33 29 26 24 24 24 24 24 24 24 24 24 29 35 34 34 33 34 34 34 35 35 38 42 46 47 46 44 42 42 42 41 41 39 39 39
50 49 49 49 50 50 50 47 45 44 43 43 43 42 42 41 41 40 39 38 38 37 37 37 38 38 38 37 37 37 37 37 37 37 38 40 42 43 43 42 38 35 32 29 27 26 27 27 28 27 26 27 29 33 35 35 36 35 33 31 28 25 24 23 23 24 24 24 24 24 24 28 35 36 35 35 34 35 35 35 36 36 39 42 46 47 45 43 41 41 41 40 39 37 38 39
50 49 49 49 50 50 50 47 45 44 43 43 43 43 43 42 41 41 39 38 38 37 37 37 38 38 38 37 37 37 37 37 38 38 39 41 42 41 40 38 35 32 29 27 26 26 27 27 28 26 26 26 27 30 31 32 32 31 29 26 24 24 24 23 23 24 24 24 24 24 26 35 37 37 36 36 35 35 35 36 37 37 38 40 43 44 43 42 40 40 39 38 36 35 36 38
49 49 49 49 49 49 49 47 45 44 44 44 44 44 43 42 41 41 41 40 38 37 37 37 37 37 37 37 37 37 37 37 38 40 42 42 42 39 36 34 32 30 27 26 26 26 27 28 28 26 25 25 25 26 27 28 28 27 25 23 24 24 24 24 24 24 24 24 23 23 28 37 39 38 37 36 36 36 36 37 37 37 38 39 40 41 41 41 40 40 38 37 36 35 35 36
49 49 49 49 49 49 49 46 46 44 44 44 45 44 44 43 42 42 41 41 39 37 37 37 37 37 37 37 37 37 37 37 40 44 46 43 41 38 34 31 29 27 26 26 26 26 28 28 28 25 25 24 25 25 25 26 25 24 24 23 24 24 24 24 24 24 24 24 23 26 34 39 40 39 37 37 37 37 37 38 38 38 39 39 41 40 40 39 39 39 39 38 37 35 35 35
48 49 49 49 48 48 48 46 46 45 45 45 45 45 45 43 42 42 43 42 40 38 37 37 37 37 37 37 37 37 37 40 44 47 47 43 40 36 32 28 26 25 25 25 25 27 28 28 27 25 24 23 23 24 24 24 24 24 24 23 24 24 24 24 24 24 24 24 24 31 37 41 40 38 37 37 37 38 38 38 39 40 40 43 45 44 40 38 38 38 39 38 38 35 35 35
48 49 49 49 48 47 47 46 46 46 46 46 46 44 44 43 43 43 44 44 42 39 38 37 36 36 37 36 36 37 39 43 46 47 46 43 39 35 30 27 25 24 24 25 25 27 28 28 26 24 24 23 23 23 24 24 24 24 24 24 24 24 24 24 24 24 24 24 25 34 39 41 40 38 37 37 37 38 38 39 40 42 44 47 47 44 40 38 38 38 39 38 37 35 35 35
48 48 49 49 48 47 47 47 47 46 46 46 46 44 44 43 43 43 45 46 44 40 38 37 36 36 36 36 36 38 42 45 47 47 44 41 37 32 28 26 24 23 23 25 26 27 28 27 25 24 23 22 22 22 22 22 23 24 24 24 24 24 24 24 24 24 24 24 26 36 42 41 40 39 38 37 37 38 39 40 41 44 47 48 46 42 39 38 38 38 39 38 37 35 35 34
48 49 50 50 48 47 47 47 47 47 46 46 46 44 44 43 43 43 45 47 45 41 38 37 36 36 36 36 37 41 44 47 47 46 42 39 35 29 26 24 23 23 23 25 26 27 27 26 24 23 23 22 22 22 22 22 22 24 24 24 24 24 24 24 24 24 24 24 27 37 42 41 40 39 38 38 37 38 39 40 41 44 47 47 44 41 38 38 38 38 39 38 36 34 34 34
50 51 50 50 48 47 47 47 47 47 47 47 46 44 44 43 43 43 46 47 46 42 39 37 35 35 35 36 39 42 46 47 47 45 41 37 31 27 24 23 23 23 24 26 27 27 26 25 24 23 23 22 22 22 22 22 22 24 24 24 24 24 24 24 24 24 24 24 27 39 42 41 41 40 39 38 38 38 39 40 41 43 46 46 44 40 38 37 38 38 39 37 36 34 34 34
52 52 51 50 48 48 48 48 48 48 47 47 46 44 43 42 42 43 46 48 47 44 41 37 34 33 34 37 40 44 47 47 46 43 38 33 28 25 23 23 23 23 25 26 27 27 26 24 23 23 23 22 22 22 22 22 22 24 24 24 24 24 24 24 24 24 24 24 29 41 42 41 41 40 39 38 38 39 40 39 39 41 45 45 43 39 37 36 37 38 39 38 35 33 32 33
51 52 51 50 49 49 49 49 49 48 47 47 46 44 43 41 41 43 46 48 48 45 42 38 34 32 32 35 39 44 47 46 43 39 34 29 25 23 23 23 23 24 26 27 27 26 25 23 23 23 23 23 23 23 24 24 23 24 24 24 24 24 24 24 24 24 24 25 37 42 42 41 41 39 38 38 38 39 40 39 39 39 41 42 41 38 36 36 37 37 39 38 35 32 31 32
50 51 51 51 50 50 50 49 49 48 47 46 45 43 43 41 40 43 47 49 50 47 42 39 35 32 30 32 36 39 42 40 37 33 29 25 23 23 23 23 23 25 26 26 25 24 23 23 23 23 24 25 26 26 27 27 25 23 23 23 24 24 24 24 24 24 24 27 38 42 42 41 40 39 38 38 38 39 40 39 38 37 38 39 38 36 35 35 37 37 39 38 35 30 29 30
49 50 50 50 50 50 50 49 49 48 47 46 45 43 43 40 39 42 46 49 50 47 43 39 36 32 29 29 30 34 35 35 31 28 24 23 23 23 23 23 23 26 26 25 23 23 22 22 23 25 26 28 29 30 29 29 26 23 23 23 24 24 24 24 24 23 25 34 39 41 41 41 40 39 38 38 38 39 39 38 37 36 36 36 36 35 35 35 36 37 38 37 34 29 28 26
48 49 50 50 50 50 50 49 49 48 47 46 45 43 42 39 38 40 45 49 50 49 45 41 38 34 30 28 27 28 29 29 26 23 23 23 23 23 23 23 24 25 24 23 23 22 22 22 26 29 31 33 34 33 31 30 27 23 23 23 24 24 24 24 24 24 31 35 38 39 40 40 40 39 38 38 38 39 39 38 36 35 35 35 35 35 35 35 36 37 38 36 31 27 24 23
48 49 49 49 50 50 50 49 49 49 47 46 45 42 42 39 37 39 44 48 50 50 46 42 39 35 30 27 26 25 25 24 23 23 23 22 22 23 23 23 23 23 23 22 22 22 22 23 28 33 35 38 38 35 33 30 28 23 23 23 24 24 24 24 24 29 32 34 36 38 39 39 39 39 38 38 39 39 39 37 35 35 35 35 35 34 34 34 35 36 36 32 28 24 21 19
49 49 49 49 50 50 50 49 49 48 47 46 44 42 41 38 35 38 41 46 50 50 47 43 39 36 30 27 26 24 23 23 22 22 22 22 24 24 23 23 22 22 22 22 22 22 23 26 31 36 39 41 40 38 35 31 28 23 23 23 24 24 24 24 24 30 31 32 34 35 37 37 38 39 38 38 39 39 39 37 35 35 35 35 35 34 34 34 34 35 33 29 25 21 17 17
49 49 49 49 50 51 51 49 49 48 46 45 44 42 40 37 34 35 39 44 47 49 47 44 39 35 30 27 24 23 23 23 22 22 22 23 24 24 23 23 22 22 22 22 23 24 26 30 34 38 40 42 42 42 39 33 28 24 24 24 24 24 24 24 30 31 31 31 32 33 34 35 38 39 39 39 39 39 39 38 36 35 35 35 35 34 34 33 33 32 29 26 22 17 15 16
49 49 49 49 50 50 49 49 48 47 46 45 43 41 39 36 33 33 36 41 45 47 47 43 38 32 28 26 23 22 22 22 22 22 23 24 24 24 22 22 22 22 22 24 27 29 31 34 38 41 42 44 46 46 42 35 28 24 24 24 24 24 24 30 33 32 31 31 32 32 32 35 37 39 39 39 39 39 39 38 36 36 36 37 36 35 34 33 32 29 26 22 18 14 12 15
48 49 49 49 49 49 49 48 48 47 45 44 43 41 38 35 33 32 33 37 41 43 43 40 35 30 26 23 23 22 22 22 22 22 24 25 25 24 22 22 23 23 25 29 32 35 36 38 41 44 45 46 47 47 42 35 28 24 24 24 24 24 24 32 34 33 32 32 32 32 32 36 37 39 40 40 40 39 39 37 37 37 37 37 37 35 34 32 31 28 23 18 14 11 11 13
48 49 48 48 48 48 47 47 47 46 45 44 43 40 38 35 32 31 32 34 38 40 39 36 32 28 24 22 22 21 21 21 22 23 24 24 24 23 22 22 23 26 30 34 37 39 40 42 43 46 47 48 47 44 39 34 27 24 24 24 24 24 24 32 34 34 34 33 31 31 31 34 37 40 41 41 40 39 39 38 38 38 38 37 36 34 33 32 31 26 20 14 11 9 10 12
48 48 48 48 48 47 47 46 46 45 44 44 42 40 39 35 31 30 30 32 34 35 35 33 30 26 23 22 21 21 21 21 22 23 24 24 24 23 23 23 25 29 34 38 40 42 43 44 46 47 48 48 46 43 39 33 26 23 23 24 24 24 24 32 35 35 35 34 31 30 29 32 37 40 41 41 40 39 39 39 39 39 38 36 35 33 32 31 28 24 18 12 8 8 9 11
48 48 48 48 48 47 47 46 46 45 44 43 42 40 38 35 32 30 28 29 31 31 31 29 26 23 22 22 21 20 20 20 22 22 23 24 23 23 23 25 28 33 37 41 43 44 45 46 47 48 48 47 46 44 41 34 24 23 23 24 24 24 24 32 35 35 35 33 31 29 28 30 36 40 41 41 39 39 39 39 38 38 37 35 33 31 29 27 25 21 16 10 8 8 9 11
47 47 47 47 48 47 47 46 46 45 43 42 40 38 37 34 32 29 27 27 28 28 26 25 23 23 25 25 23 20 20 20 22 22 23 24 23 23 24 27 31 36 39 42 44 45 46 46 47 47 47 47 46 46 41 33 24 23 23 24 24 24 24 33 35 35 34 33 30 28 27 30 34 39 40 40 39 38 38 38 38 38 36 35 33 30 26 23 22 20 15 9 8 8 9 11
46 46 46 46 47 47 47 46 46 45 43 42 40 37 36 34 31 28 26 24 24 24 23 22 23 24 26 25 23 20 20 20 21 22 23 23 23 23 25 29 34 38 41 44 44 45 46 46 47 47 47 47 49 49 41 31 24 23 23 24 23 23 24 33 35 35 34 33 30 27 27 29 33 38 39 39 38 38 37 37 37 37 36 35 32 28 23 19 19 18 14 9 7 8 10 12
45 46 46 46 46 47 47 47 47 45 42 41 40 37 36 33 30 27 25 23 23 22 22 21 20 22 22 22 20 20 20 20 21 21 22 23 23 23 26 30 35 39 42 45 45 45 46 46 47 47 48 51 52 49 40 30 24 23 23 24 24 24 30 34 34 34 33 32 29 27 26 28 32 37 38 38 38 37 36 36 36 36 35 34 31 26 21 17 17 16 13 8 7 9 10 12
45 45 46 46 46 46 46 46 45 43 41 39 38 36 34 31 28 25 23 22 22 21 21 20 20 20 19 19 19 20 20 20 21 21 22 23 23 23 27 32 36 40 42 45 45 45 46 46 48 50 50 52 52 48 38 29 24 23 23 23 27 31 34 35 35 33 33 32 29 26 26 28 32 36 37 37 36 34 34 34 35 35 33 31 28 24 18 14 13 13 11 7 6 8 10 12
44 45 45 45 45 44 44 44 43 41 39 36 34 33 31 28 25 23 22 21 21 20 20 19 19 19 19 19 19 20 20 20 21 21 22 23 23 24 27 32 37 41 42 44 44 45 46 47 49 51 52 52 51 46 36 27 24 23 23 27 31 34 36 35 35 33 32 31 28 26 25 28 31 35 35 33 32 31 31 31 31 31 30 28 25 21 16 11 9 9 7 6 5 8 10 12
43 44 44 44 43 43 43 42 40 37 35 32 30 28 26 24 23 22 21 20 20 19 19 19 19 19 20 20 20 20 21 21 22 22 22 23 23 24 29 33 38 41 42 44 44 44 47 48 50 52 52 52 50 44 33 25 23 23 23 29 33 35 38 37 35 33 31 28 26 25 25 28 31 34 32 29 28 28 28 28 28 28 27 26 22 18 14 10 7 7 6 5 5 7 9 12
42 43 42 42 40 39 39 37 35 33 30 28 26 25 23 22 21 20 20 20 20 19 19 19 19 19 20 20 20 21 21 21 22 22 22 23 23 26 30 36 39 41 42 43 43 44 47 48 50 51 51 52 49 41 31 24 23 23 29 34 35 37 38 38 36 33 29 27 25 24 24 27 30 32 30 28 26 25 26 26 26 25 25 24 21 17 14 10 7 6 5 5 5 7 8 12
43 43 40 38 36 35 34 33 30 28 26 24 23 23 22 21 20 20 19 19 19 19 19 19 19 19 20 20 20 21 22 22 22 22 23 24 24 27 32 37 40 42 42 43 43 44 45 47 48 49 50 51 47 39 30 23 23 28 34 36 36 37 39 39 36 32 29 26 24 23 23 27 29 29 27 25 24 23 23 24 24 24 24 24 21 18 15 12 9 6 5 5 5 6 8 12
40 40 38 35 33 31 29 28 25 24 23 22 22 21 20 20 19 19 19 19 19 19 19 19 19 19 20 21 21 22 22 22 22 22 23 24 26 29 34 37 41 42 42 42 42 42 43 45 47 48 49 49 44 35 28 24 26 31 34 35 36 37 40 40 37 32 29 26 23 22 23 26 28 27 26 24 23 23 23 23 24 24 24 23 21 18 16 12 10 7 5 5 5 6 8 13
35 36 34 31 30 28 26 24 23 23 22 22 21 20 20 19 19 19 19 19 19 20 20 20 21 20 21 21 21 22 22 22 23 23 23 25 27 31 35 38 42 42 42 42 42 41 42 43 44 46 46 46 41 32 26 25 28 32 34 34 36 37 40 41 38 32 29 27 23 21 22 25 27 26 24 23 23 23 23 23 24 24 23 22 20 18 15 12 9 6 4 4 5 7 9 14
32 32 31 29 27 26 25 23 23 22 21 21 20 20 20 19 19 19 19 19 21 22 24 25 24 22 22 22 22 22 22 22 23 23 23 25 27 31 36 40 43 43 41 40 40 40 40 41 42 43 43 43 38 30 26 26 30 33 34 35 36 38 40 40 38 33 29 27 23 20 21 25 27 26 23 23 23 23 23 23 24 24 23 22 20 17 15 11 8 5 4 4 5 7 11 16
31 30 29 27 26 25 25 23 22 22 20 20 20 20 20 19 19 19 20 22 25 27 29 30 28 26 23 23 23 23 23 23 23 23 23 26 27 30 36 40 44 43 41 40 40 40 39 39 40 40 40 39 34 27 26 29 34 35 35 36 38 40 40 39 37 33 29 27 22 19 20 25 27 27 24 23 23 23 23 23 24 24 25 22 20 17 15 11 7 4 4 4 5 8 13 17
31 30 29 29 28 26 25 23 22 20 20 20 20 20 20 19 20 21 23 25 29 35 39 39 34 29 25 24 24 23 23 23 23 23 23 26 27 30 35 40 44 43 40 38 38 38 38 36 37 37 37 34 29 26 26 32 38 38 36 37 40 41 41 39 36 32 29 26 21 19 20 25 27 27 24 23 23 23 23 24 24 25 26 23 20 17 15 11 7 4 4 4 6 10 15 17
32 31 30 30 31 28 25 22 21 20 20 20 21 21 20 20 22 24 27 31 35 41 45 43 37 32 26 25 25 24 23 23 23 23 23 26 28 31 34 38 41 41 39 37 37 37 35 33 33 32 31 29 26 26 28 36 41 41 38 39 41 42 41 38 36 31 29 25 20 18 20 24 26 26 24 23 23 24 26 27 27 26 26 24 20 17 15 10 6 3 3 4 6 10 15 17
32 28 27 28 27 25 22 21 20 19 21 23 24 23 22 22 25 29 34 37 40 43 45 44 37 33 27 25 25 23 23 23 23 23 25 27 28 31 34 36 39 39 38 37 36 36 34 31 29 27 26 26 25 25 30 40 44 42 40 40 42 42 41 37 34 31 27 23 19 17 19 22 25 25 24 23 24 28 30 31 31 29 27 25 20 15 11 7 4 2 3 4 5 8 12 13
27 23 22 21 21 21 20 20 20 20 23 25 26 25 24 26 31 37 40 41 42 44 45 43 38 33 27 25 24 23 23 23 23 25 29 31 30 30 32 34 36 36 36 36 35 34 32 29 27 25 25 25 24 26 33 42 44 42 41 41 42 42 41 36 33 29 25 22 18 17 17 20 21 22 21 22 27 32 33 33 32 30 26 22 17 11 7 5 3 2 3 3 4 6 8 9
22 20 19 19 19 20 20 20 21 22 24 26 27 26 26 31 37 41 43 42 42 44 44 43 38 33 27 25 24 23 22 22 23 28 34 36 34 32 32 33 33 33 33 33 33 31 29 27 25 24 24 24 24 27 35 43 44 43 42 42 42 42 40 36 31 27 23 20 17 17 17 17 18 19 21 24 28 33 33 33 32 28 21 16 13 9 6 4 2 2 2 2 2 3 4 4
19 18 18 18 19 20 21 23 24 25 25 26 27 28 31 36 41 43 43 42 42 42 43 42 38 33 27 26 25 24 22 22 24 32 39 40 35 33 32 32 32 31 31 30 29 27 26 25 24 23 23 23 24 29 36 43 44 43 42 42 41 41 38 35 30 26 22 19 17 17 17 17 17 21 23 25 28 30 31 30 27 22 18 14 10 7 6 3 2 2 2 2 2 2 2 2
18 17 17 17 20 23 24 27 28 28 26 27 29 31 37 41 44 44 43 41 41 41 43 42 38 33 29 29 29 26 23 22 25 34 41 40 36 34 32 32 31 30 29 28 27 26 25 23 23 22 22 23 25 29 37 43 44 42 41 41 40 38 36 32 28 24 21 18 17 17 17 17 18 23 26 26 27 27 27 26 23 19 16 13 9 6 5 3 2 2 2 2 2 2 2 2
17 17 18 22 25 28 30 32 33 32 29 28 32 37 42 45 45 45 42 40 39 39 40 42 40 37 34 34 33 29 24 22 26 34 39 38 35 34 32 32 30 29 28 27 26 25 24 23 21 20 20 22 25 29 36 40 40 38 37 37 37 35 33 29 24 20 18 17 16 16 16 18 22 26 29 28 27 26 25 24 21 18 15 12 9 7 5 3 2 2 2 2 2 2 2 2
17 17 22 26 30 33 35 35 35 33 30 31 36 42 45 46 46 45 42 40 37 36 38 42 43 42 39 37 35 30 25 22 25 31 33 33 33 33 32 31 29 28 28 26 26 25 23 23 20 20 20 22 26 29 33 35 35 35 35 35 35 34 32 27 22 18 17 17 16 16 18 23 26 29 31 30 29 28 25 23 20 18 14 12 10 9 5 2 2 2 2 2 2 2 2 2
19 21 24 28 32 34 35 34 33 32 31 33 40 45 48 48 46 44 42 39 36 35 35 38 42 42 40 38 36 31 25 22 23 27 28 28 28 29 30 30 29 28 27 26 25 24 23 21 19 18 19 22 26 28 31 33 34 34 34 35 35 35 33 28 22 17 15 15 16 17 22 27 30 32 33 33 32 28 26 23 20 18 14 13 11 10 6 2 2 2 2 2 2 2 2 2
23 24 25 28 31 32 32 32 32 31 32 37 42 46 49 50 46 44 41 38 35 34 34 35 38 41 40 38 35 31 25 22 20 22 24 25 25 25 25 26 27 27 26 25 24 23 21 19 17 18 18 22 26 29 32 33 34 34 35 36 37 36 34 28 21 16 15 15 16 20 26 30 32 34 36 36 32 28 26 23 20 18 14 13 12 10 6 3 2 2 2 2 2 2 2 2
