geo_cache/7-3/elevation.txt
ncols         938
nrows         918
xllcorner     -70.68888888888888
yllcorner     42.504
cellsize      1.0E-5
NODATA_value  -9999
[rows 225 to 299 of 918, columns 96 to 191 of 938]
0 0 0 0 0 0 0 0 0 0 0 0 0 0 0 0 0 0 0 0 0 0 0 0 0 0 0 0 0 0 0 0 0 0 0 0 0 0 0 0 0 0 0 0 0 0 0 0 1 3 3 4 5 7 9 14 17 16 15 15 15 15 14 13 12 11 10 10 9 8 5 2 0 0 0 0 0 0 0 0 0 0 0 0 0 0 0 0 0 0 0 0 0 0 0 0
0 0 0 0 0 0 0 0 0 0 0 0 0 0 0 0 0 0 0 0 0 0 0 0 0 0 0 0 0 0 0 0 0 0 0 0 0 0 0 0 0 0 0 0 0 0 0 2 2 4 4 7 9 11 13 16 18 18 18 18 18 17 16 15 14 12 11 10 9 8 5 2 0 0 0 0 0 0 0 0 0 0 0 0 0 0 0 0 0 0 0 0 0 0 0 0
0 0 0 0 0 0 0 0 0 0 0 0 0 0 0 0 0 0 0 0 0 0 0 0 0 0 0 0 0 0 0 0 0 0 0 0 0 0 0 0 0 0 0 0 0 0 1 3 5 7 8 11 13 15 16 18 18 19 19 20 19 19 18 17 15 14 12 11 9 8 5 2 0 0 0 0 0 0 0 0 0 0 0 0 0 0 0 0 0 0 0 0 0 0 0 0
0 0 0 0 0 0 0 0 0 0 0 0 0 0 0 0 0 0 0 0 0 0 0 2 2 2 0 0 0 0 0 0 0 0 0 0 0 0 0 0 0 0 0 0 0 1 3 5 8 11 12 15 16 18 18 19 19 19 19 20 20 20 20 18 17 15 13 12 10 8 5 2 0 0 0 0 0 0 0 0 0 0 0 0 0 0 0 0 0 0 0 0 0 0 0 0
0 0 0 0 0 0 0 0 0 0 0 0 0 0 0 0 0 0 0 0 0 0 2 2 2 2 1 0 0 0 0 0 0 0 0 0 0 0 0 0 0 0 0 0 1 3 6 8 12 14 15 17 19 20 20 19 19 19 19 20 20 20 21 19 18 16 14 13 11 8 6 3 0 0 0 0 0 0 0 0 0 0 0 0 0 0 0 0 0 0 0 0 0 0 0 0
0 0 0 0 0 0 0 0 0 0 0 0 0 0 0 0 0 0 0 0 0 1 2 3 3 3 2 1 0 0 0 0 0 0 0 0 0 0 0 0 0 0 0 0 3 6 9 12 15 17 18 20 22 23 23 21 20 19 19 20 21 22 22 20 19 16 14 13 11 8 6 3 1 0 0 0 0 0 0 0 0 0 0 0 0 0 0 0 0 0 0 0 0 0 0 0
0 0 0 0 0 0 0 0 0 0 0 0 0 0 0 0 0 0 0 0 0 2 2 3 3 3 2 1 0 0 0 0 0 0 0 0 0 0 0 0 0 0 0 1 5 9 13 15 17 19 20 22 24 25 26 25 24 22 20 21 23 23 23 21 19 17 15 13 11 9 6 3 2 0 0 0 0 0 0 0 0 0 0 0 0 0 0 0 0 0 0 0 0 0 0 0
0 0 0 0 0 0 0 0 0 0 0 0 0 0 0 0 0 0 0 0 1 3 3 3 4 3 2 1 0 0 0 0 0 0 0 0 0 0 0 0 0 0 0 3 8 11 15 16 18 20 21 23 25 26 28 29 28 26 24 25 25 24 23 21 20 17 15 14 11 9 6 3 2 1 0 0 0 0 0 0 0 0 0 0 0 0 0 0 0 0 0 0 0 0 0 0
0 0 0 0 0 0 0 0 0 0 0 0 0 0 0 0 0 0 0 1 2 2 2 2 3 3 2 1 0 0 0 0 0 0 0 0 0 0 0 0 0 0 2 6 9 11 14 16 18 20 21 24 26 26 28 29 29 28 27 27 26 25 24 22 21 18 15 14 11 9 7 5 3 2 1 0 0 0 0 0 0 0 0 0 0 0 0 0 1 1 0 0 0 0 0 0
0 0 0 0 0 0 0 0 0 0 0 0 0 0 0 0 0 0 0 2 2 2 2 2 4 5 3 1 0 0 0 0 0 0 0 0 0 0 0 0 0 0 4 7 10 12 14 16 19 21 22 24 26 26 28 28 29 28 28 28 27 26 24 23 21 18 16 14 11 10 8 6 4 3 2 2 1 1 0 0 0 0 0 1 0 0 1 2 2 2 2 1 0 0 0 0
0 0 0 0 0 0 0 0 0 0 0 0 0 0 0 0 0 1 2 3 3 3 3 4 7 8 5 1 0 0 0 0 0 0 0 0 0 0 0 0 0 1 5 8 10 12 14 17 20 22 23 24 26 26 28 28 28 28 28 28 27 26 25 23 22 18 16 14 13 11 10 8 5 3 2 2 2 1 1 0 0 0 1 2 2 2 2 3 3 3 2 1 0 0 0 0
0 0 0 0 0 0 0 0 0 0 0 0 0 0 0 0 0 2 3 4 4 4 6 10 12 13 7 1 0 0 0 0 0 0 0 0 0 0 0 0 1 3 5 8 10 12 15 17 20 23 23 24 25 26 27 27 27 27 27 27 27 27 25 23 22 18 16 15 14 12 11 9 7 5 4 2 2 1 1 1 0 0 2 2 3 4 4 4 4 3 2 1 0 0 0 0
0 0 0 0 0 0 0 0 0 0 0 0 0 0 0 0 2 2 4 6 6 8 11 15 16 15 9 1 0 0 0 0 0 0 0 0 0 0 0 1 2 3 5 7 10 12 15 17 19 21 22 23 24 25 26 26 26 26 26 27 26 26 25 23 22 18 16 16 14 13 12 10 9 8 7 5 3 2 2 2 2 2 2 4 5 6 7 7 7 5 3 1 0 0 0 0
0 0 0 0 0 0 0 0 0 0 0 0 0 0 0 2 3 4 6 7 9 11 14 17 17 15 9 1 0 0 0 0 0 0 0 0 0 0 1 2 3 3 4 6 8 11 14 16 17 19 20 21 22 23 24 24 25 26 26 27 26 26 25 23 22 19 16 16 14 14 12 12 12 12 11 9 7 5 4 4 4 3 3 5 7 9 10 10 9 7 4 1 0 0 0 0
0 0 0 0 0 0 0 0 0 0 0 0 0 0 1 4 5 6 7 8 9 13 15 17 17 15 9 2 0 0 0 0 0 0 0 0 0 2 3 3 3 3 3 4 7 9 12 14 15 17 18 19 20 21 22 24 24 26 26 26 26 26 25 22 22 19 17 16 15 14 14 14 15 15 14 13 12 10 8 7 7 6 5 7 8 10 11 11 10 8 4 1 0 0 0 0
0 0 0 0 0 0 0 0 0 0 0 0 0 0 3 5 7 8 8 8 11 14 15 16 16 15 9 3 0 0 0 0 0 0 0 0 2 5 6 5 4 3 3 4 5 8 11 12 13 14 15 16 18 20 22 23 24 26 26 26 26 26 25 23 22 20 18 17 15 15 16 17 18 17 16 16 15 13 12 12 11 10 9 9 10 11 12 11 11 9 4 1 0 0 0 0
0 0 0 0 0 0 0 0 0 0 0 0 0 2 4 6 8 8 9 9 12 14 15 16 17 15 10 3 0 0 0 0 0 0 0 2 5 8 8 8 6 5 3 4 4 6 9 11 12 14 14 16 18 19 21 23 24 26 26 26 25 25 25 23 22 21 19 17 16 17 18 20 19 19 18 17 16 15 15 14 14 13 12 11 11 12 12 12 11 9 4 1 0 0 0 0
0 0 0 0 0 0 0 0 0 0 0 0 0 3 5 8 9 9 9 11 13 15 16 17 17 16 10 4 0 0 0 0 0 0 2 5 8 9 10 10 9 7 5 4 4 4 6 9 12 14 14 16 17 19 21 23 24 26 26 27 25 25 25 23 23 21 19 18 18 19 21 21 21 20 19 18 16 16 16 15 15 14 14 13 13 13 13 12 11 9 4 0 0 0 0 0
0 0 0 0 0 0 0 0 0 0 0 0 2 4 7 9 10 11 10 12 14 16 17 18 18 16 10 4 2 0 0 0 0 1 5 9 10 11 12 12 12 10 7 4 4 4 5 7 10 13 14 15 17 19 21 23 24 25 26 27 25 25 25 24 23 22 20 19 20 22 23 23 23 21 20 19 18 18 17 17 16 16 15 14 14 13 13 12 11 9 4 0 0 0 0 0
0 0 0 0 0 0 0 0 0 0 0 2 4 6 9 10 11 11 11 12 14 16 17 18 18 17 10 4 3 1 0 1 2 4 8 12 13 14 15 15 15 13 10 6 5 5 5 6 9 13 13 15 17 19 22 23 24 25 26 27 26 26 25 24 24 22 21 21 22 24 24 24 24 23 22 21 20 19 18 18 17 17 16 15 15 14 14 12 11 9 4 0 0 0 0 0
0 0 0 0 0 0 0 0 0 1 2 4 6 9 11 12 13 13 13 13 14 16 17 18 18 17 12 6 3 2 2 2 4 7 10 13 15 17 18 18 18 16 13 8 5 5 5 6 10 13 14 15 17 19 22 24 24 26 26 27 26 26 25 25 25 24 22 23 25 26 26 26 26 25 24 23 22 21 20 19 19 18 17 16 16 15 14 13 11 9 4 0 0 0 0 0
0 0 0 0 0 0 0 0 1 2 3 6 9 12 14 15 15 15 14 14 14 16 16 18 18 17 14 8 3 3 3 3 6 9 12 15 18 20 21 20 20 19 16 11 6 5 5 6 11 14 15 16 17 19 22 24 25 26 26 27 26 26 26 27 27 26 24 25 27 27 27 27 27 27 26 25 23 22 21 20 19 19 18 17 17 15 15 14 11 7 2 0 0 0 0 0
0 0 0 0 0 0 0 1 2 4 5 8 12 14 16 17 17 16 15 15 15 16 16 17 18 18 15 9 4 3 3 4 7 10 14 17 20 22 23 22 22 21 18 14 8 5 5 7 12 15 16 17 18 20 23 25 26 27 28 28 27 27 27 29 29 27 26 28 29 28 28 28 29 28 27 26 24 23 22 21 21 20 18 18 17 15 15 14 10 4 0 0 0 0 0 0
0 0 0 0 0 1 1 2 4 6 9 12 15 16 17 18 18 17 16 16 16 17 17 17 18 18 15 10 4 3 4 5 8 12 16 20 22 23 24 24 23 22 21 17 11 5 5 7 12 16 16 18 19 20 24 25 26 28 28 29 28 28 28 29 29 28 28 29 29 29 29 29 29 29 28 27 25 23 23 22 21 21 19 18 17 16 16 14 8 1 0 0 0 0 0 0
0 0 0 0 1 2 2 4 6 8 12 15 16 18 19 20 19 18 16 16 17 17 17 17 17 17 15 10 5 4 5 6 9 14 19 22 24 25 25 25 24 24 22 19 13 6 5 7 11 14 15 17 18 20 24 26 27 28 28 29 28 28 28 29 28 29 30 30 31 31 31 30 30 30 28 28 25 24 24 22 21 21 19 18 17 15 15 11 3 0 0 0 0 0 0 0
0 0 0 1 2 3 3 6 9 11 14 17 18 20 21 21 20 19 17 17 18 18 18 17 16 16 14 10 6 5 6 7 11 17 21 24 25 26 26 26 25 25 24 21 15 8 5 6 9 12 13 15 16 19 23 26 27 29 29 29 28 28 28 29 29 30 31 31 32 32 32 30 30 30 28 27 25 24 24 22 21 20 18 17 16 15 11 4 0 0 0 0 0 0 0 0
0 0 0 1 3 3 5 8 11 13 16 18 20 21 22 23 21 20 19 19 20 20 19 17 15 14 13 9 6 6 7 9 14 19 23 25 26 27 28 28 27 26 25 23 18 11 7 6 8 10 11 14 16 19 23 26 28 29 29 29 28 28 28 29 30 31 32 33 33 32 32 30 29 28 27 26 25 24 23 22 21 19 17 16 16 14 6 0 0 0 0 0 0 0 0 0
0 0 0 3 3 4 5 9 12 14 16 18 20 22 23 24 23 21 20 21 22 20 19 17 14 13 11 8 7 7 8 12 17 21 25 26 27 28 29 29 28 28 27 25 20 14 9 7 8 10 11 14 17 19 23 27 29 29 30 30 28 28 28 29 31 32 33 33 33 33 32 30 29 27 26 25 24 23 22 21 20 18 16 16 12 8 2 0 0 0 0 0 0 0 0 0
0 0 2 4 5 6 7 10 12 14 17 19 20 22 23 24 23 22 22 22 22 20 18 17 14 13 11 8 7 7 10 14 19 23 25 27 28 29 29 29 29 29 28 26 22 16 11 9 10 12 13 14 17 20 25 29 29 29 30 30 29 29 29 30 32 33 34 34 33 33 32 30 29 26 25 24 23 22 21 20 19 18 16 13 5 1 0 0 0 0 0 0 0 0 0 0
0 1 4 6 8 8 9 10 12 14 18 19 21 23 24 24 24 23 23 23 23 19 18 17 16 15 12 8 8 8 11 16 20 24 26 28 29 29 30 30 30 29 29 27 24 19 12 11 14 16 16 16 17 20 25 29 28 28 29 29 28 28 29 31 33 34 35 35 33 33 32 30 28 26 24 23 22 21 19 19 18 17 16 8 0 0 0 0 0 0 0 0 0 0 0 0
1 2 5 7 9 10 11 12 14 15 18 19 21 24 24 24 24 23 23 23 23 19 18 18 18 16 13 9 8 8 12 17 22 25 27 29 29 30 31 31 30 30 30 28 26 21 14 13 17 19 19 18 17 18 23 27 26 27 29 28 27 28 29 32 33 35 35 34 33 33 32 30 28 26 23 21 20 19 17 17 16 15 12 3 0 0 0 0 0 0 0 0 0 0 0 0
2 3 6 8 10 11 13 14 15 16 18 19 21 24 24 24 23 23 23 23 22 19 19 20 20 18 15 9 8 9 13 17 23 25 27 29 29 30 31 31 31 30 30 28 27 22 16 14 18 20 21 20 19 18 20 23 24 25 26 26 27 28 29 33 33 34 34 34 33 33 32 29 28 26 22 21 19 17 16 16 14 12 6 0 0 0 0 0 0 0 0 0 0 0 0 0
4 6 8 10 11 13 14 16 17 18 19 20 22 24 24 24 23 23 22 22 20 19 20 22 22 20 16 10 8 10 13 19 23 25 27 29 30 30 31 31 31 31 30 28 27 23 17 15 18 22 22 21 20 18 19 20 20 22 24 25 27 29 30 33 33 33 33 33 33 32 31 29 28 25 22 20 18 16 16 14 11 7 2 0 0 0 0 0 0 0 0 0 0 0 0 0
6 8 10 11 12 14 15 17 19 20 21 21 22 24 24 24 24 23 22 20 19 19 22 25 25 23 18 11 9 11 14 19 24 25 26 27 30 31 32 32 32 31 30 28 27 23 18 15 17 21 22 22 21 19 19 19 19 21 22 25 28 29 30 31 31 32 32 32 31 31 30 29 28 25 22 20 17 16 16 13 9 4 0 0 0 0 0 0 0 0 0 0 0 0 0 0
9 10 12 12 13 15 16 18 20 21 22 22 23 25 25 24 24 22 20 19 19 21 25 26 26 25 21 13 10 11 16 21 24 24 25 26 28 31 32 32 32 31 30 29 28 25 20 17 17 19 21 22 22 21 20 19 19 20 21 24 29 29 28 29 30 31 31 31 30 30 29 28 27 25 22 20 17 16 16 13 9 4 0 0 0 0 0 0 0 0 0 0 0 0 0 0
12 13 14 14 15 16 17 19 20 22 23 24 24 25 25 24 23 21 19 19 20 23 26 28 27 26 22 15 10 13 18 23 26 26 26 26 27 31 33 34 33 33 32 30 29 27 23 18 17 19 20 23 24 24 20 19 19 20 20 23 28 28 26 28 29 30 30 30 29 29 28 27 26 24 22 20 17 16 16 13 9 5 0 0 0 0 0 0 0 0 0 0 0 0 0 0
15 15 16 16 16 17 18 20 21 23 24 24 25 25 25 23 21 20 20 20 21 25 28 29 28 27 24 16 11 14 20 25 27 29 28 28 29 31 34 34 34 33 33 31 30 28 24 20 17 19 20 25 27 25 21 20 20 20 20 23 26 27 26 27 27 28 28 28 28 27 27 26 24 23 21 20 18 16 16 13 9 5 0 0 0 0 0 0 0 0 0 0 0 0 0 0
17 17 18 18 18 19 19 20 21 22 23 24 24 24 24 22 20 20 20 20 23 27 30 30 29 28 25 18 12 14 21 26 28 30 31 31 31 32 34 35 34 33 33 31 30 28 24 21 17 19 21 27 29 26 23 22 22 22 22 24 26 26 26 26 26 26 26 26 26 26 25 24 23 22 20 20 18 16 16 13 10 5 0 0 0 0 0 0 0 0 0 0 0 0 0 0
19 19 19 20 20 20 20 20 20 21 22 22 23 24 23 21 20 20 20 21 24 29 30 31 29 29 26 19 13 15 21 26 29 31 32 33 33 33 35 35 34 33 32 31 29 27 24 21 19 20 22 28 29 27 25 24 24 24 24 25 26 26 26 26 26 26 25 25 24 24 24 23 23 22 20 20 17 16 16 13 11 6 1 0 0 0 0 0 0 0 0 0 0 0 0 0
21 21 21 21 21 22 22 22 21 22 23 23 23 24 23 21 20 20 20 22 26 29 30 31 30 30 27 20 14 15 21 26 29 32 33 34 34 34 35 35 34 32 32 30 29 27 24 23 22 23 24 28 29 28 26 26 26 26 26 26 26 26 25 25 24 25 25 24 23 22 23 23 23 22 20 19 17 16 16 14 11 8 2 0 0 0 0 0 0 0 0 0 0 0 0 0
22 22 22 22 22 23 23 24 24 25 25 25 25 24 24 21 19 19 20 23 26 30 30 31 31 31 28 20 15 17 22 26 30 32 33 35 35 35 35 35 33 31 31 30 30 27 26 25 26 24 24 27 28 28 27 27 27 27 27 27 26 26 25 24 23 22 22 22 22 20 21 22 22 22 20 19 17 16 16 14 12 9 5 1 0 0 0 0 0 0 0 0 0 0 0 0
23 23 23 23 24 24 25 26 27 28 28 27 27 25 24 20 19 19 21 23 26 29 30 31 32 31 28 20 16 18 23 28 31 33 34 36 36 36 34 34 32 31 31 30 30 29 28 29 28 24 23 25 28 28 28 28 28 28 28 28 26 26 25 24 23 20 20 20 20 18 19 20 21 20 20 19 17 15 15 14 13 11 8 3 0 0 0 0 0 0 0 0 0 0 0 0
24 24 24 24 25 25 27 28 28 29 29 28 28 25 22 20 20 21 23 25 26 28 29 31 32 30 27 20 17 20 24 28 32 34 35 36 36 36 34 34 32 32 32 30 30 30 31 32 29 24 23 23 26 26 27 29 29 29 29 28 27 26 25 23 23 22 21 20 17 17 17 18 19 19 19 18 17 15 15 14 13 12 9 5 0 0 0 0 0 0 0 0 0 0 0 0
24 24 24 24 25 26 28 29 30 30 30 29 28 25 23 21 22 23 24 27 28 28 28 30 30 29 25 20 18 21 25 27 31 34 35 36 36 35 34 34 32 32 32 30 30 30 32 32 29 24 23 23 23 24 27 29 30 30 30 29 28 26 26 24 23 23 22 22 18 17 17 15 16 17 17 17 16 15 15 14 13 12 9 6 1 0 0 0 0 0 0 0 0 0 0 0
23 23 24 24 26 28 29 29 29 29 29 29 28 26 25 24 25 26 26 29 30 29 29 30 29 27 23 19 19 22 24 26 30 33 35 36 36 35 34 34 33 32 32 31 31 31 32 32 28 24 24 23 23 23 27 30 30 30 30 30 29 28 27 26 25 23 23 23 21 20 17 15 14 14 15 15 15 15 15 13 13 11 9 7 2 1 0 0 0 0 0 0 0 0 0 0
22 23 24 25 27 29 29 29 27 26 27 27 27 25 25 26 28 29 29 30 30 31 31 32 31 27 22 20 20 22 24 26 30 32 34 35 35 35 34 34 33 32 32 31 31 32 32 31 28 25 25 23 23 23 27 28 28 30 30 30 29 29 29 28 26 23 23 23 23 23 19 17 14 12 13 13 13 13 13 12 11 6 4 3 1 2 2 0 0 0 0 0 0 0 0 0
23 24 25 26 28 29 27 26 26 25 26 26 25 23 23 26 29 30 30 31 31 32 32 32 31 27 23 21 21 23 25 27 30 31 33 34 34 34 34 34 33 32 32 32 32 32 32 30 27 25 25 23 23 23 25 27 27 30 30 31 30 30 30 28 27 24 23 23 24 24 22 19 15 12 11 11 11 11 11 10 8 1 0 0 0 0 2 1 0 0 0 0 0 0 0 0
25 25 26 27 29 28 27 25 25 26 26 26 25 23 23 26 29 30 31 31 31 32 32 32 32 28 23 21 22 24 27 29 30 30 32 33 33 34 34 34 33 33 33 32 32 31 30 28 27 25 25 23 23 23 23 25 27 30 30 31 30 30 30 29 28 26 23 23 23 23 23 22 17 12 10 9 9 9 8 7 4 0 0 0 0 0 1 2 0 0 0 0 0 0 0 0
26 27 27 27 29 28 28 26 26 26 26 26 26 25 24 26 28 29 31 31 31 32 32 32 32 28 23 22 23 25 28 31 31 32 32 32 32 32 33 33 33 33 33 32 32 31 29 28 27 26 25 25 23 23 22 25 28 30 31 31 31 31 30 30 29 27 25 23 22 23 24 22 18 13 10 8 7 7 6 4 0 0 0 0 0 0 1 2 0 0 0 0 0 0 0 0
26 27 28 28 29 29 29 28 26 26 26 26 27 26 26 27 28 29 31 31 31 32 32 32 31 28 25 23 25 26 29 32 34 34 32 32 32 32 32 32 32 33 33 32 32 31 30 29 28 27 27 26 25 23 22 24 28 31 31 32 31 31 31 30 30 27 26 24 22 23 23 22 16 14 11 9 6 6 5 3 0 0 0 0 0 0 0 3 0 0 0 0 0 0 0 0
26 27 28 29 29 29 29 30 28 27 27 28 28 28 28 29 30 31 31 31 31 32 32 32 31 29 27 26 27 28 29 31 34 34 33 32 32 32 32 32 32 33 33 33 33 32 31 30 29 28 28 27 26 25 24 23 26 29 31 32 32 32 31 30 30 28 26 25 22 22 23 21 15 13 11 10 7 5 5 3 1 0 0 0 0 0 0 2 0 0 0 0 0 0 0 0
26 28 29 30 30 30 30 30 30 30 29 29 29 30 30 31 31 32 32 32 33 33 33 33 33 32 30 29 29 29 29 30 33 33 33 32 32 33 34 34 33 33 33 33 33 33 32 31 30 29 29 28 28 27 26 23 24 27 30 32 32 32 31 29 29 28 27 25 23 22 22 22 17 14 11 8 7 5 5 3 2 0 0 0 0 0 0 0 0 0 0 0 0 0 0 0
27 29 30 30 30 30 30 30 30 30 30 30 31 32 32 32 33 33 32 32 34 35 36 36 34 33 30 29 29 30 31 31 33 34 35 34 34 35 36 35 34 34 34 34 34 33 32 32 31 30 30 29 29 28 27 25 24 25 27 30 32 32 31 29 29 28 27 26 23 22 21 21 19 16 12 9 7 6 5 4 2 0 0 0 0 0 0 0 0 0 0 0 0 0 0 0
28 29 30 30 30 29 29 30 29 29 30 31 32 33 33 33 34 34 33 34 35 36 36 37 34 32 29 29 29 31 32 32 33 35 36 36 36 36 37 36 35 34 34 34 34 33 32 32 31 31 31 30 29 29 27 26 25 25 25 28 30 31 31 30 29 29 26 25 24 22 21 20 19 17 15 12 9 7 6 5 3 2 0 0 0 0 0 0 0 0 0 0 0 0 0 0
29 30 31 31 30 29 28 28 27 27 30 31 32 33 33 34 34 34 34 35 35 37 37 36 34 30 29 29 29 32 33 33 34 35 37 38 38 38 38 38 36 35 35 34 34 34 33 32 32 31 31 30 30 29 28 27 26 25 25 26 28 28 30 29 29 29 25 25 24 23 21 19 19 18 16 15 12 9 7 6 4 3 0 0 0 0 0 0 0 0 0 0 0 0 0 0
29 30 31 31 30 28 27 27 26 26 29 31 32 34 34 34 34 34 35 35 36 38 38 36 33 30 29 29 29 32 33 33 35 36 39 40 39 39 39 39 36 35 35 34 34 34 33 33 33 32 32 31 30 30 28 27 26 25 25 25 26 26 27 27 27 27 25 25 23 23 21 19 19 19 16 15 12 10 8 7 6 5 2 0 0 0 0 0 0 0 0 0 0 0 0 0
29 30 30 30 29 28 26 26 26 26 29 31 32 33 35 35 35 35 35 35 37 38 38 36 32 30 29 29 29 31 32 33 35 37 40 41 41 41 40 39 37 35 35 35 35 35 34 34 33 32 32 31 30 30 28 28 27 27 27 26 26 26 26 25 25 25 25 25 24 24 22 20 19 17 16 15 12 10 10 9 8 7 4 1 0 0 0 0 0 0 0 0 0 0 0 0
29 29 29 29 28 26 26 26 26 28 30 31 31 32 35 36 35 35 35 37 38 38 38 35 31 29 29 29 29 30 32 33 36 38 41 42 42 42 40 40 37 35 35 36 36 35 34 34 34 33 32 32 31 30 29 28 28 28 28 28 27 26 26 25 25 25 25 25 25 26 23 20 19 17 16 15 12 11 11 10 10 9 6 2 0 0 0 0 0 0 0 0 0 0 0 0
27 27 27 27 26 26 26 26 28 30 31 31 31 32 35 36 36 35 35 38 39 38 37 34 31 29 29 29 29 30 32 34 37 39 41 43 43 43 42 40 38 35 35 37 38 37 36 35 35 34 34 33 32 31 31 30 30 30 29 29 29 28 26 26 26 25 25 26 27 27 24 20 19 17 16 14 13 12 11 11 11 10 8 4 2 0 0 0 0 0 0 0 0 0 0 0
27 27 26 26 26 26 26 26 29 32 33 33 33 34 36 37 37 35 35 38 39 38 36 34 30 29 28 28 28 30 33 36 38 40 42 44 44 44 43 42 39 36 35 38 38 38 37 36 36 35 35 34 33 32 31 31 31 30 30 30 29 29 27 27 27 26 26 27 27 26 24 20 19 17 15 14 13 12 12 12 11 11 10 7 4 1 0 0 0 0 0 0 0 0 0 0
26 26 26 25 26 26 26 28 31 34 36 36 36 37 38 38 38 37 37 38 38 37 36 34 31 29 28 28 28 30 34 36 39 41 43 45 45 45 44 43 40 37 37 38 39 39 38 37 37 36 36 35 35 34 33 32 32 31 31 31 29 29 28 27 27 27 28 28 27 26 24 21 19 17 14 14 13 13 13 12 12 12 10 8 6 2 1 1 0 0 0 0 0 0 0 0
26 26 25 25 26 26 27 30 33 35 37 38 38 38 38 39 38 38 38 38 38 36 36 34 31 30 28 28 28 31 35 37 39 41 44 46 46 46 45 44 41 38 38 39 40 40 39 38 38 37 37 36 35 35 34 33 33 32 32 31 29 29 28 28 28 29 29 29 28 27 25 22 19 17 14 14 14 14 14 13 13 13 11 9 8 3 2 1 0 0 0 0 0 0 0 0
25 25 25 25 25 26 29 32 34 36 38 39 39 39 39 39 39 39 39 38 38 37 36 35 31 29 28 28 28 31 35 37 40 42 44 46 47 47 46 45 42 40 40 41 42 41 40 40 39 37 37 36 36 35 34 34 33 32 32 30 29 29 29 29 30 31 31 31 30 28 26 24 21 18 15 15 15 16 16 15 14 13 11 10 10 5 2 1 0 0 0 0 0 0 0 0
25 25 25 25 25 26 30 33 36 37 39 39 40 40 40 40 40 40 39 39 39 37 37 35 31 29 28 28 28 31 35 37 40 42 44 47 47 48 47 46 43 41 42 42 42 42 41 41 40 38 38 37 36 36 35 34 34 33 32 30 29 29 29 30 32 33 34 34 32 30 28 25 22 19 16 16 16 19 19 18 16 14 12 11 11 7 3 1 0 0 0 0 0 0 0 0
25 25 25 25 26 28 31 34 37 39 40 40 40 41 41 41 41 41 40 39 39 38 37 34 30 29 28 28 28 31 35 38 40 42 45 47 48 48 47 46 44 42 43 43 43 43 42 41 40 38 38 37 36 36 35 35 34 33 32 31 30 30 31 33 35 36 36 36 35 33 30 27 24 21 18 16 17 20 21 20 17 15 14 13 12 10 3 0 0 0 0 0 0 0 0 0
24 24 25 27 28 30 32 36 38 39 41 42 42 41 41 41 42 41 40 40 40 38 37 33 29 28 28 28 28 31 36 38 41 43 46 48 48 48 47 47 44 44 45 45 45 44 43 42 41 39 39 38 37 37 36 36 35 33 31 31 31 32 35 38 40 41 41 41 39 37 34 30 27 24 21 18 19 21 22 21 19 16 15 14 13 12 6 0 0 0 0 0 0 0 0 0
24 24 26 27 29 31 33 37 38 40 42 42 43 43 42 42 43 42 41 40 40 37 36 32 28 28 28 28 28 32 36 39 42 44 46 49 49 49 47 47 45 45 46 46 46 45 43 43 42 40 40 38 37 37 37 36 35 32 31 31 32 35 38 41 43 44 44 44 42 40 37 32 29 26 23 20 20 21 23 22 20 17 15 15 14 12 8 0 0 0 0 0 0 0 0 0
24 25 26 28 30 32 33 37 38 40 42 43 44 44 43 43 44 43 41 40 40 37 35 30 28 28 28 28 28 31 36 40 43 44 47 49 49 49 48 47 45 45 47 47 47 45 44 43 42 40 40 39 38 37 36 35 33 31 31 32 34 37 41 45 47 48 49 48 46 44 41 36 32 28 25 23 22 21 23 23 21 18 15 15 15 13 10 1 0 0 0 0 0 0 0 0
25 25 26 29 32 34 35 37 38 40 42 43 44 44 44 44 44 44 41 40 40 37 34 30 29 29 28 28 28 31 36 40 44 46 47 49 49 49 48 47 46 47 48 48 47 46 45 44 42 41 41 39 38 38 35 33 32 32 33 33 36 40 45 49 52 54 55 54 52 50 46 42 37 33 28 26 24 23 24 24 22 18 16 15 14 11 8 1 0 0 0 0 0 0 0 0
26 26 27 31 34 36 37 38 39 40 42 43 44 45 45 45 45 43 41 39 39 36 34 32 31 29 28 28 29 31 36 41 45 48 49 49 49 49 48 47 47 48 49 49 48 47 46 45 43 42 41 40 38 38 35 32 32 34 34 34 37 42 48 53 57 60 61 59 57 55 51 47 43 38 34 30 27 25 25 24 22 20 16 15 12 5 2 0 0 0 0 0 0 0 0 0
28 27 29 32 35 37 38 39 39 40 42 43 44 46 46 46 45 43 40 38 37 35 34 34 33 30 29 29 31 33 36 41 46 49 50 50 50 50 48 47 47 49 50 50 49 48 46 46 44 43 42 40 38 38 35 34 34 35 34 34 38 43 49 55 60 62 62 61 59 57 53 50 47 43 39 35 32 28 27 25 24 21 17 15 10 2 0 0 0 0 0 0 0 0 0 0
29 29 30 34 37 38 38 40 40 41 42 43 44 46 46 46 46 44 42 39 37 35 35 35 33 29 29 31 33 34 37 41 46 50 52 52 52 50 48 48 48 50 51 51 50 49 47 46 45 44 43 41 39 38 36 36 36 35 34 34 37 43 48 54 59 61 61 59 58 56 54 51 49 45 41 37 34 31 28 27 24 22 17 15 9 1 0 0 0 0 0 0 0 0 0 0
31 30 31 34 37 39 39 40 40 41 43 43 44 46 46 47 47 46 43 39 36 34 35 35 32 29 29 32 35 36 38 41 46 50 52 54 53 51 49 48 49 51 51 51 50 49 47 46 45 44 44 41 40 39 37 36 36 35 35 34 36 41 45 50 54 56 56 55 54 54 52 50 47 44 41 38 34 32 29 27 24 22 17 15 9 1 0 0 0 0 0 0 0 0 0 0
32 32 31 33 37 39 39 40 40 42 44 44 45 46 46 48 47 47 45 41 36 33 33 35 31 29 30 34 37 40 41 42 45 48 52 54 54 51 49 49 51 51 51 51 51 50 47 45 44 44 44 41 40 40 37 36 36 35 35 35 36 38 40 45 48 50 49 50 51 50 49 48 45 43 40 37 34 31 29 27 23 20 17 15 10 1 0 0 0 0 0 0 0 0 0 0
32 33 32 33 36 38 39 40 41 43 45 45 45 46 46 48 48 48 46 41 36 33 33 33 30 28 30 35 40 43 44 43 45 47 51 53 53 51 50 50 52 52 52 51 51 50 47 45 44 44 44 41 40 40 38 36 36 35 35 36 37 36 36 39 42 44 44 44 45 45 45 44 43 41 38 35 32 29 27 25 22 19 17 15 11 1 0 0 0 0 0 0 0 0 0 0
