geo_cache/7-3/elevation.txt
ncols         938
nrows         918
xllcorner     -70.68888888888888
yllcorner     42.504
cellsize      1.0E-5
NODATA_value  -9999
[rows 300 to 374 of 918, columns 96 to 191 of 938]
33 33 34 34 36 38 38 40 41 44 45 45 46 47 47 47 48 48 46 42 38 35 33 31 29 28 31 36 42 46 47 45 45 47 50 52 51 49 50 51 52 53 53 51 51 49 47 46 45 44 43 41 41 41 39 37 36 35 36 38 37 35 35 35 37 38 39 39 39 40 40 40 40 38 35 32 29 26 25 22 20 18 16 15 10 1 0 0 0 0 0 0 0 0 0 0
34 34 35 35 37 38 38 40 41 44 45 45 46 47 47 47 48 48 46 44 41 38 33 31 28 28 31 37 44 48 49 47 45 46 49 50 49 49 50 51 53 53 53 51 51 49 47 47 45 43 43 42 42 42 39 37 36 36 37 38 36 35 35 35 35 35 36 36 36 36 36 36 36 34 32 29 26 24 23 20 18 15 12 11 7 1 0 0 0 0 0 0 0 0 0 0
35 35 35 36 38 39 39 40 41 44 45 45 46 47 47 48 48 48 46 45 43 39 34 30 29 29 31 38 45 49 51 48 46 46 48 48 48 49 51 51 53 53 53 51 50 49 47 47 45 45 44 44 43 41 39 39 38 38 38 37 35 35 35 34 34 34 33 33 33 33 33 33 33 31 30 28 25 22 20 18 16 8 3 3 2 0 0 0 0 0 0 0 0 0 0 0
34 34 33 35 39 40 40 40 40 43 45 45 46 48 48 49 48 48 46 45 44 39 34 30 29 29 32 39 45 50 51 49 47 47 47 48 48 49 51 52 54 53 52 50 50 48 47 47 46 46 46 46 44 41 40 39 38 37 36 35 35 35 35 34 34 33 32 32 32 32 32 31 31 30 29 27 24 21 19 17 11 3 0 0 0 0 0 0 0 0 0 0 0 0 0 0
32 33 31 32 39 41 41 42 42 43 45 45 46 48 48 49 48 47 46 46 43 38 34 31 29 29 32 39 45 51 53 50 47 47 47 48 48 50 51 52 54 53 52 50 50 48 46 46 46 45 45 45 44 43 41 38 37 36 35 35 35 35 35 34 34 32 32 32 32 32 31 31 31 30 28 26 24 20 17 15 11 3 0 0 0 0 0 0 0 0 0 0 0 0 0 0
33 33 31 31 35 40 41 43 43 44 45 46 46 48 49 48 48 47 47 46 43 38 35 33 30 29 32 39 46 52 53 51 47 47 47 48 49 51 53 54 54 53 52 50 50 48 46 45 45 45 45 44 44 44 41 39 37 35 35 34 34 34 34 33 33 32 32 32 32 32 31 30 30 29 27 26 23 19 17 14 11 5 0 0 0 0 0 0 0 0 0 0 0 0 0 0
31 30 30 30 36 40 41 42 43 44 46 46 47 48 49 48 47 47 47 44 42 39 36 34 30 29 32 39 46 53 53 51 47 47 47 48 50 53 54 54 54 53 52 50 49 48 46 44 44 44 44 43 43 43 42 40 38 36 35 34 33 33 33 32 32 32 32 32 32 32 31 30 30 29 27 25 23 19 17 14 10 5 2 1 0 0 0 0 0 0 0 0 0 0 0 0
29 29 29 29 34 39 40 41 42 44 46 46 47 48 49 48 47 47 44 41 41 39 37 35 31 29 32 39 46 52 52 49 46 46 47 49 51 54 56 55 54 53 51 49 49 48 45 44 44 43 43 43 43 43 42 40 39 36 35 34 32 32 32 32 32 32 32 32 32 31 29 28 28 28 26 25 22 18 16 13 8 5 2 2 0 0 0 0 0 0 0 0 0 0 0 0
29 29 29 29 33 39 40 41 43 44 46 46 47 48 49 47 47 47 43 40 39 38 37 36 31 29 31 39 45 49 49 46 46 47 48 50 52 54 57 56 54 53 51 49 49 47 45 44 44 43 43 43 43 43 42 40 39 36 35 35 33 32 32 31 31 31 33 33 30 26 23 23 25 26 26 24 21 18 16 12 7 5 3 3 1 0 0 0 0 0 0 0 0 0 0 0
30 29 29 31 34 38 39 42 44 45 46 46 46 47 47 47 47 47 43 39 38 37 37 36 33 29 30 37 44 46 45 45 46 48 50 52 54 55 57 57 55 53 51 49 49 47 46 45 44 44 44 44 44 44 42 40 38 35 35 35 34 33 32 31 31 30 31 31 27 17 14 16 19 22 23 21 20 17 16 11 7 5 3 3 2 0 0 0 0 0 0 0 0 0 0 0
32 30 30 31 34 35 39 42 44 45 46 46 46 46 46 47 47 47 43 39 38 37 37 37 34 30 30 36 41 43 44 45 48 50 53 55 56 56 57 57 55 53 51 51 50 49 47 46 45 45 45 45 44 42 40 38 37 36 37 38 36 33 32 30 30 30 30 29 24 13 10 12 14 16 17 18 18 17 16 12 6 2 3 2 2 1 1 1 0 0 0 0 0 0 0 0
35 33 32 32 33 34 37 41 44 45 47 46 46 45 45 46 47 45 42 39 38 38 39 38 36 31 30 34 38 42 44 46 49 51 55 57 57 58 57 57 55 54 53 53 52 50 48 47 45 45 45 44 44 41 39 37 37 37 38 38 37 34 32 31 30 29 28 28 23 13 9 11 12 12 13 14 16 17 16 12 5 0 0 0 0 1 1 2 2 0 0 0 0 0 0 0
38 36 35 34 34 34 35 38 42 45 46 46 46 44 44 45 44 42 40 38 38 39 40 40 37 33 30 33 37 42 46 49 50 52 56 58 58 58 57 57 55 54 54 53 52 51 48 48 46 45 45 44 42 41 38 38 38 38 38 37 37 34 32 32 31 31 28 26 22 14 9 10 11 11 10 12 15 16 15 10 3 0 0 0 0 0 0 1 2 2 0 0 0 0 0 0
39 39 39 38 37 36 35 36 39 42 44 45 45 44 43 42 42 40 39 39 40 40 42 41 37 34 31 33 39 45 48 50 51 54 58 60 59 59 57 57 56 55 55 53 52 50 48 47 46 46 46 44 41 41 39 39 38 37 37 36 34 32 32 33 33 32 29 25 22 17 9 9 10 10 9 10 13 14 14 10 5 0 0 0 0 0 0 0 1 1 0 0 0 0 0 0
40 41 41 42 41 40 38 36 37 39 41 44 45 44 43 41 41 40 40 40 42 42 42 40 37 35 33 35 40 46 49 50 52 55 59 60 60 59 58 58 56 55 55 53 52 50 48 47 45 45 45 43 42 41 40 39 39 38 39 38 35 33 33 34 34 32 29 26 24 18 10 9 9 9 9 9 12 12 11 9 5 0 0 0 0 0 0 0 0 0 0 0 0 0 0 0
42 43 43 44 43 43 41 39 37 38 39 41 45 44 43 41 41 41 43 43 43 42 41 38 35 35 34 36 41 48 50 51 53 55 59 60 60 59 58 58 56 55 55 53 52 50 48 47 45 44 44 43 43 42 41 40 40 39 41 40 38 36 35 34 33 32 28 25 22 18 12 9 9 9 10 12 12 11 11 8 4 0 0 0 0 0 0 0 0 0 0 0 0 0 0 0
43 44 44 45 44 44 43 41 39 38 39 40 43 44 44 42 41 42 44 44 44 42 40 37 35 35 35 36 42 49 51 51 52 55 59 59 59 59 57 57 56 55 54 52 51 50 47 47 45 44 44 44 43 43 42 41 41 40 41 41 39 38 36 32 30 29 26 23 20 18 13 9 9 13 15 16 15 14 11 7 1 0 0 0 0 0 0 0 0 0 0 0 0 0 0 0
45 45 45 46 46 46 44 42 40 41 42 42 43 44 44 42 42 42 43 43 44 42 40 37 35 35 35 36 42 49 50 50 52 55 59 58 58 58 57 57 56 55 53 52 50 50 47 47 46 45 45 45 44 43 43 42 42 41 41 41 39 39 37 31 29 27 24 20 19 18 12 10 13 19 20 20 17 14 11 7 2 0 0 0 0 0 0 0 0 0 0 0 0 0 0 0
46 46 46 46 47 47 45 43 43 43 44 44 44 43 43 42 41 40 42 42 43 42 41 39 36 35 35 36 42 48 49 49 52 55 57 56 57 58 57 57 55 54 53 51 50 50 47 47 46 46 46 45 44 44 43 42 42 41 41 41 40 40 38 34 30 23 21 20 19 19 16 15 19 24 25 23 18 13 10 7 4 1 0 0 0 0 0 0 0 0 0 0 0 0 0 0
47 47 47 47 48 47 46 44 44 44 45 45 44 42 41 40 39 39 39 40 41 43 44 42 39 37 35 36 41 46 47 48 51 53 54 55 56 57 57 57 55 53 52 50 50 50 47 47 47 45 45 44 45 45 44 42 42 41 41 40 39 39 37 35 31 21 20 20 20 20 19 21 26 29 29 27 21 13 10 7 4 2 0 0 0 0 0 0 0 0 0 0 0 0 0 0
48 47 47 47 48 47 46 45 45 45 44 44 43 41 39 38 38 38 37 38 41 46 49 48 43 39 36 36 40 45 44 45 48 50 52 55 55 57 57 57 55 53 52 50 50 50 48 48 47 46 45 43 42 43 43 41 40 40 40 40 38 36 27 27 29 20 20 20 20 20 20 24 30 33 31 29 24 16 12 7 4 3 2 0 0 0 0 0 0 0 0 0 0 0 0 0
47 47 47 48 49 48 47 42 42 44 44 44 43 40 38 38 38 38 37 38 41 47 52 52 48 42 38 36 39 44 43 43 45 49 51 54 55 57 57 57 55 53 52 50 50 50 49 49 48 46 46 43 41 41 40 39 38 39 39 39 38 33 23 27 24 20 20 20 20 20 21 30 34 34 33 31 28 20 13 8 4 4 2 1 1 0 0 0 0 0 0 0 0 0 0 0
46 46 47 48 49 48 46 41 41 43 44 44 42 39 38 38 38 38 38 39 42 48 53 55 52 46 41 37 38 44 43 43 44 48 51 54 56 56 57 57 55 53 52 50 50 50 49 49 48 47 46 44 41 39 38 38 38 39 39 38 37 33 22 23 20 20 20 20 20 20 24 35 37 35 33 32 28 21 14 10 6 3 2 4 3 0 0 0 0 0 0 0 0 0 0 0
45 46 48 49 50 49 45 41 41 43 42 40 39 38 38 39 41 41 41 41 42 48 53 56 56 50 44 38 38 43 43 43 44 47 50 55 56 56 57 57 54 52 52 50 50 50 50 50 49 47 47 45 42 39 38 38 38 38 38 37 36 32 22 20 20 20 20 20 23 27 32 36 38 36 33 32 28 21 15 10 6 3 2 4 6 0 0 0 0 0 0 0 0 0 0 0
45 47 49 50 50 48 43 40 40 41 39 38 37 38 39 42 44 44 44 44 43 48 52 56 56 53 47 40 38 41 43 43 44 47 51 52 53 53 56 56 54 53 52 51 50 50 50 50 50 48 48 45 44 39 38 37 37 37 37 36 36 32 22 20 20 20 20 20 27 33 36 37 37 36 33 31 28 21 14 10 6 3 3 3 4 0 0 0 0 0 0 0 0 0 0 0
43 47 49 49 47 44 40 38 38 38 37 37 37 40 43 46 48 49 49 47 46 47 51 55 56 54 49 42 38 38 41 43 45 49 51 49 48 50 55 55 55 55 53 51 50 50 50 51 51 48 48 46 44 40 38 37 37 37 37 36 35 33 27 21 20 20 20 23 31 37 38 37 37 35 33 29 26 20 13 9 5 2 3 2 0 0 0 0 0 0 0 0 0 0 0 0
40 44 46 46 44 40 37 35 35 35 35 36 40 43 47 50 52 53 53 51 48 47 50 54 56 54 50 43 38 37 38 40 45 50 51 47 47 49 54 55 55 55 53 51 50 50 51 51 51 48 48 46 44 41 38 37 37 36 36 36 34 33 31 26 21 20 25 31 36 39 39 38 37 35 32 28 23 17 11 8 4 0 0 0 0 0 0 0 0 0 0 0 0 0 0 0
37 40 42 42 39 36 35 35 35 35 36 39 43 47 50 53 54 54 54 53 51 48 49 51 54 54 50 43 38 37 37 38 43 50 51 47 47 50 53 53 53 52 51 50 50 50 51 51 50 49 49 46 44 41 38 37 37 36 36 35 34 34 32 30 27 26 29 34 38 39 40 38 37 35 29 24 18 13 8 6 3 0 0 0 0 0 0 0 0 0 0 0 0 0 0 0
35 36 38 37 35 35 35 35 35 37 39 43 46 48 51 54 55 55 54 54 52 50 49 50 52 53 49 43 38 37 37 37 43 49 51 48 48 52 53 52 50 50 50 50 50 50 51 51 50 48 48 46 44 40 38 38 38 37 36 35 34 34 34 33 32 31 32 34 35 37 39 38 37 35 28 20 14 9 7 5 3 0 0 0 0 0 0 0 0 0 0 0 0 0 0 0
35 35 35 35 35 35 35 35 37 40 43 46 48 50 52 54 55 55 55 54 53 51 50 48 50 51 49 43 38 37 37 37 44 49 50 50 49 52 51 50 50 50 50 50 50 51 51 50 49 48 48 46 43 39 38 39 39 37 36 35 34 35 35 35 35 35 33 32 31 33 36 37 36 34 27 18 10 7 5 3 2 0 0 0 0 0 0 0 0 0 0 0 0 0 0 0
34 34 34 34 35 35 35 37 40 44 47 48 49 51 52 54 55 55 55 54 54 51 50 48 47 48 47 43 38 37 37 37 42 46 48 49 49 51 50 50 49 49 49 50 50 51 51 50 48 47 46 45 40 39 40 41 40 38 36 35 35 36 37 38 38 39 37 34 30 29 31 32 33 31 25 15 8 6 5 2 0 0 0 0 0 0 0 0 0 0 0 0 0 0 0 0
34 34 34 34 35 35 37 40 44 47 50 50 50 51 52 54 55 55 54 54 53 51 51 48 46 45 44 42 38 37 37 37 40 43 45 46 48 50 50 50 49 49 49 51 51 51 50 49 47 44 43 42 40 41 41 41 40 38 37 36 36 37 39 41 42 42 41 38 34 31 28 27 27 26 21 12 7 5 5 2 0 0 0 0 0 0 0 0 0 0 0 0 0 0 0 0
34 34 34 34 35 37 40 44 47 49 51 52 51 51 52 53 54 54 54 53 51 51 51 49 46 45 44 43 41 40 39 39 40 41 43 44 47 49 50 50 49 49 49 52 52 52 50 48 46 43 42 41 42 43 42 41 41 38 38 37 37 38 41 44 45 44 42 41 38 34 29 25 21 19 17 9 6 5 5 3 2 0 0 0 0 0 0 0 0 0 0 0 0 0 0 0
33 34 34 34 36 40 44 47 49 51 52 53 52 52 52 53 53 54 53 51 50 50 50 49 47 46 45 46 45 43 41 40 40 41 42 44 46 48 50 50 50 50 50 52 52 50 49 48 46 42 42 42 44 44 43 42 41 39 39 38 38 38 41 44 45 44 42 40 38 34 30 25 19 14 11 7 5 5 5 3 2 0 0 0 0 0 0 0 0 0 0 0 0 0 0 0
35 35 35 35 38 43 46 48 50 51 53 53 53 52 52 52 52 52 51 50 49 49 50 50 48 46 47 48 49 47 44 41 41 42 44 46 48 48 49 49 50 50 50 51 51 49 48 47 45 43 43 44 44 42 43 44 42 41 41 39 38 38 39 41 42 41 40 37 35 32 28 24 17 10 7 6 5 5 5 3 3 1 0 0 0 0 0 0 0 0 0 0 0 0 0 0
35 36 35 35 39 44 46 49 50 52 54 54 54 53 53 52 52 52 50 49 49 49 49 50 48 47 48 50 51 49 46 43 42 43 46 49 50 49 49 49 49 49 49 50 50 49 47 47 45 44 44 44 43 41 43 44 44 43 43 41 38 38 38 38 38 37 37 35 32 29 26 22 15 9 6 5 5 5 5 4 3 2 0 0 0 0 0 0 0 0 0 0 0 0 0 0
36 36 36 36 39 44 46 49 50 53 55 55 54 53 53 52 51 51 49 49 49 49 49 50 49 49 51 52 53 50 47 44 43 44 49 53 53 50 49 49 49 49 49 49 49 48 47 47 45 45 45 43 41 41 43 45 45 45 44 42 38 38 38 37 37 36 36 34 31 27 23 19 14 9 5 5 5 5 5 4 3 2 1 0 0 0 0 0 0 0 0 0 0 0 0 0
37 37 37 37 39 43 46 48 50 53 55 56 55 54 53 51 51 50 49 48 48 48 49 50 51 51 52 53 53 50 47 45 44 46 51 55 55 52 50 50 49 49 49 49 49 48 48 47 47 46 45 42 41 41 43 45 45 45 45 43 38 38 38 37 36 36 35 33 30 27 23 18 13 9 6 5 5 5 5 4 4 4 3 2 0 0 0 0 0 0 0 0 0 0 0 0
37 38 38 38 38 40 44 47 50 53 55 56 55 54 53 51 50 50 48 48 47 47 48 49 52 52 53 54 54 50 47 46 45 47 52 56 56 54 52 50 50 49 48 48 48 48 48 48 48 46 44 41 40 40 43 45 45 46 46 44 38 38 37 36 36 35 34 33 30 27 23 18 13 9 6 5 5 5 5 5 5 5 5 5 4 3 2 1 0 0 0 0 0 0 0 0
38 38 38 38 38 39 43 47 49 52 54 54 54 53 52 50 50 49 48 47 46 47 47 49 52 52 53 53 52 50 47 46 45 49 52 56 56 55 52 51 50 49 48 47 47 47 47 47 47 45 43 40 40 40 43 45 45 45 45 43 38 37 37 36 36 35 34 33 31 28 25 19 14 10 7 6 5 5 5 5 6 6 7 8 8 6 3 1 0 0 0 0 0 0 0 0
38 39 39 39 38 39 42 47 49 51 53 53 53 52 51 49 48 48 47 46 46 47 47 49 52 52 53 52 52 49 46 46 46 50 53 56 56 56 54 52 51 49 48 47 47 46 46 46 45 43 42 40 40 40 43 44 45 44 42 40 38 37 37 37 37 35 34 34 31 29 26 19 14 10 7 7 6 6 6 6 7 8 8 8 8 6 4 1 0 0 0 0 0 0 0 0
39 39 39 39 38 39 43 47 49 51 53 53 53 51 50 49 47 46 46 46 46 47 47 50 52 52 53 52 51 49 46 46 47 51 53 56 57 56 55 53 51 49 48 47 47 46 44 44 42 41 41 39 39 40 42 42 43 42 40 39 37 36 36 37 37 37 35 34 32 30 27 20 15 11 9 8 8 8 7 7 8 8 8 7 6 4 3 2 0 0 0 0 0 0 0 0
40 40 40 40 38 40 43 48 50 52 53 53 53 51 50 48 47 45 45 45 45 47 48 50 53 53 53 52 51 48 47 47 48 51 54 57 57 57 56 54 51 50 49 48 47 45 43 42 41 40 39 38 38 38 39 38 39 39 37 36 35 35 35 37 38 38 36 35 34 32 28 21 17 13 11 10 9 9 9 8 9 9 7 5 4 3 3 2 1 1 0 0 0 0 0 0
41 41 40 40 39 40 43 48 50 52 54 54 54 52 50 47 46 44 44 45 45 47 49 52 54 54 53 52 51 48 47 47 49 52 55 57 57 58 56 54 52 50 49 48 46 43 41 41 41 39 39 38 38 38 37 37 37 37 36 35 35 35 35 37 38 38 37 36 35 33 28 22 18 15 13 12 11 11 10 10 9 8 6 5 4 4 4 3 2 2 0 0 0 0 0 0
42 41 40 40 40 41 43 48 50 52 55 55 55 52 50 47 45 44 44 45 46 48 51 53 54 54 53 52 51 48 47 47 50 53 55 57 57 57 55 55 52 50 49 47 43 41 41 41 41 40 40 40 40 41 41 41 40 40 39 38 37 35 35 36 38 38 36 35 34 32 27 22 19 17 15 14 13 12 11 10 9 6 5 5 7 7 7 5 5 4 3 2 0 0 2 3
42 41 40 40 41 41 43 47 50 52 54 54 55 52 49 46 44 44 44 45 47 50 52 54 55 56 54 52 51 48 48 49 52 53 55 56 57 56 55 54 52 50 48 45 41 41 41 41 42 43 43 44 44 44 44 44 43 43 42 41 40 37 36 35 35 35 33 31 30 28 23 20 19 18 16 15 14 13 12 10 8 6 6 9 10 10 8 7 8 8 7 6 4 5 6 7
41 41 41 41 41 41 42 45 49 51 54 54 55 52 48 45 44 44 44 46 49 52 53 55 56 56 54 52 51 49 49 50 52 53 54 56 56 55 54 54 52 50 47 44 41 41 43 45 46 46 47 46 46 46 46 46 46 45 45 44 43 41 39 37 35 33 30 27 25 23 22 19 19 18 17 16 15 14 12 10 8 6 8 11 12 11 10 9 9 9 9 9 9 9 9 8
41 41 41 41 41 41 41 45 49 51 54 55 55 52 47 44 44 44 44 48 51 53 55 55 56 56 54 52 50 49 49 50 51 53 54 55 55 54 54 54 51 49 46 43 43 44 46 48 50 50 50 50 50 49 48 48 48 47 47 47 46 44 43 40 37 34 30 27 25 23 22 19 19 19 17 17 15 14 12 10 8 7 9 11 12 13 13 12 11 12 12 11 11 10 10 9
42 41 41 41 41 41 42 46 50 53 55 55 54 51 45 43 44 44 46 49 51 54 55 54 54 53 52 51 50 48 48 48 50 52 53 55 55 53 53 52 51 48 46 44 45 48 50 52 54 56 57 56 54 53 50 49 49 48 48 48 47 46 45 43 40 36 33 30 26 24 22 20 20 19 18 18 15 14 12 10 8 8 10 12 13 14 14 14 14 14 13 12 12 10 10 8
43 42 42 42 42 42 43 47 50 53 55 55 53 48 43 43 44 46 48 50 52 55 55 54 52 52 51 50 49 48 47 47 48 51 53 54 54 52 50 50 49 48 46 45 47 50 53 56 58 61 62 62 60 57 53 51 50 49 49 48 48 47 46 45 42 39 35 31 27 25 23 20 20 19 17 17 15 14 11 9 8 8 10 13 15 17 16 17 17 15 13 12 12 10 9 8
43 43 43 43 43 43 43 48 50 54 56 56 51 45 43 43 44 48 50 51 53 56 56 53 51 51 50 49 48 47 46 46 47 49 52 53 53 52 49 47 47 47 46 46 48 52 55 59 61 63 64 65 65 61 56 53 51 50 50 49 48 48 47 45 43 40 36 32 27 25 22 20 19 19 17 17 15 12 11 9 9 9 11 14 16 18 17 18 17 15 13 12 12 10 9 8
44 44 44 44 43 43 44 48 50 54 56 53 47 42 42 43 45 48 51 52 53 55 55 53 51 50 49 48 48 46 46 46 46 48 51 52 52 51 48 47 46 46 46 46 49 53 57 61 63 64 65 67 67 63 58 54 51 50 50 49 48 48 47 45 44 40 36 31 26 23 20 19 19 19 17 16 13 11 11 10 10 11 13 16 17 18 18 18 17 15 13 12 12 10 9 8
44 44 44 44 44 44 45 48 50 53 53 47 42 42 42 44 46 49 51 53 53 55 54 52 51 50 49 48 47 46 46 46 46 47 50 52 52 50 47 47 46 46 47 49 50 53 58 61 63 65 65 67 66 64 59 55 52 50 50 49 48 47 46 45 43 40 34 28 24 21 20 19 18 18 17 15 12 11 11 10 11 13 15 17 17 18 17 17 16 15 13 12 12 11 11 10
44 44 45 45 45 45 45 47 49 49 46 42 42 42 45 48 49 50 52 53 53 54 54 52 50 50 48 47 47 46 46 46 46 46 49 52 52 50 47 47 47 47 49 50 51 53 58 61 62 63 63 64 64 63 59 55 52 50 50 49 47 47 45 44 42 38 31 25 21 20 20 18 18 17 16 15 12 11 11 11 13 15 16 17 18 17 17 16 15 15 13 13 13 12 12 12
46 46 46 46 45 45 45 45 45 44 41 41 41 45 48 50 51 51 52 53 53 54 53 51 50 50 48 47 47 46 46 46 46 46 48 52 53 50 49 48 48 49 51 51 52 53 55 58 60 59 59 60 61 60 58 55 52 50 50 48 47 46 45 43 40 34 27 23 20 20 19 18 18 17 15 14 12 11 12 13 14 16 17 18 18 17 17 15 15 15 14 14 14 13 13 14
46 47 48 47 46 46 45 43 41 41 41 41 42 47 50 51 52 52 53 54 54 53 52 51 49 49 48 47 47 46 46 46 46 46 48 51 52 50 50 50 50 51 52 52 52 52 53 55 56 55 55 56 57 57 56 55 52 49 49 48 46 46 44 41 36 30 25 22 20 20 19 18 18 17 15 13 12 13 13 14 15 16 18 18 18 17 17 16 15 15 15 15 15 14 14 14
46 48 50 50 50 49 47 42 40 40 41 41 44 48 50 52 53 53 53 54 54 53 51 50 49 49 48 48 48 46 46 46 46 46 47 49 49 49 50 50 51 52 52 52 51 51 52 53 53 53 53 53 54 54 54 54 52 49 49 48 46 45 43 39 33 27 23 21 19 19 19 17 17 16 14 13 13 14 15 15 16 16 18 18 18 17 17 16 17 16 16 15 15 15 15 15
46 49 51 51 51 50 48 42 40 40 41 42 46 50 52 53 54 54 54 54 54 52 50 50 49 49 48 48 48 46 46 46 46 46 46 47 48 49 50 50 52 53 53 52 51 50 51 52 52 51 51 51 52 52 53 52 51 49 49 48 46 44 41 36 30 24 21 20 19 19 18 17 17 15 14 14 14 15 15 16 16 17 18 18 18 17 18 19 19 18 17 16 16 16 16 16
46 50 51 52 52 50 48 42 40 40 41 44 48 51 53 54 54 54 53 53 53 52 50 50 49 49 48 48 48 47 46 46 46 46 46 47 48 49 50 51 52 53 53 52 51 50 50 51 52 50 50 50 50 51 51 51 50 49 48 47 45 43 39 34 27 22 19 19 18 18 18 17 16 15 14 15 15 16 16 16 17 17 19 19 19 19 21 22 22 21 19 17 17 16 16 16
46 50 52 53 52 50 47 42 40 40 42 45 49 52 53 54 55 55 53 53 53 51 50 50 48 48 48 48 48 47 46 46 46 46 46 47 47 49 51 51 52 53 53 52 51 50 50 50 52 50 50 50 50 50 50 50 50 48 47 46 44 42 37 30 24 20 19 19 18 18 17 16 16 15 15 15 16 17 17 17 18 18 19 20 21 22 23 24 23 22 20 18 18 17 17 16
46 50 52 52 52 50 45 41 41 41 43 46 50 53 54 55 55 55 53 53 53 51 50 50 48 48 48 48 48 47 47 47 46 46 46 47 47 50 51 51 52 52 52 51 50 50 50 50 52 50 50 50 50 50 49 49 49 47 46 45 43 39 33 27 22 19 19 19 18 17 16 16 16 16 16 16 17 18 18 19 20 21 21 21 22 23 25 25 24 23 22 20 19 18 17 17
46 50 50 50 50 47 42 40 40 43 44 47 50 54 54 55 55 55 54 53 53 51 51 51 48 48 47 47 47 47 47 47 46 46 46 47 48 52 52 52 52 51 51 50 50 50 50 50 51 50 50 50 49 49 49 49 49 47 46 44 41 35 30 24 21 19 18 18 17 16 16 16 16 16 16 17 19 20 21 22 24 24 23 24 24 26 28 27 25 24 24 22 20 19 18 18
44 46 46 46 46 43 39 39 41 44 47 49 52 54 55 55 55 55 54 53 53 51 51 50 48 47 47 47 47 47 47 47 47 47 46 46 48 52 52 52 52 51 51 50 50 50 50 50 51 50 50 50 49 49 48 48 48 47 45 41 37 32 27 22 20 19 18 17 16 16 16 16 16 16 17 18 20 22 24 25 27 28 26 26 27 28 30 28 27 26 25 23 21 20 19 18
44 44 44 43 42 39 38 39 41 45 48 51 53 54 55 56 56 56 54 53 53 51 51 50 47 47 47 47 47 47 47 47 47 47 46 46 47 49 51 51 52 51 51 51 50 50 49 49 50 50 50 50 49 49 48 47 47 46 44 40 35 31 26 21 20 18 17 17 17 17 17 17 17 18 19 21 22 24 26 27 29 30 29 29 29 30 30 29 28 27 26 25 23 22 20 19
45 44 42 42 39 38 38 39 43 46 49 51 54 55 56 57 57 56 54 52 52 51 51 50 47 47 46 46 46 46 47 47 47 47 46 46 46 46 48 51 51 51 51 52 51 50 49 49 50 51 51 50 49 49 48 47 47 45 42 38 34 29 25 21 20 18 17 17 17 17 17 17 18 21 22 23 25 27 29 29 30 30 31 31 32 32 32 31 30 29 27 25 24 22 21 19
46 44 41 39 38 38 38 40 43 46 48 50 54 56 57 58 57 56 53 52 51 50 50 49 47 47 46 46 46 46 46 46 47 47 46 46 46 46 46 48 49 50 51 52 53 52 49 49 50 51 51 50 49 49 47 47 45 43 40 37 33 28 24 21 20 17 17 17 18 18 19 20 22 23 25 27 29 29 29 30 31 31 32 32 33 33 33 32 31 30 28 26 25 23 21 20
47 45 41 38 38 38 39 42 43 45 47 49 52 55 57 58 57 56 53 51 50 50 50 49 47 47 46 46 46 46 46 46 46 46 46 46 46 46 46 46 48 50 51 52 53 52 49 49 49 51 51 50 49 49 47 46 44 41 38 35 30 26 22 21 20 17 17 18 19 20 21 23 25 27 28 29 30 30 30 31 31 31 33 33 33 34 34 32 32 31 29 26 25 23 22 20
48 45 40 38 38 39 42 44 45 45 45 46 48 52 54 57 57 56 53 50 50 49 49 48 47 47 46 46 46 46 46 46 46 46 46 46 46 46 46 46 47 48 50 50 50 50 49 49 49 50 50 50 49 47 46 44 42 39 35 31 26 23 22 20 19 18 19 20 21 23 24 27 29 30 31 32 31 30 30 30 31 31 33 33 34 34 34 33 32 32 29 26 25 23 22 21
49 46 39 37 38 41 45 47 46 44 44 44 45 49 52 54 55 53 51 50 50 49 49 48 47 47 46 46 46 46 46 46 46 46 46 46 46 46 46 46 45 46 48 49 49 48 48 48 49 49 49 49 47 45 43 42 40 37 34 29 25 22 21 20 19 19 20 22 24 26 28 31 32 32 32 32 31 30 30 30 31 31 33 33 34 34 34 33 32 31 28 26 25 23 21 21
50 46 38 37 38 42 47 47 44 44 44 44 43 46 49 52 52 52 50 49 49 49 49 48 47 47 46 46 46 46 46 46 46 46 46 46 46 46 45 45 45 45 46 47 47 46 46 47 48 48 48 47 46 44 42 40 38 35 32 26 23 21 20 19 19 21 22 24 26 29 31 33 33 33 33 33 31 30 30 29 29 30 31 32 32 32 32 31 30 28 25 23 22 21 21 21
50 45 38 37 39 43 47 46 44 44 43 43 43 44 46 49 51 49 49 49 49 49 50 49 47 47 46 46 46 46 46 46 46 46 46 46 46 46 45 45 45 45 45 46 46 45 45 46 47 48 48 46 44 41 40 38 36 33 29 25 22 20 20 20 21 23 25 27 30 32 33 34 34 34 33 32 31 30 30 29 28 28 29 30 30 30 29 28 27 25 23 22 22 21 21 21
48 42 37 36 38 42 46 44 42 43 43 43 43 44 45 47 48 48 49 49 50 51 51 50 47 47 47 46 46 46 46 46 46 46 46 46 46 46 45 45 45 45 45 44 44 44 44 45 46 46 46 45 43 40 38 36 34 31 27 24 21 20 20 21 23 24 27 30 33 34 35 35 35 35 32 32 31 30 30 29 28 27 27 27 27 27 27 26 24 23 22 22 22 21 21 22
45 40 36 35 37 40 43 42 42 42 43 43 43 44 44 45 47 48 49 50 51 52 52 50 48 47 47 47 47 47 47 47 46 46 46 46 46 46 45 45 45 45 45 43 43 43 43 44 45 45 44 42 40 38 36 34 31 28 25 23 21 21 23 24 25 26 29 32 34 35 35 36 36 34 32 32 31 30 30 28 27 27 26 26 26 26 25 24 23 23 22 22 22 22 22 22
41 37 35 35 36 38 41 42 44 44 43 43 43 44 44 45 47 50 51 52 52 52 52 51 48 47 46 46 46 46 46 46 46 46 46 46 47 47 47 45 45 45 45 43 42 41 41 42 43 43 43 41 39 37 35 32 29 26 24 22 21 23 24 26 27 28 31 34 35 35 36 36 35 34 33 32 30 30 29 28 26 26 25 25 25 25 24 23 23 23 22 22 22 22 22 22
37 35 35 35 35 37 40 43 46 46 46 45 44 44 44 45 48 52 53 53 53 52 52 51 48 47 46 46 46 46 46 46 46 46 46 47 49 50 49 47 46 45 45 42 41 41 41 41 42 41 41 39 37 35 33 30 26 24 22 22 22 24 26 28 29 29 32 34 36 36 36 36 35 35 33 33 31 29 28 27 26 26 25 25 25 24 24 23 23 23 22 22 22 22 22 23
