geo_cache/3-3/elevation.txt
ncols         938
nrows         918
xllcorner     -72.06666666666666
yllcorner     42.504
cellsize      1.0E-5
NODATA_value  -9999
[rows 168 to 209 of 918, columns 282 to 375 of 938]
373 373 370 368 366 363 362 361 360 360 360 361 362 367 370 372 371 367 363 359 354 351 350 350 353 355 355 353 350 345 343 344 348 351 354 357 360 361 363 363 364 365 365 365 364 364 363 362 362 362 363 363 364 365 366 366 366 367 367 368 371 372 372 371 370 368 368 369 369 369 371 374 375 374 371 369 367 364 362 360 359 359 359 359 359 360 360 360 359 358 356 357 364 372
374 374 370 368 365 363 362 361 359 359 359 359 360 363 368 371 371 369 364 360 356 352 350 350 353 354 354 353 349 344 344 346 348 352 355 358 362 363 364 364 364 365 365 365 365 365 364 363 362 362 362 362 363 364 365 366 366 365 366 367 371 373 373 371 370 368 367 367 366 367 368 371 372 372 369 367 366 364 363 360 359 359 359 358 358 361 361 360 357 356 354 355 363 372
373 374 371 367 365 363 362 361 360 359 358 358 358 361 364 368 370 369 366 362 358 354 350 350 352 353 353 351 347 343 344 346 349 352 356 360 363 363 364 364 364 364 364 365 365 365 365 365 363 362 361 361 361 363 365 366 365 365 365 367 371 373 373 372 370 369 368 366 364 365 366 368 369 369 369 367 366 365 364 362 359 361 361 358 358 361 361 359 356 354 352 353 360 370
372 374 371 367 364 363 363 362 360 359 356 356 357 359 360 363 367 368 368 363 360 356 352 351 352 352 353 351 345 343 344 346 349 353 357 361 363 363 364 363 363 363 363 365 365 365 365 365 364 362 361 361 360 362 364 364 364 364 364 367 371 373 373 372 371 370 369 367 364 363 364 365 366 366 366 366 365 365 364 363 361 361 361 358 357 360 360 356 353 352 350 351 357 366
371 373 371 367 364 363 363 362 360 360 356 355 356 357 358 360 363 367 369 365 362 359 355 353 351 351 352 350 345 344 344 345 350 354 358 361 363 363 363 363 362 362 362 364 364 364 364 364 364 363 361 360 359 359 361 361 362 362 363 366 371 373 373 373 373 372 371 369 365 362 361 363 364 364 364 363 362 362 363 363 361 361 360 358 355 356 356 353 351 350 349 350 354 362
369 372 371 367 365 363 363 362 360 359 356 354 355 356 357 358 360 366 369 367 364 361 357 354 351 350 350 349 345 344 344 345 352 356 358 360 363 363 363 362 361 360 360 361 362 362 362 363 363 363 362 360 357 357 358 359 360 360 362 365 370 374 374 375 375 374 373 371 366 362 359 360 361 362 362 361 360 360 361 362 361 360 358 355 352 351 351 350 349 348 348 348 351 358
368 371 370 367 365 363 362 362 360 358 356 353 353 354 356 356 357 364 368 368 366 363 360 356 351 349 349 349 345 344 344 346 354 357 358 360 363 363 363 362 361 359 359 359 362 362 362 363 363 363 362 361 357 356 356 358 358 359 360 364 369 374 375 376 376 376 375 373 368 363 359 358 359 360 360 359 358 358 359 360 359 358 356 352 350 350 349 349 348 348 348 347 349 355
367 369 369 367 364 363 362 361 359 358 355 352 351 352 353 355 355 360 367 368 367 365 362 358 351 348 348 347 345 343 343 349 356 358 358 361 363 363 363 361 360 359 359 359 362 362 362 362 362 361 361 360 356 355 355 356 356 357 358 362 367 373 375 377 378 378 377 374 369 364 359 356 357 358 358 358 357 357 356 357 356 354 352 350 350 349 349 349 348 348 348 347 347 351
367 367 368 366 364 362 361 360 359 357 355 351 350 350 351 353 354 356 363 367 366 364 362 358 351 346 346 346 344 343 343 351 356 358 358 361 363 363 362 361 359 359 359 359 362 362 363 362 360 358 357 357 355 354 354 354 354 355 356 359 364 370 374 377 379 379 378 375 370 365 360 355 355 357 356 356 355 355 354 353 352 351 350 349 349 349 349 349 348 347 347 346 346 347
366 366 366 365 363 362 360 359 358 357 354 350 350 350 350 351 353 353 357 361 363 362 360 356 350 346 345 345 344 343 343 350 356 357 358 360 362 363 362 360 358 358 358 358 361 361 361 360 358 356 355 355 355 353 353 353 353 354 355 357 361 367 372 376 378 379 378 377 372 366 360 354 354 356 356 354 353 353 352 351 350 349 349 348 348 348 348 348 348 347 347 346 346 346
365 365 364 364 363 360 360 358 357 356 354 351 350 349 349 349 351 351 353 356 357 357 357 353 348 344 344 344 343 342 343 347 353 355 357 359 361 361 360 359 357 357 358 358 359 358 357 357 357 356 355 355 354 354 353 353 353 353 353 355 357 362 368 373 376 378 378 378 373 368 362 355 353 354 354 351 351 351 350 349 348 347 347 348 348 348 348 348 348 347 347 346 346 346
365 365 364 364 363 360 360 358 356 356 353 352 350 349 348 348 349 350 351 351 352 352 353 350 346 343 343 343 343 342 344 345 350 354 355 358 359 360 359 357 356 358 359 358 357 356 356 357 358 357 356 355 355 355 354 353 353 353 352 353 355 359 364 370 374 377 378 378 375 370 364 357 353 352 352 349 349 349 348 347 347 347 346 347 347 347 347 347 348 347 347 346 346 346
365 365 365 365 363 361 360 359 356 356 354 352 351 349 348 348 348 348 349 349 350 350 349 348 345 343 343 342 343 343 344 347 351 354 355 356 357 358 357 355 355 358 359 358 355 355 357 360 361 360 359 357 356 356 355 355 354 353 352 352 353 355 359 366 372 375 376 377 375 371 365 359 354 352 350 349 349 348 347 346 347 347 346 347 347 347 347 347 347 347 347 346 346 345
365 365 365 365 364 362 361 359 357 356 354 353 352 349 348 348 347 347 347 348 348 348 347 346 344 343 343 343 343 343 345 349 352 354 354 355 356 356 355 353 354 359 359 358 355 355 359 363 364 364 362 360 359 358 358 357 355 354 352 352 351 352 356 362 369 373 375 376 374 371 367 361 356 352 351 350 349 348 347 346 347 347 347 347 347 347 346 346 346 346 346 346 346 345
366 366 365 365 365 362 361 360 358 357 354 353 352 349 348 348 347 347 347 347 347 346 345 344 343 343 343 343 343 343 346 350 352 353 354 355 354 354 353 353 354 358 359 357 354 355 361 365 367 367 367 364 362 361 360 359 358 356 354 352 351 351 353 358 365 371 374 374 374 371 368 362 357 354 352 350 350 348 347 347 347 347 347 347 347 347 346 346 346 346 346 346 346 346
365 365 365 365 365 363 361 360 358 357 354 353 352 349 348 347 346 346 346 346 346 345 344 344 343 343 343 343 343 344 348 350 351 352 353 354 354 353 352 352 353 357 359 357 354 355 362 367 370 372 370 367 365 363 363 362 361 359 356 354 351 350 351 355 361 368 371 373 373 371 368 363 358 356 353 351 350 349 348 347 347 347 347 347 347 347 346 346 346 346 346 346 346 346
367 365 364 365 365 363 362 361 358 357 354 352 351 349 347 347 346 345 345 345 345 345 343 343 343 343 343 343 344 345 348 348 349 351 352 352 352 352 351 350 352 355 356 355 353 355 361 366 371 374 374 372 368 366 365 365 363 361 358 356 353 350 350 353 358 365 369 371 371 370 367 363 358 357 354 352 351 350 349 349 348 348 347 347 347 347 346 346 346 346 346 346 346 346
369 365 364 364 365 363 362 360 358 356 354 352 350 348 347 347 345 345 344 344 344 344 343 342 342 343 343 343 344 345 347 348 349 350 350 352 351 350 350 349 350 352 353 353 352 353 358 363 368 373 375 374 371 369 368 368 366 364 361 358 355 352 350 351 355 361 366 369 370 369 366 362 358 357 356 354 352 351 350 350 350 348 347 347 347 346 346 346 346 346 346 346 346 346
370 366 363 363 364 363 362 360 357 356 353 351 350 348 347 347 345 345 344 343 343 344 342 341 342 343 343 343 345 345 347 347 348 350 350 351 350 349 348 348 349 350 351 351 352 352 355 360 364 369 374 374 373 373 372 372 370 368 365 361 358 354 351 350 353 358 363 367 368 367 365 361 358 358 357 355 353 352 351 351 350 349 348 347 347 346 346 346 346 346 346 346 346 346
371 369 364 362 363 363 362 360 357 355 353 350 350 348 347 347 345 345 343 342 342 343 342 341 342 343 344 344 345 346 347 348 348 350 350 350 350 349 347 347 347 348 349 351 351 350 352 356 361 365 369 373 374 374 374 374 373 371 368 365 361 357 353 350 351 355 360 364 365 365 364 360 357 358 358 356 354 353 352 352 350 350 349 347 347 346 346 346 346 346 346 346 346 346
371 371 366 362 361 362 362 360 356 355 352 350 350 347 347 347 345 345 343 341 341 342 342 342 345 345 345 346 347 348 349 349 349 350 350 351 350 349 346 346 346 347 349 350 351 350 350 353 359 363 366 369 372 373 374 375 375 373 370 368 365 361 356 352 350 351 356 360 362 363 362 359 356 358 358 356 354 354 353 352 350 350 349 347 347 346 346 346 345 346 346 346 346 346
371 371 368 362 360 361 361 359 356 354 352 350 350 347 347 347 345 345 343 340 340 340 342 344 346 346 346 347 348 350 350 350 349 349 349 351 350 349 345 345 345 347 348 350 351 351 349 350 356 361 365 367 368 369 371 373 373 373 370 370 367 363 359 355 350 349 351 355 358 360 359 357 355 356 358 357 356 356 355 353 351 350 349 347 347 346 346 346 345 346 346 346 346 346
370 371 369 364 359 360 361 359 355 354 352 351 350 348 347 347 345 344 342 340 340 340 342 345 347 346 346 348 350 350 350 349 349 348 349 350 350 349 345 344 344 346 348 350 351 351 349 348 353 358 362 364 366 366 367 368 369 371 370 369 367 365 361 357 353 350 349 351 353 355 356 354 353 356 358 357 357 357 357 355 352 350 349 347 347 346 346 346 345 345 345 346 346 345
368 371 369 364 359 358 360 359 355 354 353 351 350 348 347 347 344 343 341 340 339 339 341 345 346 347 347 349 350 350 350 349 348 348 348 348 349 348 345 343 343 344 346 349 351 351 351 348 349 353 357 361 363 364 363 364 365 368 368 368 367 365 362 359 356 353 350 348 349 351 352 352 352 354 356 357 357 358 358 357 354 351 349 347 347 346 345 345 345 345 345 346 346 345
365 370 369 365 359 356 359 359 356 355 353 351 350 348 348 347 344 343 340 339 338 338 341 344 346 347 347 348 349 350 349 348 347 347 347 347 347 347 344 342 342 342 344 348 350 351 351 348 346 349 353 357 360 362 361 361 361 364 365 365 364 362 361 359 357 356 352 348 347 349 350 351 351 353 355 356 356 357 358 359 357 352 349 347 347 346 345 345 345 345 345 346 346 346
362 367 369 366 359 356 357 358 356 355 353 351 350 349 348 347 345 342 340 338 338 339 342 344 346 347 347 348 348 348 348 348 347 346 346 346 346 345 343 342 340 340 341 345 349 350 351 348 345 345 350 354 357 359 359 359 359 360 361 361 360 359 358 356 355 356 353 348 346 348 348 349 350 351 354 355 355 356 358 359 358 355 350 347 347 346 345 345 345 345 345 346 346 347
358 364 368 366 360 356 356 358 356 354 352 350 349 348 348 347 345 341 339 338 339 342 344 345 346 347 347 348 348 348 348 348 347 346 345 345 345 345 343 341 340 338 339 342 346 348 349 348 345 344 346 349 352 355 355 355 355 356 356 356 356 354 353 352 352 354 353 348 345 347 348 348 349 350 353 354 354 355 357 359 358 357 351 347 346 345 345 345 345 345 345 346 346 348
353 359 365 365 361 356 356 356 356 353 350 349 348 347 346 345 343 340 339 339 342 344 345 345 346 347 347 348 348 348 348 348 347 345 345 345 345 345 343 341 339 338 338 340 343 346 347 347 345 343 343 345 347 350 350 350 350 351 351 351 351 350 348 348 348 351 351 347 344 345 347 348 348 349 352 353 353 354 356 358 358 356 352 348 346 345 345 345 345 345 345 346 346 348
349 355 361 363 362 357 355 356 355 352 349 348 347 346 345 343 341 338 339 343 345 345 346 346 346 347 347 348 349 349 348 348 347 345 344 344 345 345 343 341 339 338 338 338 341 344 346 346 345 343 343 343 344 345 345 345 345 346 346 346 346 346 346 345 345 347 347 346 343 344 345 346 347 349 350 351 351 352 354 356 357 356 353 349 346 346 345 345 345 345 345 346 347 349
347 352 357 360 360 357 354 353 352 350 348 346 346 345 344 342 339 338 342 345 346 346 345 345 346 347 347 350 350 350 350 350 348 345 344 343 344 344 343 341 339 337 337 338 340 342 345 345 345 343 343 343 343 343 343 343 343 343 343 343 343 343 344 343 343 343 344 344 342 342 343 343 345 347 348 349 349 350 352 354 355 355 354 350 347 346 345 345 344 344 345 347 348 350
346 350 354 357 358 357 354 351 350 348 346 345 344 344 343 340 338 340 344 345 345 345 345 344 345 347 347 350 351 351 350 350 349 345 343 342 344 344 343 340 338 336 337 338 340 341 344 345 345 344 343 343 343 343 343 342 342 342 342 342 342 342 342 342 341 341 342 342 341 341 341 342 344 345 346 348 349 349 350 352 354 355 353 350 347 346 344 344 344 344 346 348 350 352
345 348 352 355 356 356 353 350 348 347 344 343 342 342 340 338 338 341 344 345 345 344 344 344 345 347 347 349 351 351 350 350 348 345 342 341 342 343 342 339 336 336 337 338 340 341 343 345 345 344 344 344 343 343 343 342 342 342 341 341 341 341 340 340 340 340 341 341 341 340 340 341 343 343 344 347 348 348 349 350 352 353 351 349 347 345 344 344 345 345 348 350 352 354
343 346 350 353 354 354 351 349 347 345 343 342 340 339 338 337 338 341 343 344 344 344 344 344 345 347 347 349 350 350 350 349 347 344 341 339 340 341 340 336 335 336 337 338 340 341 343 345 345 345 345 344 345 345 343 342 341 341 341 341 341 340 340 340 340 340 341 341 341 341 341 341 343 343 344 345 347 347 347 347 348 349 348 347 346 344 344 344 345 346 349 351 354 356
339 343 347 350 352 352 350 348 346 345 342 340 338 337 337 337 339 342 342 343 343 344 344 344 345 347 347 348 349 350 349 347 345 343 341 338 338 339 337 335 335 336 337 338 340 341 342 344 345 346 346 346 347 347 345 343 341 341 341 341 341 341 341 341 341 341 341 341 341 342 342 342 343 343 343 343 345 345 345 345 345 345 345 345 345 344 344 344 346 348 351 353 356 358
337 339 343 347 349 349 349 347 345 343 342 340 337 336 337 338 340 342 343 343 343 344 345 345 345 346 347 347 348 349 347 345 344 343 340 337 337 336 335 335 335 335 336 338 341 341 342 344 345 347 348 348 349 348 347 344 342 341 341 341 341 341 342 342 342 342 341 341 341 342 342 343 343 343 343 343 343 344 344 344 344 344 345 344 344 344 344 345 347 350 352 355 356 358
337 337 339 344 346 347 347 345 343 341 340 338 336 336 337 340 342 343 343 343 343 344 346 346 344 344 345 346 346 346 344 344 344 341 340 338 337 335 335 335 335 335 335 338 341 341 343 344 345 348 349 349 349 348 347 345 342 341 341 341 342 342 342 343 343 343 343 343 343 343 343 344 344 344 344 344 344 344 344 344 345 345 345 344 344 344 345 346 348 350 351 355 356 357
337 337 337 340 343 345 345 344 341 339 338 336 335 336 338 341 343 343 344 342 342 344 345 346 344 343 343 344 343 343 342 343 344 342 341 339 338 336 335 335 335 335 336 339 341 342 344 345 346 348 349 349 350 348 348 345 344 341 340 340 342 343 343 344 344 344 345 344 344 344 344 344 344 344 344 344 344 344 344 344 345 345 345 345 345 345 346 346 348 348 349 353 356 355
337 337 336 337 340 343 344 342 339 337 336 335 335 337 340 342 343 344 344 342 341 342 343 343 341 341 341 341 341 341 342 344 344 343 342 340 339 337 335 335 335 335 337 339 341 343 345 347 348 349 350 350 350 348 348 346 344 341 340 341 343 344 344 344 344 346 346 346 345 344 345 345 344 344 344 344 344 344 344 345 346 346 345 345 345 345 346 346 347 348 348 351 354 355
337 337 336 336 338 341 342 341 338 337 335 335 335 338 341 343 344 345 344 342 341 341 341 341 339 339 339 340 340 341 343 344 345 344 343 341 339 337 335 335 335 335 337 339 342 344 346 348 349 350 350 350 350 348 348 346 345 342 341 341 343 345 346 346 346 347 348 348 347 346 346 346 345 345 344 344 344 344 345 345 347 346 345 344 344 345 346 346 347 348 348 351 354 356
337 337 337 337 337 339 341 339 337 336 335 335 335 339 342 343 345 346 344 342 341 341 340 340 339 339 339 339 340 341 344 344 345 344 344 341 338 336 335 335 335 335 337 339 342 345 347 349 350 351 351 351 349 348 348 346 345 342 341 341 343 344 346 347 347 347 349 349 348 347 347 347 346 345 344 344 344 344 344 345 346 345 344 344 344 345 346 346 347 347 347 351 355 357
337 337 337 337 337 338 340 338 336 336 335 335 335 340 342 343 346 347 346 345 343 342 341 340 339 339 339 338 340 341 343 344 344 344 343 340 338 336 335 334 334 335 336 339 343 345 347 350 350 351 351 351 349 348 347 346 344 341 341 341 343 344 345 346 347 347 349 349 350 349 349 348 346 346 344 344 344 344 344 345 345 345 344 344 344 345 346 346 347 347 347 352 356 358
337 337 337 337 337 337 338 337 336 335 335 335 335 339 341 343 345 348 349 348 346 345 343 341 339 338 338 337 340 341 343 343 344 344 342 339 337 335 335 334 334 335 336 339 342 345 347 349 350 351 351 351 349 348 347 345 344 341 341 341 343 344 344 345 346 347 348 349 350 350 350 348 347 346 344 344 344 344 344 344 345 345 344 344 344 345 345 345 346 347 348 353 358 360
