geo_cache/3-3/elevation.txt
ncols         938
nrows         918
xllcorner     -72.06666666666666
yllcorner     42.504
cellsize      1.0E-5
NODATA_value  -9999
[rows 504 to 545 of 918, columns 94 to 187 of 938]
310 311 310 309 307 305 305 307 308 311 314 317 318 317 315 316 318 320 323 323 321 318 316 314 314 314 313 313 313 311 311 309 306 305 305 305 305 306 308 309 312 315 317 319 319 320 320 320 320 320 320 321 321 324 330 337 340 341 341 341 341 341 342 342 342 342 340 339 339 338 337 336 335 335 335 335 334 332 330 330 330 330 330 330 330 330 330 330 330 330 328 327 327 327
313 314 314 311 308 307 307 308 308 311 315 318 319 318 319 320 319 320 323 323 321 318 315 313 313 313 313 312 312 311 310 309 306 305 305 305 305 306 308 309 312 314 316 318 318 319 319 319 320 320 320 320 320 321 326 333 338 342 343 343 343 342 342 343 344 342 340 337 336 336 335 335 334 334 334 334 332 330 330 330 330 331 331 330 330 330 330 330 329 329 328 327 326 326
314 316 316 313 310 308 308 308 309 312 316 318 320 320 321 323 321 321 322 321 320 318 314 312 312 312 312 312 312 310 310 309 306 305 305 305 305 306 308 309 312 314 316 318 318 318 319 319 320 319 319 318 318 320 323 329 337 342 343 345 345 344 344 345 345 343 341 337 334 334 334 333 333 334 333 333 332 330 330 330 330 331 332 332 331 331 331 330 329 328 327 326 324 325
315 318 318 315 312 311 310 310 310 313 315 318 319 319 321 323 321 320 320 320 319 316 313 311 311 311 311 311 311 310 309 308 306 305 305 305 305 306 308 309 312 313 316 317 317 318 319 319 320 319 319 317 317 318 322 327 335 341 343 346 346 345 345 345 346 344 341 337 334 333 333 332 332 333 333 332 331 331 330 330 330 331 333 332 332 331 331 329 328 327 326 325 324 324
316 318 319 318 317 315 313 312 311 312 314 316 317 318 319 320 319 318 318 318 317 314 312 311 311 311 311 311 311 309 309 308 306 305 305 305 305 306 308 309 312 314 315 317 317 318 319 319 319 319 319 317 317 317 319 325 332 340 343 346 347 347 346 346 346 345 342 337 333 332 332 331 331 332 332 331 330 330 331 330 330 331 333 333 333 332 331 329 328 327 326 325 324 324
318 320 320 320 320 318 316 314 312 312 314 315 316 317 318 318 315 314 315 315 314 312 311 311 311 311 311 311 311 310 309 307 305 305 305 305 305 305 307 309 312 314 315 317 317 318 319 319 319 319 319 317 317 315 317 322 329 337 341 345 346 346 347 346 346 345 341 336 332 330 330 329 329 331 331 330 328 329 331 331 330 331 334 334 334 333 331 330 329 328 326 325 324 324
320 322 323 323 323 321 319 317 315 314 314 314 316 317 317 317 313 311 311 311 311 311 311 311 311 311 312 313 314 311 309 307 305 305 305 305 305 305 307 309 313 314 315 317 317 318 319 319 319 319 319 317 317 315 315 319 326 334 338 344 345 346 346 346 345 344 340 335 331 329 328 328 328 330 330 329 327 326 329 331 331 332 335 335 335 334 332 331 330 329 326 326 324 324
322 324 326 326 325 323 321 319 318 315 314 314 315 316 317 315 312 311 311 311 311 311 311 311 311 312 314 315 315 313 309 307 305 305 305 305 305 305 307 310 314 314 315 317 317 318 319 319 319 319 319 317 317 315 314 316 322 330 334 341 344 345 345 345 344 341 337 334 330 328 327 326 327 329 329 328 326 326 326 329 332 333 335 335 336 335 334 332 331 329 326 325 324 324
324 327 328 329 328 326 323 321 319 317 315 315 315 316 316 314 312 312 312 311 311 311 311 311 311 313 315 316 316 315 312 309 306 305 305 305 305 306 308 310 314 314 315 317 317 318 319 319 319 319 319 317 317 315 314 314 319 326 330 338 342 344 344 341 339 338 335 333 329 327 326 326 327 329 329 328 327 326 326 327 330 333 334 335 337 336 334 333 331 329 326 325 323 323
326 328 330 332 331 329 325 323 321 319 316 316 315 316 316 315 314 314 313 311 311 311 311 311 313 315 316 317 317 315 314 311 306 305 305 305 305 306 308 310 313 314 315 316 317 318 319 319 319 319 319 317 317 316 314 314 316 322 326 334 339 340 340 338 336 335 333 331 328 326 325 325 326 329 330 330 328 326 326 326 328 331 334 334 336 336 336 334 332 330 327 325 323 323
327 329 332 334 334 332 328 325 322 319 317 317 317 316 316 316 316 315 314 312 311 311 311 312 315 318 319 318 317 315 313 310 306 305 305 305 305 306 308 310 312 313 314 316 317 318 319 319 319 319 319 317 317 316 314 314 314 319 322 329 335 337 337 335 334 332 331 330 328 326 325 325 325 329 331 331 328 326 326 326 327 331 335 335 336 336 336 334 333 332 328 325 324 324
327 331 332 334 335 334 330 327 323 320 318 318 317 317 317 316 316 316 315 314 312 311 311 314 317 319 319 317 316 315 312 308 305 305 305 305 305 306 308 309 311 312 314 315 317 317 319 319 319 319 319 317 317 316 314 314 314 317 319 325 332 335 335 334 332 331 330 329 326 325 325 325 325 329 331 331 328 326 326 326 328 332 335 336 335 335 336 334 333 332 329 326 324 324
327 331 332 334 334 334 332 329 325 320 319 319 318 317 317 317 317 316 316 315 314 312 314 316 317 319 318 316 315 313 310 306 305 305 306 307 307 306 307 308 310 311 313 314 316 318 319 319 319 319 319 317 317 316 314 314 314 315 317 322 327 331 332 332 330 328 327 326 324 324 325 325 326 329 330 330 328 326 326 327 330 333 336 337 336 335 334 334 333 331 328 325 324 324
328 331 333 333 334 334 333 330 326 321 319 319 319 318 318 319 320 320 319 318 316 314 314 316 317 318 317 315 312 310 307 305 305 305 305 307 307 306 307 307 308 309 310 312 316 318 320 319 319 318 318 317 317 316 314 314 314 315 316 320 325 328 330 329 327 325 323 323 324 324 325 325 326 330 330 329 327 326 326 329 332 334 337 338 337 336 334 333 332 331 327 325 324 324
331 333 334 334 334 334 333 331 326 321 320 320 321 322 322 323 324 324 323 320 317 315 315 316 317 318 316 313 309 306 305 305 305 305 305 305 305 305 306 307 307 308 308 311 314 318 320 320 319 318 318 317 316 315 314 314 314 314 315 317 322 326 327 325 323 323 323 323 324 324 325 326 326 330 329 329 326 326 327 331 333 335 337 337 338 337 335 333 332 331 327 325 324 324
335 337 338 336 335 335 333 330 326 322 321 323 324 326 327 328 328 328 326 323 319 316 316 316 316 318 316 311 307 305 305 306 306 305 305 305 305 305 306 306 307 307 308 311 314 317 320 320 319 318 318 316 316 315 314 314 314 314 314 316 321 324 324 322 322 323 323 323 325 325 325 326 326 330 329 328 325 325 329 332 334 335 337 337 338 337 336 333 332 331 328 325 324 324
335 339 340 341 339 336 334 331 327 325 324 326 328 330 331 332 332 331 328 324 320 317 316 316 316 316 313 309 307 306 308 308 307 305 304 304 304 305 305 305 307 307 308 310 313 316 318 320 318 317 317 316 316 315 314 314 314 314 314 315 319 321 321 321 322 324 324 324 325 325 325 326 326 330 329 327 325 326 330 334 335 336 337 337 338 337 336 333 332 332 329 326 324 324
334 338 340 341 340 339 337 334 332 329 327 328 331 333 334 335 335 334 330 326 321 318 317 315 315 314 312 310 310 310 309 309 307 306 304 304 304 305 305 305 307 307 308 309 312 315 317 318 318 317 317 315 315 315 314 314 314 314 314 314 316 318 318 321 323 325 325 325 325 325 326 326 326 330 329 326 325 327 332 335 335 336 337 337 337 336 335 332 331 331 330 327 324 324
332 336 339 340 340 340 339 338 336 333 331 331 333 336 337 337 338 335 331 326 322 319 317 315 314 314 312 312 312 311 310 309 307 306 304 304 304 305 305 305 307 307 307 309 311 315 316 317 317 317 316 315 314 314 314 314 314 314 314 314 315 316 319 323 323 325 325 325 326 326 326 326 326 329 329 325 325 329 333 335 336 336 337 337 337 336 334 332 331 329 328 328 326 324
329 333 336 338 339 339 339 340 339 337 334 333 336 339 340 340 339 336 332 328 324 320 317 314 313 313 312 312 312 311 310 307 306 305 304 304 304 304 305 306 307 307 307 309 311 314 316 316 317 316 315 314 314 314 314 314 314 314 314 314 315 317 320 322 323 325 325 326 327 327 326 326 327 329 327 324 326 330 333 336 336 337 337 337 336 335 334 332 331 328 327 327 327 324
327 330 333 336 337 337 338 339 339 338 337 335 337 341 341 340 339 337 333 329 325 321 317 314 313 312 311 311 311 311 310 307 304 304 304 304 304 304 305 306 308 308 308 308 310 313 316 316 316 316 315 314 314 314 314 314 314 314 314 314 315 317 319 321 323 325 325 325 327 327 327 326 327 328 325 324 327 330 333 335 336 336 336 336 336 335 335 333 332 329 327 326 325 325
324 329 331 333 334 335 336 337 337 337 337 337 338 340 341 340 339 336 333 330 325 321 317 314 312 312 311 311 311 311 311 308 305 304 304 304 304 304 305 306 308 308 308 308 309 312 316 316 316 315 315 314 314 314 314 314 314 314 314 314 314 315 316 321 324 325 325 325 326 326 327 326 325 322 322 324 327 330 333 334 335 335 336 336 335 335 334 333 333 331 328 326 324 325
324 328 330 330 331 333 334 335 336 337 337 337 338 339 340 339 338 336 332 329 325 320 317 314 312 311 310 310 311 311 311 311 307 305 304 304 304 305 305 306 307 307 307 307 309 312 315 316 316 315 315 314 314 314 314 314 314 314 314 314 314 314 316 322 325 326 325 325 326 326 326 325 322 320 322 324 327 329 332 333 334 335 336 335 335 334 333 333 333 332 330 329 326 324
324 327 328 328 329 331 332 333 334 336 337 337 338 339 339 337 337 335 331 327 323 320 316 313 312 311 309 309 309 309 310 311 309 306 304 304 304 304 305 305 307 307 307 306 308 311 314 315 316 315 315 315 315 314 314 314 314 314 314 314 314 314 316 323 327 328 326 326 326 326 326 324 320 320 323 324 326 328 331 332 333 335 335 335 334 333 332 332 332 332 332 332 329 325
325 327 327 328 328 329 330 331 333 336 337 337 339 338 338 336 336 333 330 325 321 318 315 313 311 310 308 308 308 308 308 309 308 305 303 303 303 304 305 305 307 307 306 305 307 311 314 315 316 315 315 315 315 315 314 314 314 314 314 314 314 314 316 322 326 328 328 326 325 325 326 323 319 319 323 324 325 326 328 329 331 333 334 334 333 332 331 331 331 332 334 334 334 330
325 327 327 328 327 328 328 330 332 336 337 337 338 338 337 336 334 332 329 324 319 316 314 311 310 308 307 307 307 308 307 306 305 303 303 303 303 304 305 305 306 307 305 305 306 310 314 315 316 315 315 315 315 315 314 314 314 314 314 314 314 314 315 320 324 327 328 328 325 324 325 322 318 319 323 323 325 325 326 327 330 331 333 333 333 331 330 328 328 330 334 337 337 334
326 327 327 328 326 326 326 330 332 336 337 338 338 337 336 335 332 330 326 321 315 312 310 309 308 307 307 306 306 306 305 304 303 302 302 303 303 304 305 305 305 305 305 305 306 309 314 315 315 315 315 315 315 315 315 315 314 314 314 314 314 314 315 319 322 325 326 327 325 323 322 320 318 319 323 323 325 325 326 327 329 332 333 334 332 331 329 327 327 330 335 338 339 338
327 328 328 328 326 326 326 330 333 336 338 339 338 336 335 333 331 327 322 316 311 309 308 306 306 306 305 305 304 303 302 302 302 302 302 303 303 304 304 304 304 304 304 305 305 308 313 315 315 315 315 315 315 315 315 315 314 313 313 313 313 313 314 317 321 324 325 326 324 321 320 318 317 319 323 324 325 325 326 328 330 332 334 334 332 330 327 326 326 329 334 340 342 341
328 328 328 328 326 325 325 330 333 336 338 339 338 335 333 331 328 324 318 311 308 306 305 305 304 304 303 302 302 302 302 302 302 302 303 303 304 304 304 304 304 304 304 305 305 308 313 315 315 315 315 315 315 315 314 314 314 313 313 313 313 313 314 315 319 322 323 323 320 317 316 317 317 321 324 326 326 326 327 328 330 332 335 335 332 329 326 325 325 328 333 340 345 345
329 329 329 328 326 325 325 330 334 337 338 339 338 334 330 328 325 319 313 308 306 305 304 304 304 304 302 302 302 302 302 302 303 303 303 304 305 305 305 305 304 304 304 304 304 307 312 314 314 314 314 314 314 314 314 314 313 313 313 313 313 313 314 315 317 321 320 317 314 314 316 317 319 323 327 327 326 326 327 329 330 332 335 334 332 327 323 323 324 327 333 341 348 348
329 330 330 330 327 325 325 331 335 336 337 338 336 332 328 324 321 315 309 307 305 304 304 304 304 304 302 302 301 302 302 302 303 303 304 305 306 305 305 305 304 304 304 304 304 307 311 314 314 314 314 314 314 314 313 313 313 312 312 313 313 313 313 314 316 317 316 314 314 315 317 319 322 326 329 331 329 327 328 330 330 332 334 333 330 326 322 321 322 325 332 341 348 353
330 330 330 330 327 325 325 331 334 335 335 335 333 329 325 321 317 311 309 307 306 305 304 304 304 304 302 302 301 302 302 302 302 302 305 306 307 306 305 305 304 304 304 304 304 305 309 313 314 314 314 313 313 313 313 313 312 312 312 312 312 312 312 313 314 313 313 313 315 318 320 323 325 328 332 334 332 328 328 330 331 331 332 331 328 325 321 320 320 324 331 340 348 355
332 331 330 329 326 325 325 330 333 333 333 332 330 326 323 319 315 311 309 309 308 307 307 305 304 305 303 302 301 301 301 301 302 303 305 307 308 308 306 305 304 304 304 304 304 304 308 312 313 314 313 313 313 313 312 312 312 312 312 312 312 312 312 313 313 313 313 314 317 320 324 326 328 331 334 334 333 330 329 330 332 332 330 329 325 323 321 320 320 324 330 339 348 355
332 331 329 328 325 324 325 330 333 332 331 330 327 326 323 319 315 311 310 310 311 312 311 308 307 306 304 302 301 301 301 301 302 304 307 309 310 310 307 305 304 304 304 304 304 304 307 311 312 313 312 312 312 312 312 312 311 311 311 311 311 311 312 313 313 313 313 315 319 322 325 328 329 333 333 333 332 331 329 332 332 332 330 327 323 321 320 319 320 322 329 337 347 354
332 330 328 327 324 323 325 329 332 332 330 329 328 326 323 318 315 311 310 310 313 315 314 312 310 308 304 302 301 301 301 301 303 305 308 311 313 311 308 306 304 304 304 304 304 304 306 309 311 312 312 311 311 311 311 311 311 311 311 311 311 311 312 313 313 313 314 316 319 322 325 327 329 333 332 332 332 332 331 333 333 332 330 326 322 319 319 319 320 320 327 336 346 353
332 330 327 324 323 323 325 328 331 333 331 330 328 325 322 318 315 311 310 310 315 319 317 315 313 309 304 302 300 300 300 301 304 307 310 312 313 311 309 306 304 304 304 304 304 304 305 308 310 311 311 310 310 310 310 310 310 311 311 311 311 312 313 313 313 314 315 316 319 321 323 325 329 332 332 332 332 333 333 333 333 331 329 325 321 318 318 318 320 320 325 334 343 351
331 328 325 323 323 323 324 328 332 334 333 331 328 325 322 318 314 310 310 311 315 319 319 318 315 310 304 302 299 300 300 302 304 308 311 313 313 312 309 307 305 304 304 304 304 304 304 307 309 309 309 308 308 308 310 310 310 311 311 311 312 312 314 315 315 315 316 317 319 319 322 324 328 331 332 332 332 334 334 333 332 330 328 324 321 318 318 318 319 320 325 332 341 349
329 327 325 323 323 323 324 329 333 334 333 332 328 326 323 318 314 310 310 311 315 319 319 318 316 310 304 302 299 300 300 302 305 308 313 314 314 312 310 308 305 304 304 304 304 304 304 306 309 308 308 308 308 308 310 310 310 311 311 311 312 313 315 316 317 317 317 318 319 319 320 324 326 330 331 331 332 334 335 332 332 330 327 324 319 317 317 318 319 319 325 331 339 347
328 327 324 322 322 323 325 330 333 333 332 331 328 327 324 319 314 310 311 312 315 318 319 318 316 310 304 301 299 299 300 302 305 309 313 315 315 313 311 308 306 305 304 304 304 304 304 305 308 308 307 307 307 308 310 310 310 311 311 312 313 313 315 316 317 318 318 319 319 319 320 323 326 329 331 331 332 334 335 332 331 329 327 323 319 316 316 318 319 319 324 331 338 346
327 326 324 322 322 323 325 329 331 330 330 329 329 328 326 321 316 313 313 314 316 318 319 318 315 309 304 301 299 299 300 303 306 310 315 316 316 315 312 309 307 305 304 304 304 304 304 304 306 307 306 306 307 308 309 309 310 311 311 312 313 314 315 317 317 319 319 320 319 319 320 322 325 328 330 330 333 334 334 332 330 328 325 321 318 316 316 317 318 319 322 329 336 342
326 326 324 322 322 323 325 328 329 328 328 328 329 328 325 321 319 316 316 316 316 318 319 318 314 307 303 300 299 299 301 304 308 312 316 318 318 317 315 312 308 306 305 304 304 304 304 304 305 305 305 306 307 308 309 309 310 312 312 313 314 314 316 317 317 319 320 320 320 320 320 321 323 327 329 330 332 333 333 331 329 326 323 320 316 315 315 316 317 319 321 326 333 338
325 325 323 321 322 323 325 326 327 328 328 328 328 326 323 321 321 319 317 317 317 318 318 317 313 306 301 299 299 300 303 308 312 315 317 319 319 318 316 313 310 308 306 304 304 304 304 304 305 305 305 306 307 308 309 310 310 312 312 313 314 314 315 317 317 319 320 321 320 320 320 321 323 326 329 330 330 332 332 331 327 324 321 317 315 315 315 316 316 318 320 324 329 334
