geo_cache/3-3/elevation.txt
ncols         938
nrows         918
xllcorner     -72.06666666666666
yllcorner     42.504
cellsize      1.0E-5
NODATA_value  -9999
[rows 546 to 587 of 918, columns 188 to 281 of 938]
333 331 327 322 319 318 318 318 317 317 318 318 318 318 318 318 318 318 318 320 321 323 323 323 324 325 326 329 329 328 327 327 327 330 333 335 337 341 345 348 351 354 356 359 361 362 364 365 366 365 362 358 355 352 349 346 344 343 342 342 341 341 344 350 355 359 358 355 352 349 344 339 339 340 342 343 343 343 343 346 350 351 353 355 356 357 357 356 354 353 352 352 353 356
329 329 324 321 318 318 318 318 317 317 318 318 318 318 318 318 318 318 318 320 322 324 325 325 326 326 327 328 329 329 329 328 328 329 330 332 334 337 341 346 349 353 356 358 360 361 362 362 363 363 363 360 357 353 350 347 345 343 342 341 341 341 343 349 353 358 358 355 352 350 347 340 339 341 344 346 346 344 344 346 349 351 353 354 355 356 356 357 355 354 353 352 353 356
326 326 323 321 319 318 318 318 318 318 318 318 318 318 318 318 319 320 321 322 324 325 326 326 326 327 328 329 329 331 332 332 332 332 333 334 336 338 341 345 348 352 354 356 357 357 358 358 359 359 360 359 358 356 353 349 347 344 343 341 341 341 343 347 351 356 356 354 352 350 348 343 340 341 347 349 349 347 344 346 348 350 352 353 354 355 356 356 355 354 353 353 353 356
324 324 322 321 319 318 318 318 318 318 318 318 318 318 318 319 321 323 324 326 327 327 327 328 329 330 330 329 329 330 331 333 335 336 337 339 341 343 345 346 347 349 353 355 357 359 361 362 363 363 363 362 361 357 356 354 352 349 346 344 342 342 343 346 349 353 353 352 351 350 347 343 340 341 347 350 351 349 346 346 347 349 351 352 352 354 354 355 355 354 353 353 353 355
322 323 322 322 320 318 318 318 318 318 318 318 318 318 320 322 324 326 328 330 331 330 330 330 332 332 332 331 330 330 329 329 330 331 334 337 340 344 346 347 347 349 353 359 362 364 367 369 370 370 370 368 366 361 357 355 353 351 350 349 346 344 343 344 346 348 347 345 345 345 344 342 340 341 345 349 352 351 348 347 347 347 350 352 352 353 353 354 354 354 353 353 353 354
320 321 322 322 320 318 318 318 318 318 318 319 319 320 322 325 327 329 331 333 334 332 332 332 333 333 333 332 330 330 329 329 330 331 335 338 341 345 347 347 349 349 354 359 362 365 369 371 373 374 374 372 370 366 361 358 356 352 349 349 349 348 344 343 343 343 341 340 340 341 341 340 340 340 343 348 351 351 350 348 347 347 350 352 352 353 353 353 355 355 354 353 353 354
317 319 322 322 320 318 318 318 318 318 319 320 321 323 325 327 330 332 334 336 337 335 334 334 334 334 334 333 331 329 329 329 330 334 337 341 344 348 348 348 349 350 355 359 361 365 369 372 374 375 376 375 371 368 365 362 359 353 349 348 347 347 347 345 342 340 340 340 340 341 341 341 340 340 342 347 350 351 350 348 347 347 349 351 351 352 352 353 354 354 354 353 353 354
315 318 322 322 320 318 318 318 319 320 321 322 323 325 327 330 332 335 338 340 340 338 336 335 335 335 334 333 332 330 329 330 332 336 339 343 347 350 351 351 350 351 355 358 361 365 370 373 375 377 379 377 373 370 367 362 359 353 349 348 346 345 346 346 344 342 340 340 340 341 341 342 342 341 341 344 348 349 349 347 347 347 349 350 351 352 352 353 354 354 355 353 353 354
315 318 321 321 320 318 318 318 320 322 324 324 326 328 330 332 335 339 341 343 343 341 338 337 336 336 334 332 332 330 329 331 335 338 341 345 348 351 353 353 352 352 355 358 361 366 371 374 376 378 381 379 375 371 367 362 359 353 349 347 345 345 345 346 347 346 342 340 340 342 344 346 345 342 341 341 344 346 346 347 347 347 349 350 350 352 352 353 354 354 355 354 354 355
315 316 320 320 318 318 318 319 322 325 326 327 329 330 332 336 340 343 344 345 345 344 342 340 338 337 335 332 330 329 329 332 336 340 343 346 349 351 354 355 353 354 355 358 361 368 373 376 378 381 383 382 377 374 367 362 359 353 348 346 346 346 346 346 346 347 346 342 341 344 348 350 349 345 342 341 341 345 345 347 347 347 349 350 351 352 353 353 354 354 355 354 355 356
316 316 317 317 318 318 318 321 325 327 329 330 331 333 336 341 345 348 349 349 348 347 345 343 340 340 338 334 330 329 329 332 338 341 343 347 349 351 354 355 355 355 355 358 362 370 375 378 380 383 383 381 378 375 367 362 359 352 348 346 346 346 346 346 346 346 347 346 344 347 352 353 352 349 345 341 342 345 346 347 348 349 350 352 353 354 354 354 354 354 355 356 356 357
316 316 317 317 318 318 320 324 327 330 332 332 333 335 339 346 351 354 355 354 351 349 347 346 343 342 340 338 334 330 329 332 338 342 343 347 349 350 353 355 355 355 355 358 364 372 378 380 381 383 383 381 378 374 367 362 358 352 348 346 345 345 345 346 346 346 346 347 348 351 354 354 354 352 348 344 343 345 347 348 349 350 352 354 356 356 355 355 355 355 355 356 356 357
316 317 317 317 318 319 323 327 330 333 334 335 335 337 343 350 356 359 360 358 355 352 349 348 345 344 344 342 338 332 330 331 337 341 343 347 348 350 353 354 355 355 355 358 365 373 378 381 382 383 382 380 377 373 366 361 358 352 347 346 345 345 345 346 346 346 346 348 350 353 354 355 355 353 350 347 344 346 349 350 351 351 354 356 358 358 358 357 356 356 356 356 356 357
317 318 318 317 318 322 327 331 334 336 336 336 337 339 344 353 360 362 362 360 358 356 352 350 347 348 348 346 341 336 332 332 336 340 343 347 348 350 353 353 355 354 354 357 365 373 378 381 382 382 381 379 376 371 364 360 357 351 347 346 346 346 346 345 345 345 347 351 352 353 353 355 355 354 350 349 346 346 350 352 352 354 357 359 360 361 362 362 360 358 356 356 356 357
319 321 321 319 320 325 330 333 336 338 339 339 339 340 344 355 362 365 363 361 359 357 355 353 349 350 351 349 345 340 336 334 336 339 343 346 348 350 352 353 354 353 352 356 365 372 378 381 382 381 380 377 373 370 363 360 356 351 348 346 346 346 346 345 345 346 350 352 354 354 354 355 355 354 351 349 347 347 351 353 354 356 360 363 365 366 367 367 365 361 359 357 356 357
321 323 323 320 322 327 332 336 338 340 341 341 341 341 345 356 363 366 365 362 359 357 356 354 350 352 354 352 348 343 340 338 336 339 342 346 347 349 351 353 354 353 351 355 364 372 377 380 380 379 377 374 371 369 362 358 355 351 348 347 346 346 346 346 346 347 351 354 356 357 357 355 356 355 352 349 347 348 351 355 357 359 363 367 370 371 372 371 369 365 361 357 356 357
323 326 324 322 325 329 334 338 340 342 343 343 343 343 345 357 364 366 365 362 359 357 356 355 352 354 357 355 351 346 343 340 339 340 342 345 346 348 350 352 352 351 350 355 363 370 375 377 378 377 375 371 369 368 363 358 355 351 349 348 346 346 346 345 345 348 352 355 357 359 361 359 357 356 353 350 348 348 352 356 358 359 364 369 373 375 375 373 370 367 362 358 357 357
326 327 326 325 327 331 337 341 343 345 345 345 345 344 346 356 364 366 365 362 359 357 357 356 353 354 357 357 355 350 345 342 340 342 343 345 345 347 348 350 350 350 350 355 363 369 372 374 375 374 372 369 368 367 364 359 356 352 349 348 346 346 346 345 345 350 354 357 360 363 365 362 359 357 356 353 349 350 352 356 358 359 364 370 374 375 374 372 369 367 363 359 358 358
330 330 327 328 331 335 340 345 347 347 347 347 347 346 346 355 363 365 365 362 359 357 357 357 354 355 357 358 356 353 348 344 342 342 343 345 345 346 347 348 350 350 351 356 363 368 369 370 372 371 369 367 367 367 365 361 358 352 348 347 346 346 345 345 346 351 355 358 362 366 367 363 361 358 356 356 353 351 353 357 358 360 366 371 373 373 373 372 370 368 365 361 359 358
335 335 332 332 335 339 344 348 350 351 351 349 348 347 347 354 362 365 365 362 359 357 357 357 355 355 358 358 357 354 350 347 345 344 344 345 345 346 347 348 351 352 353 357 364 368 368 368 368 368 367 366 367 367 365 361 357 352 348 346 346 346 345 345 348 353 358 361 364 367 367 364 361 358 357 358 357 354 355 357 359 362 367 371 372 374 373 373 372 372 369 366 362 359
342 342 340 338 339 342 346 349 352 354 354 351 349 348 347 353 360 364 364 362 359 357 357 357 356 356 358 358 358 354 351 348 346 345 345 345 345 346 348 349 351 354 354 357 365 368 367 367 367 366 365 365 367 366 363 360 355 350 347 346 346 346 346 346 349 356 359 362 365 368 368 365 362 359 359 359 359 358 357 358 361 365 367 370 373 375 375 375 375 375 373 370 366 361
346 346 344 342 341 343 347 351 353 355 355 353 351 349 349 353 358 362 364 361 359 357 357 357 356 357 358 358 358 354 352 349 347 346 345 345 345 346 348 350 352 354 355 358 365 368 367 367 368 366 364 363 366 365 361 357 353 349 346 346 346 346 346 346 350 357 361 365 368 369 369 365 362 360 362 361 359 360 360 359 363 365 366 369 373 377 377 377 377 376 373 371 368 363
350 349 346 343 341 343 347 351 354 355 355 354 351 350 350 352 356 360 361 360 359 357 356 356 357 357 358 358 357 354 352 350 348 347 347 346 346 346 349 350 352 354 356 359 364 367 365 366 369 367 364 362 364 364 360 356 352 348 346 346 346 346 346 346 351 357 362 366 370 370 368 365 362 362 364 362 359 360 361 362 363 363 365 368 373 376 376 376 377 376 373 372 369 364
351 351 348 344 341 342 347 350 353 355 355 354 352 349 349 350 354 358 359 359 358 356 356 356 357 357 358 357 357 354 353 352 350 348 347 347 347 347 349 350 353 355 356 360 364 366 363 366 369 367 364 362 362 362 358 355 352 347 346 346 346 346 346 347 352 357 363 366 371 370 368 364 363 364 364 362 360 360 360 362 363 363 365 367 371 374 374 375 376 376 376 372 368 364
351 351 350 345 341 341 345 349 352 354 355 354 352 349 349 349 351 354 358 358 357 356 356 356 356 356 357 357 357 354 353 352 351 349 348 348 348 348 349 350 352 354 356 360 363 363 362 364 367 366 363 361 361 361 358 354 351 347 346 346 346 346 346 347 352 357 363 366 370 370 368 365 364 365 364 362 361 362 361 362 363 364 365 366 369 371 371 372 375 376 375 371 368 364
351 353 351 347 342 341 344 347 350 352 354 354 353 349 348 347 348 351 354 356 356 356 356 356 356 356 357 357 357 354 353 353 351 350 349 348 348 348 350 350 352 354 356 360 363 363 361 361 364 364 362 361 361 360 357 353 350 347 346 346 346 346 346 347 352 358 362 366 369 369 367 366 366 365 364 364 366 367 365 362 362 364 366 366 367 368 368 371 375 375 374 371 369 365
351 353 351 348 343 340 341 345 348 350 353 353 352 349 348 347 347 348 352 354 355 355 355 355 356 356 357 356 356 355 354 353 352 350 350 349 349 349 350 350 352 353 356 359 362 362 360 360 363 363 360 360 361 360 356 352 348 346 346 346 346 346 346 347 351 358 362 365 368 368 366 366 365 365 365 367 370 371 369 365 362 363 366 366 366 366 367 370 374 374 372 372 371 368
351 353 351 348 343 339 339 343 346 348 351 352 351 349 347 347 347 347 350 352 353 354 354 354 356 356 357 356 356 355 354 354 352 350 350 349 349 349 350 350 352 353 354 357 360 361 359 359 362 362 359 359 359 359 356 351 348 346 346 346 346 346 346 347 350 356 361 364 367 367 365 365 365 365 365 368 372 374 372 368 365 364 365 367 366 366 366 369 371 371 371 373 374 372
350 353 351 348 343 338 337 341 343 346 348 350 350 349 347 347 347 347 349 350 352 353 353 353 355 356 356 356 356 355 354 354 352 350 350 349 349 349 350 350 352 353 353 355 357 360 358 357 360 360 358 358 358 358 356 351 348 346 346 346 346 346 346 348 351 355 359 363 366 365 364 364 364 364 365 369 373 375 374 371 368 366 365 366 367 366 366 367 369 369 371 375 376 375
349 352 351 347 342 338 336 338 340 343 346 348 349 348 347 347 347 347 349 349 350 351 352 352 354 355 356 356 356 355 354 354 352 350 350 349 349 349 350 350 352 353 353 354 357 359 357 357 359 359 357 356 357 357 354 350 348 346 346 346 346 346 347 349 353 356 359 362 364 364 363 364 364 364 366 371 374 375 375 374 371 368 364 364 367 367 367 367 369 370 372 375 375 375
348 350 350 347 342 338 335 335 338 341 344 346 348 348 347 346 347 347 348 347 348 350 351 352 354 355 355 355 355 355 354 354 352 351 350 349 349 349 350 350 352 353 353 354 357 359 356 356 358 358 356 355 356 355 353 349 347 346 346 346 346 346 348 352 356 358 360 361 362 362 362 363 363 365 368 372 374 376 376 376 373 369 365 364 364 367 367 367 369 371 373 375 375 375
347 349 349 346 342 338 334 334 337 339 342 345 347 347 346 345 347 347 347 347 347 349 350 351 354 354 355 355 355 355 354 354 352 352 351 350 350 349 350 350 352 353 353 354 357 358 356 356 358 357 355 355 354 354 352 349 346 346 346 346 345 346 350 355 359 361 361 362 362 362 362 363 363 365 369 372 374 375 376 376 373 369 366 364 364 364 365 367 370 372 375 374 374 373
344 347 347 345 342 337 334 334 335 337 340 343 345 346 345 344 346 347 348 348 348 348 350 351 353 354 354 354 354 354 354 354 353 353 352 350 350 350 350 350 352 353 353 355 357 359 357 356 357 355 354 354 354 353 351 348 346 346 346 346 345 347 351 357 362 364 363 363 363 362 362 363 363 366 369 372 373 373 375 375 372 370 366 364 364 364 364 365 369 372 375 374 373 373
344 345 345 343 341 336 334 334 334 335 337 340 344 344 344 343 345 346 348 348 348 348 349 350 352 353 354 354 354 354 355 355 354 353 353 351 350 350 350 350 353 353 354 355 357 359 358 356 355 354 354 353 353 353 351 348 346 346 346 346 346 347 354 359 363 366 366 366 365 363 362 363 363 366 368 371 371 371 373 374 372 370 367 365 365 365 365 366 369 371 372 373 371 371
343 343 344 342 339 336 334 334 334 334 334 337 340 343 343 342 343 345 347 348 348 348 348 349 351 353 353 353 353 354 354 354 354 353 353 351 351 350 351 351 353 354 354 355 357 359 358 356 355 353 353 352 352 352 350 348 347 346 346 346 346 348 355 360 365 367 367 369 368 364 362 362 363 365 367 368 368 369 371 372 372 369 367 366 366 366 366 367 369 369 369 370 370 371
341 341 342 341 338 335 334 334 334 334 334 334 337 340 340 340 341 344 346 348 348 347 347 348 350 351 351 352 352 354 354 354 354 354 354 352 352 351 352 352 353 354 354 356 357 359 358 356 355 354 353 351 351 351 350 348 347 346 346 346 346 350 357 362 365 368 370 372 371 368 364 362 362 363 365 365 365 366 368 369 369 368 367 366 366 366 366 367 368 368 368 369 369 370
341 339 340 339 337 334 334 334 334 334 334 334 334 337 339 339 339 342 345 348 348 347 347 347 349 350 350 351 352 353 354 354 353 353 353 352 352 352 352 352 354 355 355 356 358 359 358 357 356 355 354 351 350 350 349 348 347 346 346 346 347 353 358 361 365 368 371 373 374 372 368 365 363 363 363 363 363 364 366 368 368 366 364 364 365 367 367 367 367 367 368 368 368 369
340 336 337 337 336 334 334 334 334 334 334 334 334 336 337 337 338 340 344 347 347 347 347 347 348 348 349 350 351 353 354 354 353 352 352 353 353 353 353 353 354 355 356 357 357 358 358 358 357 356 354 352 350 350 348 347 347 346 346 346 349 355 358 360 364 369 373 376 376 375 372 368 364 362 362 362 362 363 365 366 365 364 362 364 365 367 367 367 367 367 368 367 368 369
339 335 334 335 335 334 334 334 334 334 334 334 334 336 337 336 336 338 342 346 347 347 347 347 347 348 348 350 350 352 353 353 352 351 351 353 353 353 354 354 355 356 356 357 357 358 358 358 358 357 355 352 350 350 348 347 347 346 346 346 351 356 358 360 364 370 375 377 378 376 373 370 365 363 362 362 362 362 362 363 363 362 362 364 365 367 367 367 367 367 367 367 367 368
339 335 334 334 334 334 334 334 334 334 333 333 335 337 337 336 335 335 340 345 347 346 346 346 347 347 348 349 350 351 352 352 351 350 351 353 353 354 354 354 356 357 357 357 357 358 358 358 358 357 357 354 351 350 348 347 346 346 346 346 353 357 358 361 364 370 375 379 380 377 374 371 367 364 362 362 362 362 362 362 362 362 362 364 365 366 366 367 367 367 367 367 367 368
340 336 334 334 334 334 334 334 334 334 333 334 336 338 337 334 334 334 337 342 345 345 345 346 346 346 347 348 349 350 350 350 350 350 351 354 354 354 355 355 356 357 357 357 357 357 358 358 358 358 357 356 352 350 347 346 346 346 346 346 352 357 358 360 363 369 375 379 381 379 376 373 369 364 362 362 362 362 362 362 362 362 362 363 365 366 366 366 367 367 367 367 367 368
341 338 334 334 334 334 334 333 333 333 334 334 336 338 336 334 334 334 335 339 343 344 345 345 346 346 346 347 348 349 349 349 349 349 351 353 353 354 355 355 356 356 356 357 357 357 358 358 358 358 358 356 352 350 348 347 347 346 346 346 350 354 356 359 363 369 374 378 381 379 378 373 369 364 363 362 362 362 362 362 362 362 362 363 365 366 366 366 367 367 367 367 367 367
