geo_cache/3-3/elevation.txt
ncols         938
nrows         918
xllcorner     -72.06666666666666
yllcorner     42.504
cellsize      1.0E-5
NODATA_value  -9999
[rows 630 to 671 of 918, columns 188 to 281 of 938]
349 346 344 344 343 339 336 334 334 334 334 334 334 333 333 334 334 334 336 339 341 341 343 343 345 349 353 357 357 358 359 359 365 372 378 382 385 387 387 388 389 390 392 390 384 376 370 366 362 360 358 355 353 353 353 353 353 354 354 354 353 351 345 339 337 336 337 337 337 338 339 343 344 344 345 345 346 348 350 353 356 357 356 356 355 354 353 352 352 352 352 350 348 345
348 346 343 343 342 339 336 334 334 334 334 334 334 333 333 334 334 334 338 343 346 347 346 346 347 349 353 357 358 358 359 360 367 374 381 386 388 390 391 392 393 394 394 391 385 378 371 367 363 360 358 355 353 353 352 352 352 353 354 354 352 351 347 341 337 336 336 336 337 338 339 342 343 344 344 345 346 349 350 352 354 355 355 354 353 352 352 351 351 351 351 349 346 344
346 345 343 342 339 337 335 334 334 334 334 334 334 334 334 334 334 335 340 346 350 352 350 349 347 349 353 358 360 360 359 361 368 375 382 387 388 390 392 393 393 392 391 390 384 377 371 368 365 361 358 355 352 352 351 351 351 352 353 353 352 350 348 343 338 336 336 336 336 337 339 340 341 343 343 344 346 349 350 351 353 353 353 352 352 351 351 350 349 349 348 347 344 342
344 345 343 340 337 335 334 334 334 334 334 334 334 334 335 336 337 337 341 348 352 354 354 353 350 351 355 359 362 362 361 361 366 372 380 385 387 388 390 391 389 387 386 384 381 376 371 368 364 361 358 355 353 352 351 350 350 351 352 352 350 349 348 345 338 336 336 336 336 337 337 338 339 341 342 344 346 348 349 351 351 351 351 350 350 349 349 348 347 347 346 345 343 342
344 345 342 339 336 334 334 334 334 334 333 333 333 334 335 338 339 339 343 349 353 356 356 356 353 354 357 360 362 363 361 361 363 369 375 382 385 385 386 385 383 382 381 379 377 375 371 367 364 361 359 356 353 353 351 350 350 351 351 351 349 349 348 346 340 336 336 336 336 336 337 338 339 340 341 343 346 347 349 350 350 350 350 349 349 348 348 346 345 345 346 344 343 341
344 344 341 339 336 334 334 334 334 334 333 333 333 334 334 338 340 340 343 349 353 358 358 358 357 357 359 361 362 363 361 360 360 365 371 377 381 381 381 380 378 377 376 375 375 373 370 366 364 361 359 356 353 353 351 350 350 350 351 351 349 348 348 346 342 337 336 336 335 336 336 337 337 338 340 343 345 346 347 349 349 349 349 348 348 347 346 344 344 345 345 343 342 341
344 344 340 339 336 335 334 334 334 334 334 334 334 334 335 338 340 340 343 349 353 358 359 359 360 359 359 360 361 361 360 358 358 362 368 373 376 377 377 376 374 373 373 372 372 371 368 365 363 361 359 356 353 353 351 350 350 350 350 350 348 348 347 345 343 339 336 335 333 334 336 337 337 338 340 342 344 345 347 348 349 349 348 348 347 345 344 343 343 344 345 343 341 340
344 344 341 339 337 336 335 334 334 334 334 334 334 334 336 338 340 340 343 349 353 358 361 361 362 361 360 359 359 359 358 357 357 358 363 369 373 374 374 373 371 370 370 369 369 369 367 364 363 361 358 356 353 353 351 350 350 349 348 348 348 347 346 344 343 338 335 333 332 332 334 336 336 337 339 341 343 344 346 348 348 348 348 347 346 344 343 342 342 343 344 342 341 340
344 344 341 340 338 337 336 335 334 334 334 334 335 336 338 339 340 341 344 349 353 358 361 362 362 361 359 358 357 357 357 356 356 356 360 363 367 370 370 369 367 367 367 367 367 367 365 364 363 360 358 356 355 353 352 351 350 349 348 348 347 346 345 344 342 336 332 332 332 332 332 334 336 337 339 340 341 342 345 347 348 348 348 347 346 343 343 341 341 343 344 342 341 340
344 344 341 340 339 339 338 337 335 335 334 334 336 338 340 341 341 343 346 349 352 357 360 362 362 359 357 356 355 355 356 355 355 355 358 360 362 365 365 365 365 365 365 366 366 366 364 364 363 360 358 357 358 356 355 353 351 350 348 347 346 344 343 343 340 335 332 332 332 332 332 332 334 336 339 339 340 341 344 346 348 348 348 347 346 343 342 341 341 342 343 342 341 340
344 343 341 341 340 339 339 338 337 335 334 334 337 340 341 342 343 344 347 349 351 355 358 359 359 357 356 354 353 354 354 354 354 354 356 358 360 360 361 362 363 364 364 365 365 365 364 363 362 359 359 360 361 362 360 357 354 351 349 347 344 342 341 340 337 333 332 332 332 332 332 332 332 335 337 338 338 340 342 345 348 348 348 347 345 342 342 340 340 341 342 341 340 340
343 342 340 340 340 340 340 338 337 335 333 334 337 339 341 343 344 345 347 349 351 353 355 355 355 355 353 350 351 352 353 353 353 353 354 357 357 357 357 359 361 362 362 363 364 364 363 362 361 359 359 362 365 367 365 362 358 354 351 348 345 342 338 336 333 332 332 332 332 332 332 332 332 333 334 335 335 337 340 344 348 348 348 347 345 342 341 340 339 340 340 340 340 340
341 341 340 339 339 340 340 338 337 335 332 332 336 338 340 343 345 346 347 348 349 351 352 352 352 351 349 347 349 350 351 352 353 352 353 355 355 355 355 357 359 360 361 361 363 364 363 362 360 358 358 364 368 369 368 366 363 359 354 349 346 342 334 332 332 332 332 332 332 332 332 332 332 332 332 332 333 336 341 345 348 348 348 347 345 341 341 339 338 338 339 340 340 340
339 339 338 338 338 340 340 338 336 334 331 331 334 337 339 343 345 346 346 346 347 349 349 349 349 347 345 345 348 349 349 350 351 352 352 353 353 354 354 356 357 359 359 360 362 362 362 361 359 358 359 366 370 371 370 369 366 363 359 353 348 342 332 331 331 332 333 332 332 332 332 332 332 332 332 332 332 337 342 346 348 348 348 347 345 342 341 339 338 338 338 340 341 341
338 338 337 337 338 339 339 338 336 333 331 331 332 335 339 342 345 346 346 345 344 344 345 345 345 343 342 343 346 348 348 349 350 351 351 351 352 353 353 355 356 356 356 357 359 359 359 358 358 358 359 366 372 373 373 372 370 367 363 357 351 344 336 331 331 334 336 335 332 332 332 332 332 332 332 332 332 336 341 345 347 348 348 348 346 342 341 339 338 338 338 342 343 343
338 336 336 336 338 339 339 337 335 332 331 331 331 333 338 341 344 344 344 342 340 340 341 342 342 341 340 341 344 347 348 348 349 349 349 349 350 351 352 353 354 354 354 355 356 357 357 357 357 359 360 366 372 375 376 375 373 370 367 361 354 346 341 336 335 338 339 338 336 334 332 333 332 332 332 332 332 336 339 343 346 347 348 348 347 342 341 339 337 337 338 343 344 345
336 335 335 335 338 339 338 336 333 331 331 331 331 332 337 340 342 344 343 340 337 336 338 339 340 340 339 339 342 345 347 348 348 347 347 347 349 350 351 352 354 353 353 353 354 355 356 356 356 359 361 365 372 376 378 378 376 373 370 365 358 349 345 342 342 342 342 341 341 339 337 335 332 332 332 332 333 336 339 342 344 346 348 347 346 342 341 340 337 337 338 343 344 346
335 334 334 334 337 338 336 334 332 330 330 331 331 331 334 339 341 342 342 340 337 334 334 335 337 338 338 337 340 344 346 347 347 346 346 346 348 349 350 352 353 353 352 351 352 353 354 355 356 359 363 365 371 376 380 381 380 377 373 368 362 354 348 345 345 345 345 345 345 345 343 338 334 333 332 332 333 334 337 340 343 345 347 347 345 342 341 340 337 337 337 342 344 345
333 333 332 333 336 335 333 332 330 329 330 331 331 331 332 337 339 341 341 340 338 334 332 332 334 335 335 335 339 343 345 345 345 345 345 345 346 347 348 350 351 351 350 350 351 351 353 354 356 361 364 366 370 376 381 383 383 380 377 372 365 359 352 348 347 348 350 351 351 349 346 343 339 336 333 332 331 332 335 340 343 345 346 345 343 342 342 340 337 337 337 341 343 344
332 332 331 331 333 333 331 330 329 328 330 331 332 332 331 334 338 340 340 340 339 336 331 330 330 331 332 334 338 342 344 344 344 344 344 344 345 346 346 348 349 349 349 349 350 351 352 353 357 362 366 367 370 375 381 385 386 384 380 375 368 362 356 351 350 352 356 358 358 355 351 347 342 338 334 332 331 332 335 340 343 345 345 343 343 341 341 340 338 337 337 339 341 344
330 330 329 329 330 331 330 329 328 327 329 331 332 332 331 332 336 339 340 339 339 337 332 330 329 329 329 333 337 341 342 342 342 343 342 343 344 345 346 346 347 348 348 349 350 350 351 353 357 363 367 368 370 373 379 384 386 385 382 377 371 365 359 356 353 355 361 364 363 360 355 350 345 340 335 332 331 332 336 341 343 343 344 342 342 341 341 340 338 338 337 338 342 345
328 329 328 328 328 329 329 328 326 326 328 331 332 332 331 330 334 337 339 339 339 337 333 331 329 329 329 332 336 339 341 341 341 341 340 341 343 344 345 345 346 347 348 348 349 349 350 353 357 364 369 370 371 372 376 381 385 385 382 378 373 368 363 360 357 358 363 367 367 364 359 354 348 342 336 332 331 332 336 341 342 341 341 341 341 341 340 340 338 337 336 339 342 345
327 327 327 327 327 328 328 327 326 326 327 330 332 331 331 330 331 334 337 338 338 336 334 332 328 328 328 330 333 337 339 340 339 339 338 340 342 342 343 343 344 346 347 348 348 348 350 353 357 364 370 372 373 374 375 377 381 384 382 379 375 371 367 364 361 361 365 369 369 367 362 358 351 345 339 333 331 332 336 340 340 338 339 340 340 340 340 339 338 336 336 339 342 345
326 326 326 326 327 328 328 326 325 325 327 330 332 332 332 330 330 331 333 335 336 335 333 332 328 327 327 328 331 334 337 339 338 338 337 338 340 341 341 342 342 344 346 347 347 348 349 353 357 365 370 374 376 378 377 375 377 380 381 379 375 373 370 367 365 364 366 370 371 369 364 360 355 348 341 335 332 331 335 338 337 336 337 340 340 339 339 338 337 335 335 339 342 344
325 326 326 326 327 328 328 326 325 325 326 330 332 333 333 333 333 332 331 331 333 334 332 331 328 327 327 327 329 332 335 337 337 336 335 336 338 339 339 340 341 343 345 345 346 347 349 352 358 365 371 375 380 383 382 378 375 375 378 378 375 372 371 369 368 366 367 370 372 371 366 361 357 350 343 337 332 331 333 335 335 335 336 339 339 339 339 338 336 334 335 339 342 344
325 326 326 326 327 327 327 326 325 325 326 330 333 334 335 336 337 337 334 331 331 331 331 330 328 327 327 327 327 330 333 335 336 335 334 335 336 337 338 338 341 342 344 344 345 346 348 352 358 366 372 377 383 386 386 381 375 372 374 375 373 370 370 370 370 368 368 369 372 371 368 362 358 352 345 338 332 330 332 333 333 334 336 338 339 339 338 337 335 333 333 339 342 344
325 326 326 326 327 327 327 326 325 324 325 330 333 335 338 340 342 343 340 336 332 329 329 328 327 327 327 327 327 328 331 333 334 333 333 334 336 336 337 337 340 341 342 342 343 344 346 350 357 365 372 378 384 387 387 383 376 370 371 372 371 368 367 371 372 370 369 369 371 371 367 362 359 353 345 339 332 329 331 332 333 333 335 337 337 337 337 336 334 332 333 339 341 343
326 326 327 327 327 327 327 326 325 324 324 329 334 337 341 344 347 348 346 343 337 332 329 328 327 327 327 327 327 327 330 331 333 332 332 333 335 336 337 337 338 340 340 341 341 342 345 348 354 363 372 378 383 386 387 383 377 369 367 369 368 365 364 369 372 372 368 367 369 368 365 361 358 352 345 338 332 329 330 331 332 332 335 336 336 336 336 335 332 331 332 338 341 342
327 327 327 327 327 327 327 325 324 324 324 328 334 338 343 347 351 352 350 349 343 336 332 330 327 327 327 327 327 327 328 330 331 331 331 332 334 335 336 336 337 338 338 339 340 342 344 346 351 358 368 377 382 385 385 382 376 368 364 365 364 362 361 366 371 371 368 365 366 366 363 360 357 351 344 337 331 329 329 330 331 332 334 335 335 335 334 333 330 330 333 338 340 341
328 327 328 328 327 327 327 325 324 324 323 327 333 339 344 350 353 354 354 353 347 341 337 334 329 327 327 326 326 326 326 328 329 330 330 331 332 334 335 335 335 335 336 337 339 341 344 345 348 354 363 373 378 381 381 379 373 366 361 361 361 359 358 361 366 368 366 364 363 363 361 358 355 349 343 337 331 328 328 329 331 332 333 334 335 334 333 331 329 330 334 337 339 340
329 329 329 329 327 326 326 324 324 324 323 326 333 338 344 352 355 356 357 356 351 347 342 339 332 329 328 326 325 325 325 326 327 329 330 330 331 333 334 334 333 333 334 336 338 340 343 345 346 351 359 368 373 375 376 374 370 364 359 357 357 356 355 357 360 363 363 361 360 360 359 356 353 347 341 336 331 327 327 328 330 331 331 332 333 333 332 329 329 331 335 337 337 340
330 329 329 329 327 326 326 324 323 323 323 325 332 337 343 351 355 356 358 357 354 350 345 342 334 331 329 325 324 324 324 325 326 328 329 330 330 332 333 333 332 332 332 335 336 339 342 344 346 349 355 362 367 369 370 369 366 361 357 354 352 352 352 354 355 357 358 357 357 357 357 355 351 346 340 335 331 328 327 327 329 330 330 331 332 332 331 329 329 333 335 337 337 340
330 330 329 329 327 326 326 324 323 322 322 324 331 336 342 350 354 355 357 357 356 351 347 344 335 332 329 324 323 322 323 324 326 328 329 329 329 331 332 332 332 332 332 334 335 338 341 343 345 347 352 358 362 363 364 364 362 359 355 351 348 348 348 348 351 353 354 354 354 354 354 352 348 343 339 334 331 329 327 326 328 329 329 329 330 330 329 328 330 333 335 337 337 339
330 330 328 328 327 326 325 323 322 322 320 323 330 335 340 348 352 354 355 356 355 351 348 345 337 332 328 323 321 320 321 322 325 327 329 329 329 329 331 331 332 332 332 333 335 336 339 341 343 345 348 353 357 359 360 360 359 357 353 348 344 343 343 343 345 349 351 351 350 349 350 348 344 340 337 333 331 329 328 326 326 327 327 327 328 328 327 327 330 334 335 337 337 339
329 329 328 327 326 325 324 322 322 321 320 321 329 334 339 345 351 353 353 354 353 351 348 346 338 333 328 322 320 320 320 322 325 327 328 328 328 329 330 331 332 332 332 333 334 335 337 339 340 342 344 349 353 355 357 357 357 355 351 346 341 339 339 339 340 343 347 348 346 344 345 344 340 336 334 332 330 329 327 325 325 325 325 325 325 326 326 327 331 334 335 337 337 339
328 328 326 326 325 324 323 322 321 321 320 321 327 333 337 342 349 351 351 352 352 350 347 345 339 334 327 321 320 320 320 321 324 326 327 328 328 329 330 330 332 332 332 333 334 334 335 337 338 339 342 345 349 351 353 354 354 353 349 344 339 336 336 336 337 338 342 345 342 340 340 341 337 334 332 330 328 327 326 324 323 323 323 323 323 324 325 326 330 333 335 337 337 338
327 326 326 325 324 323 323 321 321 320 319 319 325 332 336 340 346 349 349 349 349 347 345 344 339 333 326 321 320 320 320 322 324 325 327 327 328 329 330 330 332 332 332 333 334 334 334 336 336 337 339 342 345 347 349 351 351 350 347 341 337 334 333 333 334 334 337 340 339 337 336 337 335 332 330 328 326 325 325 323 323 323 322 321 321 322 323 324 330 334 335 336 336 337
325 325 325 325 324 323 322 321 320 319 318 318 323 330 335 338 343 346 347 346 346 345 342 341 338 332 326 322 320 320 321 322 323 324 326 327 328 329 331 331 332 332 332 333 333 333 333 334 335 336 337 338 340 343 345 347 348 346 343 338 335 332 331 331 331 331 332 334 335 334 333 334 333 331 329 327 326 325 325 323 323 323 321 319 319 320 320 322 330 334 335 335 335 336
323 323 324 324 323 323 322 320 319 319 317 317 321 328 334 337 340 343 344 343 342 341 339 337 335 331 326 322 320 320 320 322 322 322 324 326 328 329 330 330 332 332 332 333 333 333 332 332 334 335 335 335 336 339 342 343 343 342 339 335 333 331 330 329 329 328 328 330 332 332 331 331 331 329 327 326 325 325 325 324 324 325 324 320 319 319 319 323 330 333 335 335 335 336
321 321 323 323 323 322 322 320 319 318 317 317 319 325 331 335 337 340 340 339 339 337 335 334 332 329 325 321 320 319 320 321 322 321 322 325 327 329 330 330 332 332 332 332 332 332 332 332 332 333 334 334 335 336 338 339 339 338 335 333 331 329 329 328 327 326 326 327 329 330 329 328 328 327 326 325 325 325 325 326 326 327 326 322 319 319 319 324 330 333 334 335 335 335
321 321 322 323 323 322 322 320 319 317 316 316 318 322 329 333 335 336 337 336 335 333 331 330 328 326 323 320 319 318 319 320 321 320 320 324 326 329 330 330 332 332 332 332 332 332 331 331 332 333 333 334 334 334 335 335 335 334 332 331 329 328 327 326 326 325 325 324 326 328 327 325 325 325 325 325 325 325 325 326 327 328 327 324 320 319 319 323 329 332 333 334 334 335
321 321 321 322 322 322 322 320 319 317 315 315 316 319 326 331 332 333 333 332 330 328 327 326 324 322 321 319 318 318 318 319 320 320 320 322 325 328 329 330 332 333 333 332 331 331 330 330 331 333 333 333 332 332 333 332 332 330 330 329 329 327 326 325 325 325 323 322 323 325 325 323 323 324 324 324 325 325 325 326 328 328 327 324 320 319 319 321 328 331 332 334 334 335
