geo_cache/1-4/elevation.txt
ncols         934
nrows         918
xllcorner     -72.75555555555555
yllcorner     42.752
cellsize      1.0E-5
NODATA_value  -9999
[rows 714 to 755 of 918, columns 190 to 284 of 934]
390 386 380 376 373 368 363 356 350 349 351 354 357 362 369 376 381 385 392 401 410 417 419 417 421 429 435 442 444 447 451 452 437 415 396 384 374 365 358 351 346 341 337 332 327 326 325 323 320 315 308 299 294 289 283 279 276 279 284 288 293 295 294 290 284 284 288 292 296 299 303 311 324 334 344 353 363 373 382 390 399 403 403 399 393 387 382 379 374 370 366 361 356 351 346
386 380 372 369 367 362 357 351 347 346 348 352 355 359 367 372 373 381 390 399 407 411 413 413 418 426 433 439 442 446 449 448 432 411 392 380 371 364 360 353 348 343 338 333 327 327 326 324 323 319 311 302 295 288 282 278 275 277 283 287 291 293 291 287 282 283 286 291 294 295 298 309 321 330 340 349 358 369 379 386 394 397 397 394 387 381 376 373 370 366 362 358 354 349 343
385 377 369 365 363 361 355 349 346 344 346 349 351 355 361 365 370 381 389 396 401 403 405 406 413 421 428 431 437 440 443 443 428 408 391 378 368 363 362 356 350 344 339 333 327 327 327 324 324 321 314 304 295 288 282 277 274 275 282 286 289 290 289 284 280 282 285 289 292 291 295 306 318 326 336 346 354 365 374 382 387 389 390 389 382 375 370 368 365 362 358 354 350 345 341
383 375 369 365 363 359 354 349 346 342 343 346 348 352 356 362 369 378 386 391 394 396 397 399 407 414 419 423 428 431 434 436 426 407 390 378 368 363 362 357 350 343 337 330 326 325 325 325 324 322 316 306 296 288 283 278 274 273 279 284 287 288 287 282 278 281 284 287 289 288 293 302 314 323 333 343 351 360 369 376 380 382 384 384 379 372 367 363 360 357 353 349 346 342 339
379 372 369 366 363 357 353 349 345 341 340 343 346 351 356 361 368 375 383 387 388 389 389 391 399 407 411 416 420 421 426 427 420 405 389 378 369 365 362 356 350 343 337 331 325 323 323 323 323 323 318 309 299 290 284 278 273 270 276 281 285 286 283 279 276 280 283 285 285 286 291 299 309 321 329 339 347 356 364 370 372 374 377 379 377 372 368 363 357 353 349 345 342 340 337
375 371 369 366 361 355 351 347 343 339 338 342 346 351 357 362 368 373 379 381 381 380 379 384 392 398 403 409 411 413 418 418 412 401 388 377 370 366 362 356 350 345 341 335 327 324 321 319 320 320 317 312 303 294 286 279 273 269 272 278 282 283 279 275 275 279 282 282 282 285 290 296 306 318 326 334 343 352 358 363 364 365 370 373 374 372 369 365 360 354 349 344 341 338 335
374 373 370 366 360 354 350 348 344 340 337 340 345 350 356 361 366 370 373 375 373 370 369 378 386 391 398 404 404 406 409 410 406 398 386 376 370 367 363 357 353 348 343 337 328 325 322 319 316 315 312 309 302 294 286 280 274 269 269 274 278 279 275 271 273 277 280 280 281 284 289 294 302 313 323 331 340 348 352 354 355 356 362 368 371 371 369 367 363 357 351 347 342 338 335
374 374 371 367 360 354 352 350 347 342 336 337 343 348 354 359 363 365 365 366 364 361 363 374 381 386 395 399 396 398 401 403 401 393 383 376 371 368 365 361 357 350 344 337 330 327 326 322 316 312 308 304 297 292 286 281 276 270 268 269 271 274 272 269 271 275 277 277 280 283 287 292 297 306 317 327 335 341 344 345 344 347 356 362 366 368 369 368 365 360 355 350 344 340 336
373 373 372 368 362 356 354 353 350 344 335 334 340 346 351 356 359 360 357 357 355 353 360 370 374 383 391 394 391 393 396 398 396 389 380 375 371 369 369 366 360 353 345 339 334 331 330 326 320 314 312 308 300 295 291 286 282 277 272 269 268 269 269 268 269 272 273 274 278 281 285 289 293 300 310 320 328 333 335 335 334 340 349 354 358 363 367 367 365 362 358 353 347 342 338
369 371 371 368 364 360 358 355 351 345 335 330 336 342 347 352 355 356 352 348 346 348 357 363 370 380 387 389 386 388 392 393 391 386 379 375 372 371 372 369 363 355 348 344 339 336 333 329 323 318 316 314 307 303 299 294 289 285 280 275 270 266 266 267 267 269 270 272 275 279 282 285 289 295 304 313 320 324 324 323 327 335 341 345 350 356 363 365 365 363 360 355 350 344 339
365 367 368 366 365 362 360 356 352 345 335 328 330 337 342 347 350 350 346 340 338 344 352 360 369 378 384 384 381 383 387 389 388 385 380 376 374 374 375 372 365 357 352 349 344 340 337 332 326 321 320 318 313 309 305 300 296 292 289 284 277 270 265 265 265 266 268 270 272 276 279 282 286 292 299 307 312 313 313 317 323 328 331 336 344 350 357 361 363 363 361 357 352 346 341
360 360 361 362 363 363 362 358 354 347 337 329 326 330 336 341 343 343 339 334 335 341 349 358 367 375 380 379 376 379 383 385 386 384 381 378 377 377 377 374 368 361 358 353 348 344 340 334 328 323 323 321 317 313 309 304 302 300 297 293 288 279 269 264 263 264 266 267 269 272 275 279 284 288 294 300 303 305 309 314 318 320 324 331 339 345 351 356 359 361 360 358 353 347 342
355 356 357 360 364 365 364 360 357 351 343 334 325 324 329 333 336 336 332 330 333 338 347 356 365 372 377 375 372 375 378 381 382 381 381 381 380 380 379 376 372 368 365 359 352 347 342 336 330 326 326 323 319 314 310 307 306 304 303 301 297 290 279 268 263 263 264 264 265 267 271 276 281 285 289 292 295 301 307 309 310 313 320 329 335 341 345 349 354 357 358 356 352 347 342
351 354 357 362 366 368 367 364 360 355 348 339 326 320 321 325 328 328 326 327 330 335 343 353 361 368 373 369 367 371 374 376 378 377 380 382 383 381 379 378 375 372 370 365 358 351 345 338 332 329 327 323 320 315 311 308 305 304 305 305 302 297 290 280 270 264 262 262 263 263 267 271 277 282 284 283 289 297 302 302 302 307 317 325 331 335 340 344 349 352 354 353 349 345 341
349 353 358 363 367 370 371 368 363 358 352 342 330 321 317 319 321 320 321 324 328 331 337 346 355 364 367 363 362 366 370 372 373 373 378 383 383 381 379 379 376 375 374 369 363 355 348 340 334 332 328 323 320 316 311 307 304 303 304 306 306 303 298 291 282 271 264 261 261 261 263 266 271 277 279 279 285 291 295 295 296 301 310 318 324 330 335 339 344 347 349 349 347 343 339
348 352 357 362 367 370 375 372 367 361 354 346 335 324 318 315 315 315 318 322 324 327 332 337 345 357 362 358 357 363 366 368 368 369 377 384 384 380 378 377 376 376 376 372 366 359 350 343 338 334 329 323 319 315 311 309 307 304 303 305 307 306 303 298 291 281 271 263 260 260 260 262 266 270 274 277 282 286 290 290 292 296 302 310 317 323 329 335 339 343 345 345 345 341 337
346 350 355 360 364 368 374 375 371 365 357 349 339 329 321 315 310 311 315 319 321 323 325 328 338 350 355 352 353 359 363 364 364 368 378 385 382 377 376 375 374 376 375 372 367 360 352 346 341 335 328 321 317 315 313 312 310 308 303 303 306 306 305 301 296 288 281 271 264 260 259 260 263 265 268 274 279 283 287 287 289 293 297 302 309 316 323 330 335 340 342 342 341 338 335
341 346 351 354 358 363 370 374 373 369 361 351 342 332 324 317 309 307 311 315 318 319 320 324 335 344 348 346 348 355 359 359 362 369 379 384 379 373 372 371 370 373 372 369 365 360 355 348 341 333 326 320 317 315 314 313 312 311 306 302 303 301 300 297 295 290 285 278 271 265 260 258 260 260 263 270 275 279 281 284 287 291 295 299 304 311 318 324 330 334 337 338 337 335 333
336 340 344 347 353 359 367 372 373 372 365 355 344 334 326 319 312 306 305 311 315 315 317 323 332 339 342 339 341 350 352 355 361 370 377 380 375 368 366 364 363 366 365 362 359 357 354 348 341 333 327 322 318 316 316 314 313 312 308 302 298 296 294 291 289 286 282 278 274 269 262 258 258 258 261 267 269 272 276 281 285 289 293 297 302 308 315 319 324 327 330 334 334 334 333
330 332 336 342 349 356 363 369 371 372 369 359 346 335 326 321 315 308 301 305 308 311 315 322 329 334 335 331 335 344 347 352 360 369 377 380 374 364 359 355 353 355 356 353 350 351 351 348 343 335 330 325 321 317 317 315 314 313 310 304 299 295 293 289 286 282 278 275 272 268 262 258 258 257 260 264 265 268 273 278 282 286 291 295 300 305 312 316 318 319 324 331 334 335 335
323 325 329 339 346 352 358 362 366 370 370 362 348 335 326 321 316 310 301 298 301 307 314 320 324 328 328 325 329 337 342 350 360 370 380 380 370 358 349 344 343 346 346 342 342 345 346 347 343 337 332 326 322 319 318 316 315 313 311 306 303 300 297 293 287 284 281 277 272 267 261 257 257 257 258 260 263 267 271 274 279 284 289 294 297 302 307 310 310 315 322 331 336 337 337
315 319 326 336 343 347 352 355 360 366 369 364 349 336 326 321 316 311 302 293 296 305 312 316 319 322 321 320 323 330 340 352 364 374 380 376 365 352 340 333 333 337 337 332 332 338 341 342 340 336 331 324 321 321 319 318 317 315 312 308 308 307 303 298 291 287 284 280 275 269 262 256 256 256 256 257 261 263 266 269 276 282 287 292 295 298 301 303 305 314 323 332 337 339 339
307 315 323 331 338 341 344 350 357 363 365 362 351 337 326 321 316 311 304 294 293 301 307 311 314 316 315 314 319 329 343 355 367 377 377 369 358 345 332 322 322 327 327 321 322 330 335 336 335 332 326 319 317 320 321 320 318 317 313 310 310 311 309 303 294 289 285 282 276 271 263 256 256 256 256 256 257 259 263 267 272 279 285 289 291 293 295 297 302 314 323 332 338 340 342
297 307 315 324 330 333 338 346 353 358 362 361 352 339 328 321 316 311 305 295 291 296 302 307 310 311 309 311 318 331 345 356 369 378 373 361 349 337 324 312 311 316 315 309 312 320 326 328 327 323 317 311 314 320 322 319 319 317 313 310 310 314 313 306 298 291 286 282 276 271 264 255 255 255 256 256 256 257 263 268 272 277 282 285 287 290 292 295 302 314 323 331 338 341 344
287 295 304 313 319 325 334 341 348 354 358 359 351 339 328 322 316 311 305 294 288 292 297 302 305 304 304 310 318 330 343 357 369 378 370 354 341 330 318 305 302 304 303 300 303 310 315 317 316 312 306 304 311 316 318 315 317 316 313 308 308 313 315 309 299 291 285 280 274 270 264 256 255 255 255 255 255 257 264 271 275 278 281 283 285 288 292 297 304 314 323 330 338 343 346
284 286 292 301 308 318 329 335 342 349 354 356 349 337 327 321 316 311 305 294 286 287 293 297 299 298 301 308 315 326 340 355 368 376 367 349 334 322 311 300 295 296 294 293 296 301 304 305 304 299 294 298 305 309 309 308 311 312 310 303 302 309 312 307 296 287 280 277 273 269 262 256 255 255 254 254 255 258 265 273 278 282 284 285 286 289 294 299 306 314 323 331 338 344 349
289 283 284 289 300 313 324 329 336 343 348 351 346 333 324 319 314 308 303 293 284 284 289 292 292 294 299 305 311 322 336 352 365 371 362 344 329 316 305 295 289 289 287 287 290 292 293 293 292 287 284 290 296 299 298 298 302 304 303 296 294 300 303 299 290 279 273 273 271 268 262 255 254 254 254 254 256 260 267 274 281 285 289 290 291 291 294 299 307 316 324 331 339 346 351
295 284 280 282 293 307 317 323 330 336 341 345 341 330 323 317 311 303 297 290 282 281 286 287 289 291 295 300 307 317 331 347 362 368 357 338 323 312 301 291 286 283 280 281 283 284 285 285 283 277 276 280 285 287 285 288 290 291 292 286 285 289 292 289 280 270 266 270 270 267 261 255 254 254 253 254 257 263 270 275 282 287 292 294 295 295 295 299 308 318 325 333 340 347 353
297 288 281 280 286 300 310 317 324 329 333 337 334 326 321 315 308 301 292 285 280 279 282 283 286 289 291 296 303 314 327 343 358 363 346 325 314 306 298 290 283 278 274 274 276 276 275 275 273 269 269 272 274 274 274 278 279 280 280 276 277 281 282 279 272 263 262 266 268 265 260 255 253 253 252 253 258 266 272 277 284 289 294 298 300 300 299 300 308 319 327 334 342 349 355
297 290 282 279 281 291 302 311 317 319 324 329 327 321 315 310 304 299 291 285 283 280 280 280 283 286 288 293 302 313 326 340 353 357 337 316 303 296 292 287 281 274 268 268 269 268 267 267 266 263 263 266 266 264 266 268 269 270 269 267 270 273 273 271 265 258 259 262 265 264 260 255 253 253 251 252 259 268 274 280 286 291 296 302 305 307 305 304 309 320 329 336 343 351 356
298 291 283 278 278 284 294 303 307 311 316 321 318 313 307 303 299 295 291 287 285 282 280 279 280 283 286 293 302 313 325 337 348 349 332 313 300 291 285 282 277 271 265 264 263 262 261 260 260 257 258 260 260 258 260 261 262 262 261 260 263 265 266 264 259 254 255 259 261 261 258 254 253 253 251 252 259 269 277 282 288 293 299 306 311 313 312 310 312 321 330 338 345 353 358
305 295 285 278 275 278 286 292 296 302 308 310 307 302 298 295 293 291 289 286 284 281 279 277 278 282 286 291 299 311 323 334 342 341 327 311 300 290 283 278 273 268 263 261 260 258 257 257 255 252 252 254 254 254 256 258 259 258 256 255 257 258 259 258 253 251 252 254 256 256 255 252 251 252 251 252 259 269 277 283 288 295 302 309 314 316 317 316 316 321 330 339 348 356 361
312 301 290 281 276 275 278 282 287 293 297 297 296 292 290 288 287 286 285 284 281 279 278 275 276 281 284 289 296 305 317 327 332 329 318 307 297 289 283 278 271 266 262 260 259 257 256 255 253 251 250 250 250 251 252 254 255 254 253 252 253 254 255 254 251 250 250 251 253 253 252 251 251 251 251 253 259 268 276 281 287 294 302 310 315 318 320 321 321 322 329 339 350 359 364
315 305 295 287 280 275 274 275 279 283 285 286 286 284 282 281 280 279 279 280 278 277 276 274 274 278 281 284 291 298 306 314 316 312 306 299 292 286 281 276 269 264 260 258 257 256 255 254 253 251 249 249 249 249 249 251 252 251 250 251 251 251 252 251 250 250 250 250 251 251 250 249 250 250 251 252 259 268 274 277 282 288 298 308 314 319 321 324 326 327 330 338 350 360 365
317 310 303 296 289 282 276 274 274 275 276 277 277 276 274 273 272 271 272 274 273 272 273 272 271 274 277 279 284 289 293 297 298 296 294 291 287 281 276 270 264 260 258 256 255 254 253 252 252 250 249 248 248 247 247 248 249 249 249 249 249 249 249 249 249 249 248 248 248 248 248 248 248 249 249 252 259 266 271 272 275 282 292 304 312 318 322 326 329 333 335 340 351 360 367
320 318 314 309 303 295 287 280 275 273 273 273 272 272 270 270 269 268 268 269 268 268 268 269 268 270 272 273 275 277 280 282 283 283 283 281 278 274 268 264 259 257 255 252 252 252 252 252 251 251 250 249 248 246 246 246 247 247 247 247 248 248 248 248 248 248 247 246 245 245 246 247 247 247 249 253 259 264 266 268 271 279 289 301 310 317 323 327 332 339 342 347 352 362 370
324 324 322 319 314 308 301 292 284 279 277 275 274 274 276 276 274 272 271 269 266 265 265 266 266 267 268 267 267 267 269 270 271 271 271 271 268 266 261 258 256 255 254 254 254 255 255 255 255 255 254 252 250 247 246 246 246 245 246 246 246 247 247 247 247 247 247 246 245 245 246 246 245 246 249 252 257 260 263 266 272 280 289 298 309 316 323 328 335 342 349 355 359 366 373
327 328 327 325 322 318 314 307 298 291 287 282 283 285 288 289 287 284 281 276 270 266 264 263 264 264 265 264 263 262 262 262 261 261 261 261 260 259 257 256 257 258 259 261 263 265 264 263 263 261 260 258 256 252 250 247 246 245 245 245 245 246 246 246 246 246 246 245 245 245 245 245 245 247 248 250 254 257 260 266 272 281 289 297 307 316 323 330 338 346 356 364 368 373 378
331 332 332 330 328 326 323 319 312 305 298 294 295 299 302 303 302 299 295 288 281 275 269 264 263 263 262 262 261 259 259 258 257 257 258 258 258 258 261 263 266 268 269 272 274 275 274 272 270 267 266 263 260 257 253 250 248 246 245 245 244 245 245 245 245 246 246 245 245 245 243 245 246 250 251 253 254 257 260 264 271 279 287 296 306 315 323 330 340 351 362 371 375 379 383
334 335 336 336 334 333 331 327 322 315 308 305 308 310 312 313 313 311 308 302 294 285 275 271 270 267 263 262 261 260 259 258 257 260 261 262 263 266 271 274 276 279 282 284 285 284 282 279 276 272 269 266 262 259 254 251 248 246 246 245 244 244 244 244 245 245 245 244 243 243 243 246 250 254 257 259 261 262 263 264 268 277 286 294 304 314 322 331 342 354 365 373 379 383 386
337 337 339 340 340 339 337 334 329 322 315 313 317 321 322 322 321 319 316 312 303 293 284 283 281 277 269 268 267 265 264 263 262 266 269 271 274 278 282 285 288 291 293 294 294 291 288 283 279 275 271 267 263 258 254 250 246 245 245 245 244 243 243 243 243 243 243 243 242 243 246 250 254 258 262 265 267 269 270 270 270 275 283 292 302 312 321 331 344 355 364 372 379 383 388
340 340 342 343 343 343 342 340 334 325 318 317 324 328 329 327 325 322 319 316 307 299 296 295 292 286 279 279 279 276 274 273 272 277 280 282 285 288 292 296 298 300 300 299 298 296 291 286 281 277 272 267 262 256 251 248 245 244 244 244 244 243 242 242 241 241 241 241 243 246 251 255 259 263 267 270 274 277 278 278 277 277 282 289 299 310 320 330 342 353 361 368 375 382 387
