geo_cache/1-4/elevation.txt
ncols         934
nrows         918
xllcorner     -72.75555555555555
yllcorner     42.752
cellsize      1.0E-5
NODATA_value  -9999
[rows 0 to 41 of 918, columns 190 to 284 of 934]
320 321 323 323 322 320 320 321 321 317 313 311 308 302 297 292 287 282 278 272 265 259 253 249 249 250 250 247 246 246 243 241 239 237 237 239 242 243 243 244 244 241 237 234 232 232 234 234 233 231 228 230 235 241 249 256 262 271 277 282 289 298 310 322 336 353 365 375 383 388 390 392 393 393 391 382 372 363 355 345 334 324 319 316 312 310 311 312 312 308 302 293 284 275 265
317 318 320 318 317 316 318 319 319 317 313 310 306 301 296 293 289 285 281 274 264 259 254 250 250 252 253 252 250 250 248 247 246 242 241 246 250 251 252 254 253 251 247 245 244 244 244 243 241 236 231 226 226 231 238 247 256 262 268 274 279 288 301 316 330 347 362 371 379 384 386 387 388 388 382 371 360 351 343 335 328 321 316 311 307 306 308 312 312 306 297 289 282 273 261
314 315 316 315 313 314 317 318 318 316 313 309 305 300 296 293 289 285 281 273 264 258 254 251 252 255 255 255 254 255 254 254 253 251 250 251 254 257 259 261 261 259 256 255 254 253 252 249 246 242 236 228 221 222 228 237 247 255 262 264 268 279 295 310 323 339 355 366 372 377 380 380 382 381 374 364 356 346 335 328 322 317 312 307 304 303 305 310 310 303 293 285 278 268 255
311 312 313 312 310 311 315 317 317 314 311 308 303 298 295 292 288 285 278 269 262 256 254 254 255 258 259 259 260 261 260 260 260 259 258 257 257 259 260 261 262 261 260 259 257 257 255 253 249 245 238 229 221 216 221 229 238 246 251 254 262 275 288 301 314 328 345 356 362 367 371 371 373 373 368 363 354 344 334 326 320 317 313 307 301 299 302 307 307 299 289 281 273 263 250
307 309 309 308 309 311 313 315 314 312 309 305 301 297 294 291 285 279 272 264 258 255 256 258 259 261 263 265 265 266 266 266 267 267 265 264 262 261 260 259 257 256 256 256 256 256 256 254 251 247 239 229 220 214 217 223 230 236 239 245 257 269 280 291 303 318 331 341 348 355 359 360 364 367 366 360 351 343 334 326 321 319 314 306 299 295 298 304 303 294 284 277 271 262 249
302 303 305 305 306 309 311 312 311 309 306 302 298 296 293 289 282 273 265 258 256 258 259 261 264 267 270 272 272 272 273 273 273 273 271 269 266 264 263 260 258 257 255 253 251 250 251 251 251 247 241 229 218 213 213 217 223 226 230 240 251 261 270 281 292 306 317 327 335 341 344 347 353 358 358 354 347 342 335 327 324 320 314 305 297 290 292 299 298 291 284 278 271 262 250
294 297 301 303 305 307 309 309 308 306 303 299 296 294 292 288 282 273 263 257 258 261 263 266 270 274 276 277 277 278 278 278 278 278 278 276 273 271 269 267 263 260 257 254 251 250 248 246 246 246 240 229 218 212 211 214 216 218 225 234 243 253 261 270 281 293 303 313 322 328 328 332 340 346 349 348 346 342 336 331 326 320 312 302 294 286 287 293 296 293 287 278 270 259 248
288 295 299 301 303 304 305 304 303 301 299 297 295 292 289 285 279 272 262 258 260 264 267 272 276 280 282 283 284 284 284 285 286 286 286 285 282 279 277 275 271 265 261 259 257 254 251 247 242 240 237 229 220 213 210 211 212 215 221 228 236 244 252 260 271 282 292 301 310 315 313 317 330 336 340 344 347 343 338 333 327 319 308 299 291 283 284 290 295 293 287 276 265 254 243
285 290 294 296 298 299 299 299 298 297 296 295 293 290 286 281 273 267 261 260 263 267 272 278 283 287 289 290 290 290 291 291 293 294 296 296 294 291 288 285 280 275 271 267 264 260 256 249 243 238 234 229 222 214 210 209 209 211 217 223 229 235 242 250 261 271 283 292 298 304 302 306 316 326 333 342 348 349 342 333 325 315 304 295 287 279 280 289 294 292 283 271 260 249 238
281 285 288 290 292 294 295 295 294 294 293 292 290 288 284 276 267 262 261 262 266 270 278 284 291 295 297 297 297 297 298 299 301 304 307 306 304 302 298 294 291 287 283 278 272 267 261 252 245 239 234 230 225 219 212 209 207 207 210 217 223 228 234 241 252 262 272 282 289 293 293 297 305 315 328 338 347 349 342 331 322 310 300 291 282 275 278 287 293 289 278 266 255 244 234
278 280 281 283 287 288 288 288 287 286 285 285 284 283 279 272 264 261 261 263 267 274 283 291 298 302 304 305 306 307 310 314 320 324 324 320 316 312 308 304 302 298 294 288 282 274 264 255 246 240 234 231 229 224 218 212 207 204 204 209 216 222 228 234 245 255 263 270 278 282 280 286 300 312 325 334 342 346 338 327 317 305 296 287 278 272 277 286 290 284 272 261 250 240 231
277 277 277 279 280 280 280 279 278 277 276 276 275 275 272 267 261 261 262 266 270 279 289 299 305 309 311 312 316 321 327 332 335 336 335 330 325 321 318 315 310 306 301 296 288 277 267 259 250 242 235 230 230 228 223 217 212 206 203 203 208 215 223 230 239 248 255 262 267 268 271 283 297 308 319 329 336 339 333 323 311 301 291 282 272 269 274 283 286 278 266 256 246 236 231
276 276 276 275 274 274 274 273 272 270 269 268 268 266 264 263 262 262 265 270 278 288 298 306 311 314 317 320 325 332 339 344 345 343 340 336 333 331 328 322 316 311 307 301 292 283 274 264 254 244 237 231 228 227 225 223 218 212 205 201 203 211 220 227 234 243 250 256 261 261 267 278 291 302 313 322 327 331 326 318 306 295 285 276 268 263 268 276 279 272 261 252 243 235 230
276 275 275 274 273 272 271 271 270 268 268 268 268 267 265 263 264 266 270 279 290 299 306 312 315 318 322 327 334 343 351 353 352 349 344 342 342 340 336 328 321 315 310 305 297 288 278 265 255 246 239 232 228 224 224 223 223 217 207 201 202 208 216 224 231 238 244 249 253 253 261 272 284 295 304 311 317 323 321 311 299 289 280 272 263 256 259 268 272 266 257 249 240 233 227
275 275 274 273 273 272 271 271 270 272 275 277 275 273 271 268 269 273 279 288 299 307 313 317 320 323 327 334 344 354 360 361 358 354 352 352 350 347 342 333 324 318 314 309 302 291 280 268 259 250 241 233 228 223 220 221 223 219 210 202 199 204 211 219 226 232 238 243 247 245 252 266 277 286 292 298 307 315 312 302 292 282 273 266 257 250 252 260 265 260 253 244 236 229 222
276 275 274 274 274 275 277 279 281 283 285 285 284 281 279 274 274 280 288 296 305 314 320 324 327 329 334 343 353 363 369 370 365 361 361 360 357 353 345 336 328 322 317 312 304 294 283 272 262 252 242 234 228 223 219 217 218 218 213 205 199 199 205 212 221 227 233 239 243 239 243 257 268 275 280 287 299 308 304 294 284 275 267 259 252 246 247 254 259 257 249 240 231 224 218
277 276 277 279 281 283 286 288 289 290 292 293 292 290 288 284 282 287 296 304 314 322 328 332 335 338 344 353 362 371 376 378 375 373 373 371 365 358 350 342 335 327 321 314 307 298 286 275 263 252 242 235 230 225 221 217 214 212 211 206 201 197 199 205 214 223 230 235 237 236 240 251 257 263 272 283 295 302 296 285 275 267 259 254 248 242 241 248 255 253 245 235 227 220 214
282 281 281 284 287 290 292 294 296 298 300 301 301 300 297 294 293 294 302 315 325 331 336 341 345 350 355 362 370 377 384 387 387 386 384 379 373 365 357 350 343 333 324 316 309 300 288 275 264 254 247 242 237 230 225 221 216 212 209 206 202 196 195 199 208 217 225 230 230 232 238 244 245 255 268 281 292 296 289 277 268 263 258 254 247 240 236 242 248 249 240 230 223 217 210
288 286 285 287 290 293 297 300 302 304 306 308 309 307 305 304 305 307 314 325 332 338 343 348 353 358 363 370 377 384 393 397 398 398 393 386 379 372 364 355 347 339 329 320 311 301 289 276 268 261 256 252 246 239 232 225 220 215 211 206 201 197 195 196 203 212 220 223 225 230 235 237 242 253 266 278 288 291 283 272 266 264 261 254 247 239 233 235 242 243 235 226 220 213 206
293 292 291 290 292 295 300 305 308 310 312 313 314 313 311 310 315 321 326 331 337 343 348 354 359 364 370 376 384 393 404 410 411 408 402 394 386 378 369 359 351 344 336 325 313 303 292 283 278 271 265 261 255 248 239 231 225 219 213 209 204 199 195 195 200 207 213 215 220 228 231 232 240 251 261 272 282 286 280 274 272 267 261 253 245 237 230 229 235 237 229 223 216 209 202
298 298 298 297 296 297 300 307 312 314 316 317 318 318 317 317 323 330 333 336 341 347 354 361 365 370 376 384 394 405 415 420 419 414 408 400 392 384 374 363 354 348 340 329 318 310 302 295 288 281 276 270 264 256 247 238 230 225 218 212 208 202 196 195 197 202 204 209 217 223 226 230 237 243 250 263 276 283 282 279 274 267 259 250 241 235 228 224 230 231 225 219 212 204 197
305 305 305 304 304 302 303 308 314 317 319 321 322 323 323 323 328 335 339 342 345 350 358 365 370 376 384 395 406 417 425 426 423 417 412 405 398 388 378 366 357 350 343 334 326 319 313 305 298 292 287 280 271 263 255 245 236 229 223 217 211 205 199 195 194 195 197 205 213 217 219 227 231 235 245 257 270 279 283 279 272 264 255 246 238 232 225 221 227 227 221 215 208 200 193
312 311 311 311 310 309 308 309 315 321 323 326 328 329 329 328 333 341 346 349 351 355 363 370 376 384 395 409 420 428 433 431 426 420 415 409 402 392 381 370 360 352 346 340 333 326 320 314 307 301 294 287 278 270 263 254 244 235 228 222 215 207 200 196 193 191 193 200 206 209 215 223 225 232 242 254 264 275 280 276 268 260 251 242 236 229 222 218 223 223 218 211 203 195 187
319 318 317 317 317 316 316 316 316 321 327 333 336 337 336 334 338 346 352 356 360 363 368 376 384 396 410 422 431 436 436 432 428 421 416 411 404 396 385 374 364 358 352 346 340 332 325 319 314 307 299 291 284 276 269 262 253 242 233 226 218 210 202 197 194 192 190 193 197 203 212 217 220 230 240 251 260 270 275 271 265 256 247 240 233 227 219 215 219 219 214 208 198 189 181
327 325 324 323 323 323 323 323 323 325 331 338 342 343 343 342 344 352 360 365 370 373 376 383 397 413 425 434 439 439 436 432 427 421 415 411 406 398 388 379 371 365 358 352 345 338 329 323 317 311 304 296 289 282 274 268 261 251 239 231 223 213 205 198 194 192 190 188 190 200 207 209 217 227 236 247 255 263 269 267 261 252 244 237 230 223 216 212 216 215 210 203 193 184 178
334 332 331 330 330 330 330 331 331 332 336 344 349 351 352 352 353 360 368 374 378 382 389 400 414 427 436 441 441 439 435 431 426 420 415 411 406 402 396 389 382 375 366 358 350 343 335 327 320 314 308 300 294 287 280 273 267 259 247 236 227 216 206 199 194 191 190 188 189 196 201 204 213 222 231 241 249 257 262 263 257 248 241 235 228 221 212 209 212 210 205 198 188 181 178
343 341 339 338 339 339 340 340 340 341 345 350 357 362 364 364 364 368 375 381 389 399 409 418 427 435 440 442 441 439 436 431 426 421 418 414 410 408 405 400 392 384 375 365 356 348 340 331 323 317 311 304 298 292 285 277 270 262 253 242 230 218 207 200 195 192 190 188 188 191 195 201 208 215 225 234 243 252 258 259 253 245 238 233 227 219 210 205 205 203 199 192 183 179 178
353 350 349 349 350 351 351 351 351 351 356 360 366 371 375 376 377 380 387 397 408 419 426 429 434 440 443 442 441 439 436 432 429 426 423 419 415 414 412 408 400 391 382 372 362 354 346 337 328 320 315 309 302 296 290 282 272 262 254 244 233 222 211 203 198 194 191 188 187 188 192 198 203 209 218 227 237 246 252 254 249 242 236 231 224 216 208 200 197 196 192 186 180 179 181
362 360 360 360 361 363 364 363 362 362 367 372 375 379 383 385 389 397 407 416 424 429 435 436 439 442 443 442 440 438 436 432 429 426 423 421 418 415 413 409 402 394 387 377 368 359 349 341 333 324 318 312 306 299 292 283 272 263 254 245 237 228 218 209 201 196 191 188 186 185 189 195 200 204 209 220 230 240 247 250 246 239 233 227 221 214 207 198 191 188 186 181 179 180 183
372 371 372 373 374 375 377 377 377 377 380 383 386 388 393 398 404 414 425 430 431 434 437 440 442 443 443 441 439 437 434 431 428 425 423 420 417 415 412 408 401 394 386 379 369 360 350 342 335 327 319 313 306 300 293 284 273 264 257 250 243 233 223 214 204 197 191 188 185 184 187 192 197 199 200 210 221 233 242 246 243 237 230 224 217 210 202 195 188 184 182 179 180 183 186
380 381 383 385 387 389 391 391 390 390 392 394 396 400 405 411 417 426 433 437 437 435 436 438 441 441 440 438 437 435 432 429 425 423 420 418 415 412 409 404 397 390 384 379 370 361 353 345 337 329 321 314 308 302 296 289 279 269 261 254 247 238 227 218 208 199 193 188 184 183 185 189 193 195 195 201 213 226 236 242 240 234 227 220 212 204 197 192 186 181 178 179 181 185 188
392 393 395 397 399 400 401 401 401 401 402 405 409 414 419 426 432 436 440 441 440 437 436 436 438 438 436 435 434 432 430 426 422 419 417 414 412 409 405 398 392 386 382 379 374 368 359 351 343 334 326 318 312 307 301 295 287 276 266 259 251 243 232 222 212 202 196 191 185 183 183 186 190 192 192 195 206 219 230 237 238 232 224 216 207 199 193 187 183 179 178 179 183 187 190
401 403 405 406 407 408 409 410 411 411 414 418 426 433 439 443 446 447 446 444 440 438 436 436 436 435 434 431 430 429 426 422 419 416 413 411 408 404 399 393 388 383 382 380 378 374 366 357 348 339 331 325 320 314 307 299 292 282 272 263 255 246 237 226 216 207 200 194 188 184 182 183 186 190 190 190 200 213 223 231 233 229 220 210 202 195 190 185 181 178 177 180 184 187 190
411 414 415 416 417 418 420 422 423 425 431 439 445 449 453 455 454 452 449 445 440 437 435 435 433 432 429 427 425 425 423 419 415 412 409 406 403 399 394 389 383 382 382 382 379 377 371 363 354 346 339 334 328 320 312 303 296 288 278 268 259 250 242 231 221 214 205 198 193 187 182 181 183 185 185 186 194 205 214 222 228 224 215 206 199 193 187 182 179 176 176 181 185 187 189
424 428 429 429 429 431 434 439 442 444 448 452 456 458 459 459 455 452 449 444 440 436 432 430 429 428 425 422 421 421 419 415 411 407 404 402 398 394 390 385 381 381 382 381 379 379 375 368 360 354 349 343 334 325 316 307 299 292 283 273 263 255 245 235 227 220 210 202 196 190 185 181 180 181 181 183 188 196 205 214 221 219 211 203 196 190 185 180 176 173 176 181 185 186 188
437 441 442 442 442 443 447 452 453 453 455 458 460 462 462 459 455 452 448 443 439 435 430 426 423 421 419 416 418 418 416 412 407 402 400 397 394 391 387 380 377 379 380 380 379 378 376 371 366 363 356 349 340 330 320 311 303 295 288 278 269 259 249 239 230 223 215 205 199 194 188 183 180 178 178 180 184 189 198 208 212 211 206 200 194 188 184 180 174 173 176 180 184 186 188
449 451 453 454 454 455 456 458 458 458 459 461 462 463 461 457 454 450 446 441 437 433 429 423 418 415 413 413 415 415 413 408 402 398 395 392 390 387 382 377 375 377 379 379 378 377 376 374 373 370 362 353 345 336 325 316 307 299 291 283 274 263 253 243 232 226 218 208 201 196 191 186 181 178 178 179 182 186 195 203 206 205 202 197 192 188 184 179 173 173 176 180 184 187 189
456 460 461 463 464 465 464 462 460 460 460 461 462 462 458 454 450 446 442 437 433 430 426 421 416 410 408 410 411 411 407 403 397 392 390 388 385 382 378 374 372 375 377 377 376 375 375 376 377 374 367 358 350 341 331 320 311 303 295 287 278 267 257 246 235 227 221 212 204 199 194 187 181 177 177 178 180 185 192 199 201 200 197 193 190 187 183 178 173 173 177 181 185 188 190
468 472 473 472 470 468 465 462 459 459 458 459 459 458 454 450 446 441 437 433 430 426 422 418 413 407 404 406 407 405 402 398 393 387 385 383 382 379 375 371 368 370 371 371 371 373 375 377 378 376 370 363 354 346 336 326 315 307 299 291 282 271 261 249 238 229 223 215 206 200 194 187 181 176 176 177 179 182 188 194 197 196 194 191 188 186 182 176 173 173 178 183 187 189 191
480 479 476 473 470 467 463 460 458 457 456 456 456 454 450 446 441 436 432 428 424 420 417 414 410 405 401 401 401 399 397 393 387 382 382 381 381 379 376 371 367 365 366 367 370 373 375 378 379 377 373 366 358 350 341 331 320 310 302 294 286 275 264 253 240 231 224 216 208 201 195 187 180 175 174 176 178 181 185 189 192 192 190 188 186 184 179 174 173 174 180 185 188 190 192
481 478 475 471 467 463 459 455 453 452 450 449 449 448 446 442 437 431 427 423 419 416 412 408 405 402 399 396 395 393 390 386 382 380 380 381 381 380 376 372 366 361 360 363 369 372 375 378 379 379 375 370 362 354 345 335 325 315 306 298 290 279 268 257 245 234 225 218 209 201 195 187 180 175 173 175 177 178 181 185 188 188 187 185 184 181 177 173 173 176 183 187 189 191 193
479 475 471 467 464 459 454 449 446 446 444 443 444 443 442 439 434 430 427 424 421 417 413 409 406 403 400 395 392 388 383 380 378 378 380 382 383 381 376 371 366 358 354 360 367 371 374 377 379 379 377 373 365 357 348 339 330 319 310 302 294 284 273 261 249 237 227 219 209 201 195 187 180 175 173 174 175 177 180 182 184 185 183 181 180 178 174 172 173 178 184 188 190 192 195
