geo_cache/1-4/elevation.txt
ncols         934
nrows         918
xllcorner     -72.75555555555555
yllcorner     42.752
cellsize      1.0E-5
NODATA_value  -9999
[rows 84 to 125 of 918, columns 190 to 284 of 934]
430 430 429 427 424 421 416 412 407 403 398 394 390 386 382 378 374 371 367 363 358 353 346 338 332 328 323 319 318 318 316 313 311 308 303 297 292 286 281 281 281 283 284 284 281 276 271 265 259 253 246 240 235 231 226 220 214 206 200 194 187 180 174 169 166 165 164 163 161 160 160 161 161 161 159 157 155 154 154 160 170 180 187 191 196 203 211 217 222 227 235 242 246 242 228
428 428 427 426 423 419 415 410 406 402 397 393 388 385 381 377 373 369 366 362 358 354 349 343 335 330 321 314 309 308 308 305 302 301 297 292 288 283 282 282 283 285 286 286 284 278 273 268 262 256 251 245 240 237 231 225 219 212 203 196 189 180 173 168 166 164 163 163 161 159 158 160 161 160 157 155 154 154 157 166 175 185 191 195 198 203 209 216 221 226 232 240 244 237 221
425 425 425 424 421 418 414 409 405 400 396 391 387 383 379 375 370 367 363 359 356 354 350 345 338 330 321 312 305 302 300 296 294 293 292 289 286 283 283 284 286 287 289 289 286 281 276 271 266 260 254 249 245 242 236 230 223 217 207 198 190 181 174 168 165 162 162 162 161 159 156 158 159 157 155 154 154 154 160 171 180 189 195 198 203 206 209 215 219 223 229 235 237 225 210
422 422 422 421 419 416 412 408 404 399 394 389 384 381 378 375 369 365 362 358 355 353 349 344 338 330 322 314 307 302 298 294 293 290 288 287 285 284 284 287 288 290 291 291 288 283 279 274 269 264 258 254 249 246 241 234 227 220 210 200 192 182 175 169 164 161 161 161 161 158 155 155 155 155 153 153 153 156 164 175 185 192 197 202 208 211 212 216 217 220 223 228 224 211 198
418 418 418 417 416 415 411 407 403 398 393 388 384 380 377 374 369 365 362 358 355 352 349 345 339 334 327 319 311 305 299 295 293 290 287 286 285 285 286 289 291 293 294 293 290 286 282 278 273 268 262 258 254 250 245 238 230 223 212 202 193 183 176 170 165 161 160 160 160 157 155 153 152 152 151 152 154 160 169 179 188 194 200 206 212 216 217 217 215 215 217 217 209 197 188
414 415 414 414 413 412 409 405 402 398 392 387 383 380 376 373 369 365 361 357 354 351 349 345 341 336 330 322 314 306 300 294 292 289 287 286 285 285 287 291 294 296 297 296 293 289 286 282 278 272 266 261 257 253 248 241 233 223 212 202 194 184 176 171 165 161 160 159 159 157 154 150 149 149 151 154 157 163 174 183 191 197 203 210 215 219 221 220 214 209 206 203 196 186 178
410 411 411 410 410 409 406 403 399 395 390 385 382 379 376 373 368 364 360 357 353 351 349 345 340 335 330 322 315 308 300 294 292 288 286 286 286 287 290 294 297 300 301 298 294 292 288 283 280 276 269 263 258 254 249 242 234 223 212 202 193 184 176 171 165 161 160 159 157 157 154 149 149 149 152 155 159 168 177 186 193 200 208 214 219 223 224 222 213 202 196 192 187 180 172
407 409 410 410 409 408 405 402 398 394 389 384 381 379 375 372 368 363 360 356 352 350 348 344 339 335 330 323 315 308 301 295 292 288 287 286 287 289 292 296 299 302 302 299 295 292 288 284 281 277 270 264 258 254 249 242 234 223 211 201 193 185 176 171 165 161 160 158 157 156 153 149 149 150 153 156 160 169 179 187 194 201 209 216 221 224 225 222 213 200 191 187 183 178 170
400 402 404 404 405 404 403 400 397 392 387 382 380 378 375 371 367 363 359 356 352 349 347 343 338 334 330 323 316 310 302 295 292 289 288 289 292 294 297 301 303 305 305 302 299 294 291 287 283 278 272 264 259 254 249 242 233 223 210 201 193 185 177 171 165 162 160 158 155 154 152 149 149 150 154 157 162 172 181 188 196 204 212 218 223 226 227 223 213 199 186 179 176 172 168
392 395 397 399 400 399 399 398 395 391 385 381 379 377 374 370 366 362 358 355 351 348 345 343 338 334 330 323 316 309 302 296 292 290 292 294 297 299 303 305 307 308 308 305 302 297 292 288 284 279 273 264 259 253 247 241 232 222 209 200 193 185 177 171 166 162 160 157 155 152 150 149 149 151 155 159 165 175 183 190 199 207 215 221 226 229 229 224 213 199 186 176 169 166 163
389 388 390 392 393 394 394 394 392 390 385 380 377 375 372 368 365 361 357 353 350 347 345 341 337 334 329 322 316 309 302 298 294 293 296 299 302 305 308 310 311 312 311 308 304 299 294 289 284 280 273 264 258 252 245 237 228 218 207 199 192 185 177 171 166 162 160 157 153 149 149 149 150 152 155 160 167 176 184 192 201 211 217 224 229 232 232 226 213 199 187 176 165 159 157
391 386 384 383 385 387 389 388 387 385 382 377 375 373 370 366 362 359 356 352 349 346 344 341 337 334 328 321 316 313 307 303 299 298 301 305 307 311 313 315 316 315 314 311 307 302 296 290 284 279 272 263 256 250 242 232 222 212 203 195 189 183 176 170 166 162 159 156 152 148 148 149 151 153 156 161 167 176 185 194 204 213 220 227 232 236 234 226 212 199 186 176 164 155 151
395 390 384 378 376 379 381 382 382 380 378 375 373 371 368 364 360 356 353 350 347 346 344 341 338 334 329 325 321 317 313 308 304 303 305 309 312 316 319 321 321 319 317 313 309 304 297 290 284 279 270 262 255 248 239 226 214 206 199 191 185 179 172 168 164 161 157 154 150 147 147 149 151 153 156 161 167 175 186 195 205 215 222 229 235 239 236 226 212 198 185 175 163 154 145
395 392 387 379 373 370 373 375 376 376 374 371 370 369 366 362 358 354 350 347 346 345 343 341 339 336 334 331 327 322 318 313 309 307 309 314 318 322 324 326 326 324 320 316 312 306 299 291 284 278 269 261 254 246 235 223 212 204 197 191 185 180 173 167 162 158 154 150 148 146 147 148 150 152 155 159 166 175 186 196 207 217 225 231 238 240 236 226 211 196 184 173 163 154 143
395 391 388 382 373 367 365 367 370 371 370 367 368 367 363 359 355 351 348 347 345 345 343 342 341 340 338 335 332 327 323 318 314 311 314 319 323 326 329 331 330 328 323 318 314 308 301 291 284 277 268 260 252 244 234 225 216 209 201 194 188 182 174 168 163 159 154 150 146 145 146 147 148 150 153 157 164 174 186 198 209 219 226 234 241 242 236 225 209 195 182 172 162 153 143
394 391 388 383 376 369 364 362 364 366 365 364 365 365 361 357 353 350 348 347 345 344 343 343 342 342 341 339 336 332 328 324 319 316 319 324 327 331 334 336 334 331 326 321 316 309 302 292 284 277 268 260 252 246 238 229 219 209 201 195 189 182 174 168 163 159 156 151 146 145 145 146 147 148 151 155 162 174 187 199 211 221 230 238 245 244 236 222 207 193 180 170 161 152 142
395 392 388 384 379 373 367 360 360 360 360 360 362 362 359 355 352 350 349 347 345 343 343 343 342 342 343 341 339 336 332 328 323 320 323 328 331 336 340 340 338 334 329 323 317 311 303 293 285 277 268 261 254 248 240 229 218 208 200 195 188 181 173 167 162 159 155 150 145 145 145 146 146 147 149 155 162 175 187 200 212 224 234 242 246 244 233 217 204 191 178 168 159 151 140
395 393 390 386 382 376 368 361 357 355 355 356 359 359 357 355 352 350 349 347 344 342 342 343 342 342 343 342 342 339 336 332 327 324 327 332 336 341 344 344 342 337 331 325 319 312 304 294 286 280 273 264 257 251 240 229 218 208 201 195 188 180 172 166 162 158 154 149 145 145 144 145 146 146 149 155 163 175 188 200 213 227 238 243 245 240 228 211 197 186 175 165 157 149 138
395 393 390 386 382 377 370 362 357 354 351 352 355 356 355 354 352 350 349 347 343 342 341 341 341 342 342 342 341 340 337 335 330 328 331 335 340 345 348 348 345 339 333 327 320 314 305 295 289 283 277 268 259 252 240 230 219 209 201 195 188 179 171 166 161 157 153 149 146 144 144 145 146 146 149 155 163 175 188 200 213 231 241 243 241 233 221 205 190 180 171 161 154 146 135
395 392 389 385 381 376 370 364 358 354 350 349 351 353 354 353 351 349 348 346 343 342 340 340 340 341 341 341 340 339 337 335 333 332 334 339 344 349 351 350 348 342 335 329 322 315 307 298 293 286 279 270 261 252 241 230 220 210 202 195 188 179 172 167 161 157 153 149 146 144 144 144 146 146 149 155 163 175 187 200 213 231 240 239 233 224 211 198 184 174 166 157 149 141 131
394 390 387 383 379 374 368 362 357 352 348 347 349 350 351 351 350 349 348 346 343 342 340 339 338 340 340 339 339 338 336 335 333 334 336 342 348 352 354 353 349 344 337 330 324 317 310 302 297 290 281 273 263 253 242 231 222 211 203 196 188 180 172 167 162 158 154 150 146 144 144 144 145 146 149 154 162 174 187 200 213 230 239 235 224 212 200 190 179 170 162 154 145 136 128
393 389 385 381 377 372 366 360 355 351 347 346 347 347 347 349 349 349 348 347 344 342 340 337 336 337 338 338 337 336 335 334 333 334 338 344 350 354 356 354 350 345 339 333 327 320 312 305 299 292 283 275 267 255 243 232 223 212 204 197 189 181 173 167 162 158 154 150 147 145 144 143 145 146 148 153 161 172 186 200 213 228 234 227 215 202 191 182 174 166 158 152 145 137 128
391 387 383 379 375 370 364 359 354 348 345 344 345 344 344 345 347 348 348 346 344 343 340 335 334 335 335 335 335 334 333 332 332 334 340 346 352 358 359 356 351 346 341 335 329 323 315 307 301 295 287 280 272 259 246 235 225 215 205 198 190 182 174 168 163 159 155 151 148 146 144 143 144 146 147 152 160 171 185 200 213 225 228 219 206 193 182 175 166 158 153 147 141 136 127
387 384 381 377 372 367 363 358 354 348 344 343 342 341 340 341 344 347 347 346 344 343 341 336 333 331 331 331 331 331 330 329 332 337 343 349 356 360 359 355 351 346 340 335 329 324 316 309 305 303 295 286 277 264 249 237 227 217 208 200 193 183 176 169 165 161 156 153 149 146 143 143 144 145 147 151 160 170 183 199 212 220 220 211 198 185 176 168 160 153 147 142 136 131 126
383 381 378 375 371 366 362 358 354 349 345 342 340 340 340 340 340 343 345 345 344 343 342 338 333 329 328 327 328 327 326 329 334 340 346 353 359 361 358 354 349 344 338 334 329 323 315 309 309 311 304 293 282 269 254 238 228 219 210 203 195 186 178 171 166 162 158 154 150 146 142 142 143 144 144 149 158 168 180 194 209 215 213 206 192 180 172 164 156 149 143 140 134 129 124
379 377 375 373 370 366 362 359 354 350 346 342 340 340 340 340 340 341 343 343 343 343 341 338 333 328 324 323 324 323 323 329 337 343 349 358 363 362 356 352 347 341 336 332 327 321 314 310 311 315 311 298 285 273 258 241 230 222 214 206 198 189 181 174 168 163 160 156 152 146 141 141 142 142 142 146 156 166 175 189 204 209 208 201 188 176 168 160 153 150 148 146 141 133 126
376 374 373 371 369 366 362 359 355 351 347 343 340 340 340 340 340 340 341 342 342 342 340 337 332 327 323 321 320 320 322 329 337 344 352 360 364 361 354 350 344 339 334 329 324 318 313 309 310 315 314 302 288 276 261 243 231 224 217 209 202 193 185 177 170 164 161 158 154 147 141 140 140 140 141 144 153 163 171 183 196 203 202 195 184 173 164 157 154 154 152 150 146 137 126
372 372 371 369 368 366 362 359 357 352 349 345 341 340 340 340 340 340 340 341 341 340 338 334 329 326 323 321 320 320 321 328 336 343 352 359 360 357 352 347 342 337 332 327 322 316 311 307 309 312 313 304 292 278 262 244 232 226 219 212 205 195 186 179 171 164 162 159 154 147 141 140 140 140 139 142 150 159 166 176 187 194 193 187 179 171 162 157 156 156 154 152 147 137 126
368 369 368 367 365 365 362 359 357 353 350 347 343 340 340 340 340 340 340 340 339 337 336 332 330 327 324 322 320 320 320 326 334 342 349 355 357 354 350 345 339 334 329 325 320 314 308 305 307 310 310 304 291 278 262 244 232 227 221 215 207 197 187 180 172 165 162 159 155 148 141 140 139 139 138 140 145 154 161 170 179 184 183 180 175 168 163 160 158 156 155 152 147 136 126
365 366 366 365 364 363 362 359 357 354 351 348 345 341 340 340 340 340 340 340 339 338 337 337 334 331 328 325 322 320 319 322 330 338 345 350 354 352 347 341 336 332 327 323 318 313 307 304 305 307 306 300 289 277 261 244 233 227 222 217 208 198 189 181 175 168 163 160 157 151 146 140 140 139 138 138 141 148 156 164 171 176 177 175 172 168 163 160 158 156 154 152 146 135 125
361 364 365 364 362 360 360 359 357 354 351 349 346 343 341 340 340 340 340 340 341 343 342 341 338 334 331 329 326 323 319 318 325 334 341 345 349 348 344 339 334 329 325 321 316 311 306 303 304 306 303 297 287 275 261 244 234 228 223 218 210 200 191 184 178 171 165 162 158 155 151 145 141 139 138 138 138 142 151 160 166 170 173 172 170 167 163 159 157 155 153 151 145 134 125
359 362 362 362 360 358 357 357 356 353 351 350 348 345 343 341 340 340 340 341 345 347 346 344 340 337 333 331 328 325 321 317 320 330 336 340 344 343 340 336 331 326 323 318 314 309 304 300 301 303 300 293 284 273 259 244 235 230 225 219 212 202 194 188 181 174 168 164 161 158 155 149 144 140 139 139 138 138 146 156 161 165 168 169 168 165 161 158 156 154 152 149 142 132 125
357 359 360 359 357 355 354 355 354 352 351 350 349 348 345 343 340 340 340 343 347 349 348 345 341 338 335 333 330 327 323 318 317 324 332 336 339 340 337 333 328 325 320 316 313 308 302 297 298 301 296 289 281 271 258 244 235 231 226 221 214 205 196 189 182 174 168 164 161 158 155 151 146 143 141 139 138 137 142 152 157 161 164 166 166 164 160 157 153 151 149 147 143 135 127
355 357 357 357 354 351 350 352 352 351 350 350 349 348 346 344 340 340 340 343 347 349 349 346 342 339 336 333 332 329 325 320 315 317 324 332 335 336 334 330 326 322 318 314 310 306 299 294 295 298 293 286 278 269 256 243 236 231 227 223 216 205 196 188 181 173 167 163 160 157 153 149 145 144 141 139 139 137 138 146 153 157 160 163 163 162 160 157 151 148 148 146 145 138 130
354 355 355 354 352 347 346 348 349 349 349 349 349 347 346 343 340 340 340 342 346 348 348 346 343 339 337 334 332 330 327 323 316 312 317 324 330 332 331 328 324 320 316 312 309 304 297 290 292 294 290 283 277 267 255 242 236 231 227 223 215 205 195 187 179 171 167 165 162 157 152 149 146 144 141 139 138 137 135 140 148 153 156 159 161 160 159 157 151 148 147 148 151 141 131
352 353 352 350 348 343 341 344 345 346 347 349 349 347 346 344 342 341 341 342 345 347 347 347 343 340 338 336 334 332 330 326 320 313 311 316 323 326 328 325 322 318 314 311 307 302 293 287 289 291 287 281 275 265 254 242 236 231 227 222 214 203 193 185 177 173 171 169 166 161 155 153 149 146 142 138 137 136 135 136 141 147 152 155 158 159 158 156 151 148 146 150 153 142 131
348 349 348 346 342 338 335 338 340 343 347 349 349 349 349 348 346 346 344 344 345 347 348 347 343 341 339 337 335 334 332 329 325 317 310 309 316 322 324 323 319 316 312 308 305 299 290 284 286 288 285 279 272 263 252 242 237 231 226 221 213 201 191 183 179 178 177 174 170 166 162 159 155 151 145 138 135 135 134 134 136 140 145 152 156 157 157 155 151 146 144 147 149 140 130
343 344 344 341 336 332 329 332 337 343 348 349 350 351 351 351 351 350 348 347 346 345 345 344 343 341 339 337 337 336 334 332 328 321 312 307 310 318 320 320 317 314 311 307 302 296 287 282 284 285 282 277 270 261 252 243 237 231 226 220 211 200 190 187 187 186 183 178 174 169 165 162 157 152 146 139 135 134 133 133 133 135 143 152 156 156 155 154 150 145 140 142 143 136 128
339 339 337 334 329 325 323 329 337 344 349 349 351 353 354 354 354 353 352 350 348 345 343 342 341 341 340 338 338 337 335 332 328 323 315 307 305 311 317 318 315 312 309 305 300 293 284 278 281 283 280 275 267 258 250 243 237 231 226 218 210 198 194 195 195 193 189 184 179 173 168 162 157 153 148 143 138 135 133 132 132 133 145 154 156 155 153 152 149 143 137 136 136 130 126
334 334 331 326 321 318 320 329 337 344 348 349 351 354 354 355 356 355 355 353 351 348 346 344 341 341 340 339 338 336 334 329 326 320 314 307 302 305 313 314 313 310 307 302 297 290 282 275 278 281 278 273 263 254 247 240 235 231 225 217 207 199 199 202 201 199 195 190 184 178 170 163 159 157 154 150 143 138 134 133 132 132 144 154 156 154 150 148 146 141 136 132 130 127 125
327 326 323 318 311 311 320 329 337 343 347 349 351 354 356 356 358 358 356 355 353 351 349 347 345 343 341 340 338 336 334 329 324 318 310 304 299 301 308 310 310 308 304 300 294 288 280 274 275 278 276 269 259 250 242 236 231 228 223 214 206 203 207 208 207 203 200 195 189 182 173 166 164 163 159 154 148 142 137 134 132 132 140 150 155 153 149 144 141 137 133 130 127 125 125
320 318 314 308 302 307 319 327 335 340 344 347 350 353 356 357 359 360 359 358 356 353 352 351 349 347 344 342 340 338 336 332 326 319 312 303 296 297 302 305 306 305 302 297 291 285 277 272 273 275 272 263 254 246 238 230 226 223 219 212 207 211 216 215 212 209 204 198 192 185 177 173 170 168 164 159 153 148 142 138 134 132 133 142 150 151 149 143 137 133 130 129 127 127 125
