geo_cache/1-4/elevation.txt
ncols         934
nrows         918
xllcorner     -72.75555555555555
yllcorner     42.752
cellsize      1.0E-5
NODATA_value  -9999
[rows 672 to 713 of 918, columns 190 to 284 of 934]
386 383 380 377 375 377 380 382 388 394 400 405 407 410 414 417 422 425 428 430 429 423 416 408 398 385 371 358 352 355 365 375 386 398 409 418 428 440 452 467 479 490 497 496 483 467 451 436 423 412 402 393 385 378 368 359 354 349 346 343 342 337 332 325 317 313 312 310 308 307 304 302 300 298 293 290 287 283 279 274 270 269 267 266 265 263 263 262 262 262 262 261 262 264 265
383 381 379 377 374 375 377 381 388 395 400 404 406 409 413 417 421 425 428 429 428 424 418 409 398 384 370 357 350 354 367 377 388 402 413 421 430 441 453 466 479 490 499 497 481 466 451 437 426 416 407 397 387 380 371 363 355 350 348 344 341 337 333 327 319 315 314 311 308 305 302 300 299 297 293 288 285 281 280 279 276 275 271 268 266 266 267 265 264 264 262 262 262 265 267
384 381 379 375 374 373 376 380 387 395 400 403 405 408 412 415 419 424 426 427 427 423 417 409 396 383 367 353 348 354 367 378 389 404 415 423 433 444 457 470 481 491 500 496 480 466 452 440 430 420 411 400 388 381 373 366 358 354 350 346 341 337 334 328 322 317 314 312 307 301 297 296 295 293 290 286 285 286 286 285 283 280 276 271 268 270 272 270 269 267 263 262 263 265 268
386 383 379 375 373 372 375 379 386 393 399 402 404 406 409 412 416 421 425 426 425 422 415 407 394 381 365 351 348 354 367 378 389 403 416 425 436 447 462 475 485 495 502 495 480 467 455 444 433 423 414 402 389 381 373 367 360 355 350 346 342 340 336 331 326 319 315 313 308 300 293 292 291 290 289 288 289 291 291 290 287 284 280 275 273 276 277 276 274 270 265 263 264 266 268
388 383 379 375 372 371 374 378 385 391 396 400 401 402 404 407 412 417 421 423 422 420 413 404 392 379 365 351 347 354 367 378 389 403 416 426 438 449 464 477 487 497 503 494 480 467 456 446 435 425 416 403 391 382 374 367 362 355 350 347 344 342 339 335 330 322 318 314 309 302 293 291 291 289 289 292 294 295 295 294 292 287 283 279 279 282 282 281 279 273 269 267 268 268 268
390 384 380 376 371 369 371 376 382 388 393 397 398 398 400 403 409 413 416 418 419 417 411 401 389 376 362 350 346 354 367 378 388 403 417 427 438 451 465 479 489 500 504 493 480 466 455 446 437 427 417 405 392 383 374 367 361 355 351 348 347 344 341 338 333 325 320 316 310 304 296 292 291 290 292 294 296 297 298 298 295 290 285 282 285 287 287 286 283 277 274 275 274 272 271
392 386 381 377 372 368 367 372 378 383 389 393 393 395 397 400 404 408 412 414 415 414 409 398 386 372 357 346 346 355 367 378 389 403 417 427 438 451 466 480 491 503 504 491 477 463 453 446 437 428 417 405 393 384 374 367 361 357 355 352 350 346 343 339 335 329 323 318 312 307 300 293 292 292 294 296 297 299 300 300 297 291 286 287 290 292 292 290 287 282 279 282 281 278 275
394 388 383 379 374 368 364 366 371 377 383 388 388 390 394 397 400 403 408 410 411 411 406 395 383 369 353 342 346 356 367 379 390 404 417 427 438 451 467 480 493 504 502 488 473 460 451 444 437 427 416 405 393 383 374 367 362 361 359 356 352 347 344 341 336 331 325 320 314 309 303 296 293 293 296 297 299 301 301 301 298 292 289 292 296 297 297 295 292 287 283 286 287 283 280
396 390 384 380 376 369 363 360 363 370 377 381 382 386 391 393 396 399 403 405 408 408 403 393 380 365 349 340 344 354 365 376 388 401 415 427 438 450 466 479 494 504 499 484 469 457 449 444 436 426 414 403 390 382 374 367 364 364 362 358 353 348 344 341 336 331 326 321 315 311 306 300 294 294 297 298 300 302 302 301 298 293 293 298 302 303 303 301 297 293 288 289 292 288 285
397 392 387 382 378 373 366 360 358 362 370 374 378 383 388 390 392 394 398 401 403 403 398 390 378 362 347 338 342 351 362 372 383 395 409 424 436 448 463 479 494 503 496 481 467 454 447 443 433 422 410 398 387 379 373 368 366 366 363 359 354 349 344 341 336 331 326 320 314 310 307 302 296 297 299 301 303 303 303 301 297 295 300 305 308 309 308 306 303 299 293 293 297 293 290
399 394 390 384 381 377 371 364 358 357 361 367 374 380 384 387 388 390 393 396 398 398 394 387 376 360 346 337 341 351 362 371 380 392 406 420 433 447 461 477 493 501 495 479 464 451 446 440 429 418 405 391 381 375 371 369 368 366 363 359 353 349 344 340 336 330 325 319 313 309 306 302 298 300 304 306 306 305 304 300 297 301 306 311 314 314 314 311 308 304 299 298 301 298 296
401 396 392 387 383 379 373 366 359 354 355 362 370 375 380 383 385 386 388 391 393 393 390 385 374 359 346 337 340 350 360 371 380 392 407 419 432 447 460 476 492 499 493 477 460 448 444 437 427 415 400 386 376 372 370 370 368 366 363 359 353 348 343 338 334 330 324 317 311 308 305 303 302 305 309 310 310 308 306 301 301 306 311 315 320 321 320 316 313 308 304 304 305 303 301
401 398 394 389 384 379 373 368 361 355 353 357 364 370 375 379 382 383 384 386 388 389 388 384 373 359 347 337 337 347 357 368 378 390 405 419 432 447 461 475 489 493 485 469 453 445 442 434 424 412 398 384 375 371 371 371 369 367 364 359 353 348 343 337 332 328 322 315 310 309 308 308 307 310 314 314 313 312 309 305 305 309 314 319 324 327 325 322 318 313 309 309 310 308 305
401 399 394 389 383 379 375 372 367 359 353 352 356 364 369 374 378 379 380 382 384 386 386 383 372 359 348 336 333 344 355 364 375 385 399 415 431 445 457 468 477 478 470 457 446 442 439 430 419 407 394 384 376 373 374 373 370 367 364 361 355 350 345 339 333 329 323 315 312 314 315 315 313 314 318 318 316 315 313 310 308 309 315 321 328 331 330 328 323 317 314 315 316 312 310
401 398 395 389 383 380 379 377 372 364 357 350 350 355 361 367 372 374 377 380 382 384 385 382 372 360 349 336 330 341 352 360 371 381 393 410 426 439 450 457 459 457 451 442 437 436 433 424 413 400 389 381 376 375 377 375 372 367 364 361 357 351 346 341 336 332 326 319 318 320 322 321 318 319 322 322 320 318 316 314 311 311 317 324 331 335 335 332 328 322 320 321 321 317 315
401 398 394 388 384 383 382 380 376 371 363 355 348 348 352 357 362 368 374 378 380 381 384 382 373 361 350 337 329 337 349 357 367 377 387 402 419 431 439 443 441 437 432 427 426 428 423 415 405 393 383 378 375 377 379 376 372 367 364 361 357 351 347 343 338 333 328 323 324 326 327 325 324 325 326 326 324 321 319 317 314 316 321 327 334 340 340 336 332 328 327 327 325 321 320
401 397 393 388 386 386 385 383 380 376 371 363 353 347 344 346 352 362 372 376 376 378 381 382 374 363 353 340 329 330 342 353 362 371 381 393 407 419 425 425 422 418 415 413 413 416 410 401 395 386 378 374 374 377 379 376 372 367 364 360 356 351 349 345 338 333 329 327 330 331 331 329 328 329 330 329 327 325 323 319 317 321 327 332 338 345 345 341 337 333 333 333 330 325 326
400 395 391 388 388 388 387 385 382 379 376 370 360 351 343 340 343 355 366 371 372 375 379 380 375 366 355 343 331 325 334 346 356 365 373 383 393 403 408 407 402 399 399 399 400 400 394 387 383 377 371 371 374 377 379 376 372 366 363 359 356 351 349 345 337 332 331 332 335 334 334 332 331 332 332 331 330 327 325 321 320 325 331 337 342 348 349 345 341 337 338 337 334 329 331
399 395 391 390 391 392 390 387 385 382 379 374 366 357 347 340 338 346 358 365 368 373 377 378 375 368 358 347 335 325 326 337 348 357 365 373 380 387 391 389 385 382 384 386 387 386 380 374 372 366 364 368 372 375 377 375 371 366 362 358 354 351 349 343 335 333 334 335 338 337 336 335 333 333 334 333 331 329 326 323 323 328 335 341 347 352 353 350 346 342 342 341 338 334 337
397 394 392 393 395 395 393 390 387 384 381 377 371 362 351 342 337 340 350 357 364 370 373 376 375 370 362 352 340 328 323 328 340 349 357 363 369 373 376 375 372 370 372 374 374 373 367 363 361 356 358 365 369 371 373 372 368 365 361 358 354 350 348 340 334 334 337 338 340 340 340 337 335 335 336 335 333 331 328 325 326 331 339 345 351 357 359 356 352 347 346 346 344 340 344
396 395 396 398 399 399 396 393 389 386 384 380 374 366 355 344 338 336 342 348 357 364 369 372 373 371 365 356 346 333 323 322 331 341 349 354 358 362 364 364 361 360 362 363 363 361 357 353 352 351 355 361 365 368 369 368 365 362 360 357 353 348 343 336 334 336 339 341 343 344 343 340 337 337 337 337 335 333 331 328 330 335 342 348 356 363 366 363 358 352 350 350 349 346 349
398 399 401 403 404 402 399 396 392 388 384 381 376 368 356 345 338 336 336 339 347 356 363 367 370 370 366 360 351 338 325 321 325 333 340 346 350 353 355 354 351 352 353 353 355 353 349 344 344 348 352 357 361 365 367 365 362 360 358 355 351 345 337 333 335 339 343 344 346 347 346 343 340 339 339 338 337 336 333 331 333 338 344 351 360 369 373 370 364 357 354 355 354 352 354
402 403 406 407 408 406 403 398 394 390 386 381 375 367 355 346 340 337 335 334 337 345 354 362 366 367 366 362 354 342 330 321 320 325 331 337 341 345 346 345 343 344 344 345 348 346 342 337 338 343 347 353 359 363 365 362 359 357 354 350 345 338 331 332 337 343 346 347 348 349 348 345 342 341 341 340 339 338 335 334 336 341 347 354 363 372 377 377 372 365 360 362 361 358 361
407 408 410 412 412 410 406 401 397 393 387 380 374 366 357 350 345 341 338 334 331 335 344 354 359 361 363 361 356 347 336 325 319 318 322 328 332 336 338 337 335 337 337 338 341 340 335 331 332 336 343 350 356 359 361 358 355 352 349 343 337 330 328 333 340 345 348 348 349 349 349 348 345 343 343 343 341 340 338 337 339 344 350 357 366 374 379 382 378 373 368 369 368 366 368
412 413 415 416 416 413 408 403 398 394 387 381 376 371 365 358 351 345 341 336 331 329 335 344 351 355 357 357 355 350 340 330 320 316 316 318 321 324 328 327 326 328 328 331 333 333 329 327 327 331 339 346 351 355 356 354 349 346 341 334 329 325 327 334 342 347 348 349 350 351 351 350 347 346 346 345 344 342 340 339 341 346 352 360 369 375 381 384 383 378 375 374 373 372 374
417 419 420 421 420 415 409 403 398 394 388 384 381 377 372 366 358 350 344 339 333 328 329 334 340 345 347 349 349 347 340 331 323 318 313 311 312 312 315 316 316 317 318 322 324 326 325 322 321 327 335 341 346 350 351 350 344 338 330 324 321 322 327 335 343 347 348 349 351 351 352 352 350 349 349 348 345 344 342 342 343 348 354 361 370 376 382 385 384 382 379 378 376 375 376
423 425 427 427 423 416 409 403 398 394 391 388 385 380 375 370 364 354 347 341 333 328 326 327 330 333 336 338 339 338 334 328 322 317 312 310 310 309 307 308 309 309 309 311 313 317 319 316 316 323 330 335 340 344 346 345 338 328 318 315 315 320 328 335 343 347 348 349 351 352 354 354 353 352 352 350 347 345 344 345 346 350 356 363 370 377 383 385 384 382 381 379 376 376 376
429 432 434 432 425 417 408 401 398 396 394 391 386 381 376 372 367 358 349 342 334 328 325 325 325 326 328 328 327 326 324 322 319 315 311 311 314 313 308 305 306 304 302 302 303 306 310 309 311 319 325 329 333 337 339 338 331 318 308 307 313 320 328 335 342 347 348 349 351 352 355 356 356 356 355 352 349 347 346 349 350 352 357 363 371 378 384 385 384 383 381 379 376 375 375
434 438 440 438 427 416 406 400 399 399 397 393 387 381 376 373 368 360 351 344 339 333 328 326 323 323 323 322 320 319 318 318 315 313 311 315 320 321 317 309 304 301 299 299 298 298 301 303 307 314 319 323 326 329 331 330 323 310 302 305 314 321 327 334 340 344 346 347 349 352 355 359 360 359 357 355 352 349 349 353 356 357 359 365 371 380 385 385 385 383 381 378 376 373 373
438 443 445 441 429 415 405 401 401 402 399 394 388 382 376 372 368 362 356 351 348 343 336 330 327 324 321 318 318 319 317 316 315 315 316 321 326 329 328 321 310 304 303 303 298 294 295 298 302 307 312 316 319 322 323 320 313 302 300 307 314 320 325 332 337 339 340 342 347 351 356 361 364 363 360 358 355 351 353 358 362 364 366 368 373 382 387 387 385 382 379 376 374 371 371
441 445 444 439 427 416 408 404 404 402 399 395 389 382 376 370 368 365 361 360 358 354 346 338 335 332 327 324 325 325 322 321 322 323 325 329 334 337 337 333 325 317 314 311 302 294 292 294 297 299 303 307 311 313 312 309 301 295 300 308 314 319 324 329 332 331 332 337 344 350 356 362 366 366 363 361 358 355 358 364 369 372 374 375 378 385 388 387 383 380 377 374 371 369 368
443 444 441 433 426 417 410 405 403 401 397 393 389 382 375 370 369 368 366 366 366 363 357 350 347 347 342 340 339 337 332 333 334 336 338 341 344 345 344 341 337 331 326 319 309 298 293 292 293 292 294 297 301 302 300 297 292 292 300 307 313 318 323 325 325 323 327 334 341 348 355 361 366 367 366 364 361 360 364 370 375 379 381 383 386 389 388 385 381 377 375 371 368 365 364
443 441 436 427 423 415 408 403 401 399 395 391 387 381 373 370 371 372 371 371 370 370 367 362 359 361 358 356 353 348 345 348 350 351 353 354 354 353 352 348 343 338 332 325 316 306 299 294 293 290 289 289 290 292 290 289 287 290 298 305 311 317 321 321 318 316 322 330 338 345 352 359 365 367 369 367 365 365 369 375 381 385 388 390 392 392 387 382 377 374 371 367 363 361 360
440 435 428 422 419 412 404 400 399 396 392 388 383 376 371 371 375 377 379 378 376 376 375 372 370 372 371 369 366 361 361 364 367 369 370 368 365 362 358 352 346 340 335 328 321 314 307 300 296 293 289 287 286 286 286 286 286 289 297 303 310 315 317 316 312 311 318 325 333 340 348 356 363 367 369 370 370 370 375 380 386 390 393 395 396 394 387 381 375 371 369 365 361 358 356
434 427 420 417 415 409 401 397 395 392 387 382 376 372 371 375 380 383 386 385 383 382 382 382 380 382 383 382 379 377 378 383 388 392 390 383 377 369 360 353 346 340 336 331 326 320 314 308 301 296 292 288 286 285 285 286 286 288 295 302 309 313 314 312 307 306 313 320 327 334 343 352 361 367 369 372 374 375 379 384 390 394 397 398 399 397 389 382 376 372 369 366 362 358 355
427 419 414 414 411 406 398 392 390 386 380 375 371 370 372 377 383 387 391 392 392 389 389 391 391 391 393 394 393 392 394 401 408 413 407 395 382 369 359 351 344 340 336 332 328 324 319 314 305 298 293 288 286 284 283 284 284 286 292 300 307 311 311 308 303 301 306 313 321 329 337 347 357 365 368 372 376 378 382 387 392 397 399 401 402 400 393 385 380 375 370 367 363 359 353
419 413 411 410 407 402 394 385 382 379 372 369 367 369 373 379 384 389 394 399 400 398 397 400 401 400 402 405 406 406 408 416 424 427 417 401 384 370 360 351 344 340 336 333 329 325 321 316 308 299 293 288 285 282 282 282 282 285 289 297 305 308 308 305 300 296 299 306 314 323 332 342 352 360 366 371 376 381 384 388 392 398 401 403 404 401 396 388 382 375 371 368 363 359 353
413 410 409 407 402 397 389 378 374 372 365 364 365 369 373 379 385 390 395 403 407 406 404 406 409 409 410 414 417 419 422 428 435 433 417 400 385 373 363 353 346 341 338 334 330 324 320 316 310 300 295 290 285 282 281 282 282 283 287 293 302 306 306 303 298 293 294 300 307 317 328 338 346 353 362 369 376 381 385 389 394 399 404 406 405 401 397 390 382 375 371 368 363 358 353
408 407 406 404 398 392 384 373 366 364 360 359 363 369 374 378 383 388 395 404 412 413 410 411 415 418 420 422 426 431 435 441 445 435 415 397 383 371 363 354 347 341 338 334 330 324 319 315 310 302 296 291 286 282 281 281 281 282 286 290 299 304 304 300 295 291 292 296 302 312 325 333 337 346 357 367 375 381 386 391 396 402 407 408 405 401 396 390 382 375 371 368 363 357 353
403 403 402 399 394 387 379 369 361 358 357 357 361 367 371 375 381 389 397 406 414 417 415 416 420 425 428 430 433 438 445 450 450 434 413 395 380 368 359 352 346 341 337 332 328 322 317 314 309 302 296 292 287 284 281 280 280 282 285 289 296 301 301 297 292 289 290 295 300 309 321 326 331 342 353 364 373 381 387 393 399 405 408 408 406 400 394 389 382 375 370 367 362 356 352
400 398 396 393 388 381 374 366 358 354 354 356 359 363 368 374 382 390 397 406 415 419 419 418 423 428 434 437 439 443 450 455 448 429 409 393 380 367 356 350 344 340 335 330 326 322 318 315 310 304 299 294 290 286 282 280 280 282 285 288 294 299 298 295 290 287 289 294 299 307 315 318 329 340 350 360 371 379 387 395 401 406 409 407 403 397 392 387 380 374 370 365 360 355 350
396 392 388 385 380 375 369 362 354 352 353 355 357 362 368 376 383 389 395 404 413 419 420 419 423 429 436 441 444 447 452 454 443 422 403 389 378 367 358 350 344 339 335 330 326 324 322 319 315 310 303 297 293 288 283 280 278 281 285 288 293 296 296 292 287 285 289 293 298 304 309 314 327 337 347 356 367 377 385 394 401 406 408 404 398 392 388 383 377 373 368 363 358 353 348
