geocache-va/0-2/elevation.txt
ncols         868
nrows         925
xllcorner     -77.8
yllcorner     38.5
cellsize      1.0E-5
NODATA_value  -9999
[rows 510 to 560 of 925, columns 0 to 95 of 868]
129 130 131 132 133 133 133 134 134 133 133 132 132 133 133 133 134 134 134 134 134 134 133 131 130 130 130 129 129 129 130 130 129 129 128 128 129 129 129 129 129 129 129 129 128 128 128 128 128 128 127 127 127 127 126 126 126 126 126 127 126 125 124 124 123 123 122 122 122 123 124 125 125 125 126 127 127 128 129 131 131 131 131 131 131 131 130 130 130 130 131 132 133 133 133 133
132 133 133 133 134 134 134 134 134 133 133 132 132 132 133 134 134 134 134 134 134 134 133 131 130 129 129 128 128 128 128 128 128 128 128 128 129 129 129 129 129 129 129 129 128 128 128 128 128 128 127 127 127 127 127 126 126 126 127 127 127 125 124 124 123 123 122 122 122 122 123 125 125 125 126 126 127 128 129 131 132 132 132 132 132 132 131 131 131 131 131 132 132 132 132 132
133 134 133 133 133 133 133 133 133 133 132 132 132 132 132 133 134 134 133 133 133 132 131 130 129 129 128 127 127 127 127 127 127 127 127 128 129 129 129 128 128 128 128 128 128 128 128 128 128 128 128 127 127 127 127 127 127 127 127 127 126 125 124 124 124 123 123 121 121 122 123 124 124 125 125 126 127 127 128 130 131 132 133 133 133 133 132 132 132 131 131 131 131 131 131 130
134 134 133 132 132 132 132 133 133 132 132 132 131 131 131 132 133 133 132 132 131 131 129 128 128 128 128 127 127 127 127 127 127 127 127 128 129 129 130 128 128 128 128 128 128 128 128 129 128 128 128 128 128 127 127 127 127 127 127 127 126 125 125 125 124 124 124 122 121 122 122 123 124 125 125 126 127 127 128 130 131 132 133 134 134 133 133 133 132 132 131 131 131 130 130 129
133 133 133 132 131 130 130 131 131 131 131 131 131 130 130 130 131 131 131 130 129 129 128 127 127 127 127 127 127 127 127 127 127 127 127 128 129 130 130 128 127 128 128 128 128 128 128 129 129 128 128 128 128 128 128 128 128 128 128 127 127 126 126 125 125 125 124 123 121 121 122 123 124 125 125 126 126 127 128 130 130 130 131 132 133 134 133 133 133 132 131 129 129 129 128 128
132 132 132 132 130 130 130 130 130 130 129 129 129 128 128 127 128 128 129 128 128 128 127 127 127 127 127 127 127 126 126 126 127 127 127 128 128 129 129 127 127 128 128 128 128 128 128 129 129 129 129 129 129 129 130 130 129 130 129 129 127 127 126 126 125 125 124 123 121 121 121 122 123 124 125 126 126 127 127 128 129 129 129 130 131 132 133 133 132 131 129 127 127 126 126 125
130 130 130 130 129 129 129 128 128 128 127 127 127 127 127 127 127 127 127 127 127 127 126 126 126 126 126 126 126 126 126 126 126 127 127 127 128 128 128 127 127 127 128 128 128 129 129 129 129 129 129 129 130 130 131 132 131 132 131 130 129 128 127 127 126 125 124 123 121 121 121 121 122 123 124 125 125 125 126 126 127 127 127 127 129 130 130 130 129 128 126 125 125 124 124 124
129 129 128 128 128 127 127 127 126 125 125 125 125 126 126 126 126 126 126 126 126 126 126 125 125 125 125 125 125 125 125 125 126 126 126 126 127 127 127 127 127 127 128 128 130 130 130 130 130 130 130 130 131 131 132 133 133 133 133 131 129 129 129 128 127 125 125 124 122 121 119 119 120 121 122 123 123 123 124 123 124 124 124 125 126 126 126 126 126 126 124 124 124 124 124 124
129 128 128 128 127 127 127 126 125 125 125 125 125 125 126 125 125 125 125 126 125 125 125 125 125 125 125 125 125 125 125 125 125 126 126 126 126 127 127 127 127 127 128 129 130 131 131 130 130 130 130 130 131 131 133 134 134 134 133 131 130 130 129 128 127 126 125 124 122 121 118 118 119 120 121 122 122 122 121 121 122 122 123 124 124 124 124 125 125 125 124 124 124 124 124 124
127 127 127 127 127 126 126 126 125 124 124 124 124 125 125 125 124 124 125 125 125 125 125 125 125 124 124 125 125 124 124 125 125 125 125 125 125 126 127 127 127 128 128 129 129 129 129 130 130 130 130 130 131 131 133 134 134 134 133 132 132 131 130 129 127 126 125 124 122 121 117 117 118 119 119 120 120 120 119 119 120 121 121 122 122 122 123 124 124 124 123 123 123 123 123 124
127 127 127 126 126 125 125 125 125 124 124 124 124 125 125 125 124 124 124 125 125 124 124 125 125 124 124 124 125 124 124 124 124 125 125 125 125 126 127 127 128 128 129 128 128 128 128 130 130 131 131 131 131 132 133 133 133 133 133 133 133 133 131 129 128 126 125 124 122 121 117 115 116 117 118 118 118 117 117 118 119 119 120 121 121 122 122 123 123 122 122 122 123 123 123 124
127 126 126 126 125 125 124 124 124 124 123 123 123 124 125 125 124 123 124 125 125 124 124 124 124 124 122 122 123 123 123 123 124 124 125 125 125 126 127 127 128 128 128 128 128 128 128 130 131 131 132 132 132 132 132 132 132 133 133 133 134 134 133 130 128 126 125 124 122 120 117 115 115 115 116 116 115 115 117 118 118 119 120 121 121 122 122 122 122 121 122 122 123 123 124 124
126 126 126 125 125 124 124 124 124 123 123 122 123 124 124 124 124 122 122 124 125 124 123 123 122 122 121 121 122 122 123 123 124 124 125 125 125 125 125 127 127 127 128 128 128 128 128 130 131 132 133 133 133 132 132 132 132 133 134 134 134 134 133 130 128 126 125 123 120 118 115 114 114 114 114 114 115 115 117 118 118 119 120 121 121 122 122 121 121 121 121 122 123 124 124 124
125 125 125 125 125 124 124 124 123 123 122 122 122 123 124 124 123 121 121 122 124 124 123 122 121 121 121 121 121 122 122 123 124 124 125 125 125 125 125 126 127 127 128 128 128 129 129 130 132 133 134 134 133 132 131 131 131 132 134 134 134 133 132 130 128 126 124 122 119 117 114 113 113 113 113 114 114 115 116 118 119 119 120 121 121 122 122 121 121 121 121 122 123 124 124 123
124 125 125 125 124 124 123 123 123 122 122 122 122 122 123 122 122 121 121 121 122 122 121 121 120 120 120 121 121 121 122 123 124 124 124 124 124 125 125 126 127 128 129 130 130 131 131 132 133 135 136 135 133 132 131 130 129 130 133 133 133 132 130 128 126 124 122 120 118 116 114 113 112 112 112 113 114 114 115 117 118 118 118 119 120 121 121 121 121 121 121 122 122 122 122 122
124 124 125 124 124 123 123 123 122 122 121 121 121 122 122 121 121 120 120 120 121 121 121 121 120 120 120 120 121 121 121 122 123 123 124 124 124 125 126 127 128 130 131 131 131 132 132 133 134 136 136 135 133 131 130 129 128 129 131 131 130 128 127 125 124 122 121 119 117 116 115 114 112 112 112 113 113 114 115 116 117 117 117 117 119 121 121 120 120 120 120 122 121 121 121 122
124 124 124 123 123 122 122 122 122 122 121 121 121 121 121 121 120 120 119 119 121 121 121 121 120 120 120 120 120 121 121 121 122 122 124 124 124 125 128 128 129 130 131 132 132 133 134 134 135 135 135 134 132 130 129 128 126 127 128 128 127 125 124 122 121 121 120 119 118 117 117 116 113 112 112 112 113 113 114 115 115 115 115 117 119 120 121 120 119 119 119 120 120 120 121 122
124 123 123 122 122 122 122 122 122 122 121 121 121 121 121 120 120 119 119 119 121 121 122 121 120 119 119 120 120 121 121 121 122 122 124 125 125 126 128 129 130 130 131 132 133 134 135 135 135 134 133 132 130 129 127 126 124 125 125 125 124 122 121 121 120 120 120 119 118 118 118 117 113 112 112 112 112 113 114 115 115 115 115 117 118 120 120 120 119 118 118 119 119 120 121 122
123 123 122 122 121 121 121 121 122 121 121 120 120 121 121 121 120 119 118 119 121 121 121 121 120 118 119 120 120 121 121 121 122 123 124 125 126 127 129 130 130 130 132 133 133 134 135 134 134 133 131 130 128 127 126 124 122 122 123 122 121 120 120 119 119 120 119 119 119 118 118 117 113 112 112 112 112 113 114 115 115 115 116 117 118 119 119 119 119 118 118 118 118 119 120 121
122 122 122 121 121 121 121 121 121 121 120 120 120 120 121 121 120 118 118 119 121 121 120 119 118 118 119 120 121 121 122 122 123 124 125 126 127 128 129 130 131 131 133 133 133 134 134 134 133 132 129 128 126 125 124 122 121 121 121 121 120 119 119 118 118 119 119 118 118 118 117 115 113 112 112 112 112 113 114 115 116 116 117 117 118 119 119 119 118 118 117 116 117 118 120 120
122 121 121 121 121 120 120 120 120 120 119 119 119 120 120 121 120 118 118 118 119 119 118 118 118 118 119 120 121 121 122 123 123 124 126 127 128 128 129 130 131 131 132 132 131 132 132 131 131 130 128 127 125 123 121 120 119 119 120 120 119 119 118 117 117 118 118 118 117 117 116 114 114 113 112 112 112 113 114 115 115 116 118 119 119 119 118 118 119 118 116 116 116 117 119 119
122 121 121 121 121 120 119 119 119 119 119 118 118 119 120 120 119 118 118 118 118 118 118 118 118 119 120 121 122 122 123 123 124 125 126 127 128 128 129 130 131 132 131 131 130 129 129 128 128 127 126 125 123 121 120 119 119 119 119 119 119 118 117 116 116 117 118 117 117 117 116 115 115 114 112 112 112 113 114 115 115 117 119 120 120 119 118 118 118 118 116 115 115 116 118 118
121 121 120 120 121 120 119 119 118 118 118 118 118 119 119 119 118 118 118 118 118 118 118 118 119 121 121 122 122 123 124 124 124 125 126 127 128 128 129 130 130 131 131 130 129 127 127 126 125 124 123 122 121 120 119 119 118 118 119 119 119 118 117 115 115 115 116 116 116 116 116 116 115 114 111 110 112 113 114 115 115 117 117 119 119 118 117 116 117 118 116 115 115 115 117 117
121 120 120 120 121 120 120 119 118 118 118 117 117 118 118 118 118 117 117 118 118 118 118 119 120 122 122 123 123 124 125 125 125 126 126 127 128 128 128 128 128 130 130 128 127 127 126 125 124 123 122 121 120 119 118 118 118 118 118 118 118 118 117 115 115 115 115 115 115 116 115 115 115 114 110 109 111 112 113 114 115 116 115 116 117 116 116 115 116 116 115 114 114 115 115 115
121 120 119 119 120 120 120 119 118 118 117 116 116 117 117 117 116 116 116 118 118 119 119 120 121 122 123 124 124 125 125 126 126 126 126 127 126 126 125 125 126 128 129 127 126 126 125 124 123 122 121 121 120 119 118 118 117 117 117 117 117 117 117 115 115 115 115 115 115 116 115 115 115 113 109 109 110 112 113 113 115 115 115 116 115 115 115 115 115 115 115 113 113 113 114 114
121 120 119 118 118 119 119 119 119 118 117 116 116 116 116 116 115 115 116 118 118 119 120 121 121 123 123 124 125 125 125 126 125 125 124 125 123 122 121 122 124 126 127 125 124 124 123 122 122 121 121 120 120 119 118 118 117 116 116 116 116 116 116 115 115 115 114 114 114 115 115 114 114 113 109 109 109 112 112 112 114 115 114 114 114 115 115 115 115 115 114 113 112 112 112 114
121 119 119 118 118 118 118 119 118 118 117 115 115 116 116 115 115 115 117 118 119 120 121 122 122 124 124 125 125 126 126 125 125 123 122 122 120 120 120 120 122 123 124 123 123 122 121 121 121 121 120 120 119 119 118 118 117 116 116 116 116 116 116 115 115 115 114 114 114 115 115 113 113 112 109 109 109 110 110 111 113 114 113 113 113 115 115 115 115 114 114 113 112 111 112 113
121 119 119 118 118 118 118 118 118 117 117 115 115 115 115 115 115 116 117 118 119 120 121 122 123 124 125 125 126 125 125 125 124 122 120 119 119 118 119 120 120 121 122 122 122 121 121 120 120 119 119 119 119 119 118 117 117 116 115 115 115 116 115 115 115 115 114 114 114 114 114 113 112 112 109 109 109 109 109 111 112 113 112 112 112 114 114 114 114 114 113 113 112 110 111 112
121 120 119 119 118 118 118 118 117 117 116 115 115 115 115 115 115 117 118 119 120 121 121 122 123 124 125 125 125 125 124 123 122 120 119 118 118 118 118 119 119 120 121 121 122 121 121 120 119 119 119 118 118 118 118 117 116 116 115 115 115 116 115 115 115 115 114 113 113 113 113 112 111 111 109 109 109 109 109 110 112 112 112 112 112 113 114 114 113 113 113 112 112 109 110 111
121 121 121 119 118 118 118 118 117 117 116 116 115 115 115 115 116 118 119 119 120 121 122 122 122 123 124 124 123 123 122 121 120 119 118 118 117 117 117 118 118 119 120 121 122 121 121 120 118 118 118 118 117 117 116 116 116 116 115 115 115 115 116 115 114 113 113 113 112 111 111 111 111 110 109 108 108 108 109 110 111 111 112 112 112 113 113 113 113 112 112 111 111 109 109 110
121 122 121 120 119 119 118 118 118 118 117 116 115 115 115 115 116 117 118 120 121 121 121 121 120 120 121 121 120 120 119 119 118 117 116 117 117 116 115 116 117 119 120 121 121 121 120 119 118 118 117 117 116 116 116 116 115 115 115 115 115 115 115 115 114 113 112 112 112 109 109 109 110 109 108 108 108 108 109 110 111 111 112 112 112 113 112 112 112 112 111 109 109 107 108 110
121 121 121 120 120 119 119 119 119 118 118 117 115 115 115 115 115 116 118 119 121 121 120 119 118 117 118 118 117 118 118 117 117 116 115 117 117 115 115 116 117 119 119 119 120 120 119 119 118 118 117 117 116 116 116 116 115 115 115 114 114 114 115 114 114 113 112 112 112 110 109 109 109 109 108 108 108 108 109 110 111 112 112 113 113 113 112 111 111 111 110 108 107 106 108 110
121 121 121 121 121 120 120 119 119 119 118 117 115 115 114 114 114 116 117 119 119 119 118 117 115 115 115 115 116 117 117 117 116 115 115 116 116 115 115 115 117 118 118 118 118 119 118 118 118 118 118 117 116 116 115 115 115 115 114 114 114 114 114 114 113 113 112 112 111 110 109 109 108 108 108 108 108 108 109 111 112 112 113 113 113 113 112 111 110 110 109 107 106 106 108 109
121 121 122 122 121 121 120 120 119 119 118 117 115 115 114 113 113 115 116 117 117 116 115 114 113 114 115 115 116 116 117 116 116 115 114 115 115 115 114 115 116 118 117 117 117 118 118 117 117 118 118 118 117 116 115 115 115 115 114 114 114 113 113 113 113 113 112 112 111 109 109 108 108 108 108 108 109 109 111 112 113 113 112 112 112 113 112 110 109 110 109 107 106 106 108 110
121 121 121 121 121 121 120 119 119 118 118 117 115 115 115 113 112 113 114 115 115 113 112 112 113 113 114 115 115 116 116 116 115 115 113 113 115 114 113 115 116 117 115 115 116 116 116 115 116 118 118 118 117 116 116 115 115 115 114 114 113 113 113 112 112 113 112 111 111 109 109 108 108 108 108 109 110 111 112 112 112 112 112 112 112 112 111 109 109 110 109 106 105 106 109 111
121 121 121 121 121 120 120 119 119 118 118 117 116 116 115 114 112 112 112 112 112 112 112 112 112 113 114 114 115 116 116 117 117 115 112 112 113 113 112 115 117 117 115 115 116 115 115 115 115 117 118 118 117 117 117 117 117 115 114 113 113 113 113 112 112 112 112 111 110 109 109 108 107 107 109 110 110 111 111 111 111 111 112 112 112 111 110 109 109 109 109 105 104 105 107 109
121 121 121 121 121 120 120 119 118 118 118 118 117 116 115 114 112 111 111 111 111 111 111 112 112 113 113 114 114 115 116 117 118 115 112 112 112 112 112 114 116 117 113 114 115 115 113 113 115 117 118 117 117 117 117 118 118 115 114 113 113 113 113 112 112 112 112 111 110 110 109 109 107 106 107 108 108 109 109 109 110 111 111 112 112 111 110 108 108 107 107 105 103 104 106 107
121 121 121 121 121 120 120 119 118 118 118 118 118 116 115 113 111 111 111 111 111 111 111 111 112 112 113 113 114 114 115 116 117 115 111 111 111 111 112 114 115 116 113 113 114 114 112 113 115 117 118 117 117 117 117 118 118 115 114 113 112 112 113 112 112 112 112 111 111 110 110 109 106 106 106 106 106 107 108 109 110 111 111 111 111 111 109 108 107 106 106 104 103 103 104 105
121 121 121 121 121 121 120 119 119 119 119 118 118 116 114 112 111 111 111 111 111 111 110 110 111 111 112 112 112 113 113 114 115 114 111 110 109 110 112 114 114 114 112 112 112 112 112 114 117 118 117 117 115 116 116 117 118 115 114 113 112 112 112 112 112 112 112 112 111 110 109 109 106 105 104 105 106 107 108 109 110 111 111 111 110 109 109 107 106 105 105 103 103 103 103 105
121 122 122 122 122 121 121 121 120 119 118 118 116 114 113 112 112 112 111 111 111 110 110 110 110 110 110 111 111 111 112 113 113 112 111 109 109 110 112 114 114 113 111 111 112 112 114 116 118 119 117 116 115 116 116 116 117 115 114 113 112 112 111 111 111 111 112 112 111 110 109 108 106 105 104 104 106 107 109 109 110 111 112 111 110 108 108 107 106 105 104 103 103 103 103 104
121 122 122 122 122 121 121 121 120 118 118 117 115 113 112 112 112 114 113 111 111 110 110 109 109 109 110 110 110 111 111 112 112 111 110 109 109 110 113 114 114 112 110 110 112 113 115 117 118 119 117 115 115 116 115 115 115 115 113 112 112 112 111 110 110 110 111 112 111 111 110 109 108 106 103 103 107 108 109 109 109 110 111 111 110 108 107 106 105 104 103 102 102 102 103 103
121 122 122 122 122 121 120 120 119 118 117 116 115 113 112 112 114 115 114 112 111 111 110 109 109 109 109 109 109 110 110 111 111 111 110 109 109 110 113 114 113 112 109 110 112 114 115 117 118 118 116 114 114 115 115 115 115 114 113 112 112 112 112 112 109 109 110 111 111 111 110 110 109 107 104 103 106 107 108 108 108 109 111 110 109 108 107 106 105 104 103 102 102 102 102 102
122 122 122 122 122 121 120 119 118 117 116 115 114 114 114 114 115 115 114 113 112 111 110 110 109 109 109 109 109 109 109 110 110 110 109 109 109 110 112 113 112 110 109 111 114 115 116 116 116 116 115 113 112 114 115 115 115 114 113 112 112 112 112 112 110 109 109 109 109 110 111 110 109 108 105 102 103 105 106 107 108 108 110 110 109 107 106 106 105 104 102 102 101 101 101 102
122 122 123 122 121 121 119 118 117 116 116 115 115 116 116 116 116 116 115 114 112 112 112 111 110 110 109 109 109 109 109 109 109 108 108 108 108 109 110 111 110 109 109 112 114 115 114 114 114 113 113 112 112 113 114 115 115 115 114 112 112 112 113 112 110 109 108 108 108 109 110 110 109 109 107 102 100 103 105 106 106 107 109 109 109 108 107 106 105 103 102 101 100 100 101 102
123 123 122 122 121 120 119 118 117 116 116 116 116 118 117 117 117 117 116 114 113 113 112 112 112 112 110 109 109 109 109 108 108 107 107 107 106 107 108 109 109 109 110 112 113 113 113 111 111 111 110 111 112 112 114 115 115 115 114 113 113 113 113 112 111 110 108 107 107 108 108 110 110 109 107 103 100 101 103 104 106 107 108 109 109 109 108 106 105 103 102 101 100 100 100 101
124 122 122 121 120 119 118 118 117 117 117 118 118 119 119 118 118 117 116 115 115 115 114 112 114 114 111 110 110 110 110 109 108 107 106 106 106 106 106 107 107 107 108 110 111 110 111 109 109 109 110 111 112 112 114 115 115 115 114 114 113 113 112 112 111 111 109 106 106 106 106 108 108 108 106 102 99 100 101 103 104 106 107 107 108 108 107 106 104 103 102 101 100 100 100 101
123 122 121 120 119 118 118 118 118 119 120 120 120 121 120 119 118 117 115 115 118 116 114 114 115 115 113 113 113 113 113 111 109 108 107 106 105 105 106 106 106 105 107 108 108 108 108 108 109 109 110 111 113 114 115 115 115 114 114 113 113 113 112 112 112 112 110 108 105 104 104 106 106 105 103 100 98 99 100 101 102 104 106 106 106 106 105 105 103 102 101 100 100 100 100 100
122 121 121 120 119 119 119 119 120 120 121 121 121 121 120 119 118 117 117 117 118 115 115 115 117 114 114 114 115 115 115 112 110 110 111 111 109 107 107 105 105 105 105 106 106 106 106 107 109 110 112 113 115 115 115 115 115 114 113 113 113 113 112 111 111 112 111 109 106 103 103 104 104 104 101 99 97 98 99 101 102 103 104 106 106 105 105 104 103 102 101 100 100 100 100 100
122 121 121 120 120 121 121 121 121 121 122 121 121 121 120 120 119 119 118 118 117 116 115 115 118 115 115 115 115 116 116 114 111 112 114 115 113 111 110 106 105 105 104 104 104 104 105 107 110 112 113 114 115 115 115 115 115 114 113 112 112 112 112 111 110 110 110 108 106 103 102 101 103 103 100 98 97 97 99 100 101 103 104 105 105 105 104 104 103 102 101 100 100 99 99 100
123 121 121 121 121 122 122 122 122 122 122 121 121 121 121 120 120 120 120 118 118 118 116 117 118 116 116 117 117 118 118 115 113 114 116 115 114 114 111 106 105 105 104 104 103 103 104 107 109 111 112 114 116 117 116 115 114 113 112 111 111 111 111 111 109 108 108 106 104 102 101 100 101 101 99 97 97 97 99 100 101 102 104 104 105 105 104 104 103 102 101 100 99 99 99 99
123 122 121 121 121 122 122 122 122 122 121 121 121 121 121 121 121 121 121 119 118 118 117 118 118 117 118 119 120 120 119 115 115 116 117 116 115 114 111 108 107 106 105 105 105 104 103 105 107 109 113 115 118 120 119 117 115 114 113 111 110 110 110 110 109 108 108 107 104 101 100 99 99 99 98 97 97 98 100 101 101 102 103 104 105 105 104 104 103 103 102 100 99 99 99 99
