geocache-va/0-2/elevation.txt
ncols         868
nrows         925
xllcorner     -77.8
yllcorner     38.5
cellsize      1.0E-5
NODATA_value  -9999
[rows 714 to 764 of 925, columns 0 to 95 of 868]
94 95 95 96 96 97 97 97 96 96 96 96 96 97 97 97 97 97 96 96 96 96 96 96 96 96 96 95 95 94 94 94 95 96 96 97 98 100 101 102 103 104 104 104 104 103 103 102 101 101 100 100 100 100 100 100 100 100 100 100 100 100 100 100 100 100 100 100 100 100 100 100 101 101 101 101 101 100 100 100 100 99 99 99 99 99 99 99 99 98 98 98 98 97 96 95
94 95 95 95 96 96 96 96 96 96 96 96 96 97 97 97 97 97 96 96 96 96 97 97 97 97 96 96 95 95 95 95 95 96 96 97 97 99 100 102 103 104 104 104 104 103 103 102 101 101 100 100 100 100 101 101 101 101 101 101 101 101 101 101 100 100 100 100 100 101 101 101 101 101 101 101 101 100 100 100 100 100 99 99 99 99 98 98 98 98 98 98 98 97 96 95
94 95 95 95 96 96 96 96 96 96 96 96 96 96 96 97 97 97 96 96 96 96 97 97 97 97 97 97 97 96 96 95 95 96 96 97 97 98 99 101 102 103 104 104 103 103 103 102 102 101 101 101 101 101 101 101 102 101 101 101 101 101 101 101 101 101 101 101 101 101 101 101 101 101 101 101 101 100 100 100 100 100 99 99 98 98 98 98 98 98 98 98 98 97 97 96
94 95 95 95 95 95 95 95 95 96 96 96 96 96 96 96 96 96 96 97 97 97 97 97 97 98 98 98 97 97 96 96 96 96 96 96 97 97 99 101 101 103 103 104 103 103 103 103 102 102 102 102 102 102 102 102 102 102 102 102 102 102 102 102 101 101 101 101 101 101 101 101 102 101 101 101 101 100 100 100 100 100 99 99 98 97 97 97 97 97 97 97 97 98 97 96
94 95 95 95 95 95 95 95 95 95 95 95 95 95 95 95 96 96 96 96 97 97 97 97 97 98 98 98 97 97 97 97 96 96 96 96 97 97 98 100 100 102 103 103 103 103 103 103 103 102 102 102 102 102 102 103 103 103 102 102 102 102 102 102 102 102 102 102 102 102 102 102 101 101 101 101 101 101 100 100 100 100 99 98 98 97 96 96 95 95 95 95 96 97 97 96
94 95 95 95 95 95 95 95 95 95 95 95 95 95 95 95 95 95 96 96 96 97 97 97 98 98 98 98 98 98 97 97 97 97 97 97 97 97 98 99 100 101 103 103 103 103 103 103 103 103 103 103 103 103 103 104 103 103 103 103 103 103 102 102 102 102 102 102 102 102 102 102 101 101 101 101 101 101 100 100 100 100 99 98 98 97 96 95 94 94 94 94 95 96 96 96
94 95 95 95 95 94 94 94 94 94 94 95 95 95 94 94 94 95 95 95 96 96 96 97 97 98 98 98 98 98 98 98 97 97 97 97 97 97 98 99 100 101 102 103 103 103 103 103 103 103 104 104 104 104 104 104 104 104 103 103 103 103 103 103 103 103 102 102 102 102 102 102 102 102 102 101 101 101 101 100 100 100 99 99 98 97 96 95 93 93 93 93 94 94 95 95
94 95 95 95 95 94 94 94 94 94 94 94 94 94 94 94 94 94 95 95 95 96 96 97 97 97 98 99 99 99 99 98 98 97 97 97 97 97 98 99 100 101 101 102 102 102 103 103 103 104 104 104 104 104 104 104 104 104 104 104 103 103 103 103 103 103 102 102 102 102 102 102 101 101 101 101 101 101 101 100 100 99 99 98 98 97 96 95 94 92 92 92 92 93 93 93
94 95 95 95 95 94 94 94 94 94 94 94 94 94 94 94 94 94 94 94 95 96 96 97 97 97 98 99 100 100 99 99 99 98 97 97 97 97 98 99 100 100 101 101 101 102 102 103 103 104 104 104 104 104 104 104 104 104 104 104 104 104 103 103 103 102 102 102 101 101 101 101 101 101 101 101 101 101 100 100 100 99 99 98 98 97 96 95 94 92 91 91 91 92 92 92
95 95 95 95 95 94 94 94 94 94 94 94 94 94 94 94 94 94 94 94 95 96 96 97 97 97 98 99 100 100 100 100 99 99 98 97 97 97 98 99 100 100 100 100 100 101 102 103 103 104 104 104 104 104 104 104 104 104 104 103 103 103 103 102 102 102 101 101 101 101 101 101 101 101 100 100 100 100 100 99 99 99 98 98 97 97 96 95 94 92 91 90 90 90 90 90
95 94 94 94 94 94 94 93 93 93 94 94 94 94 94 94 94 94 94 94 95 96 97 97 97 98 98 99 100 100 101 100 100 99 98 98 98 98 99 99 100 100 100 100 100 101 102 103 103 104 104 104 104 104 104 103 103 103 103 103 103 103 102 102 102 101 101 101 100 100 100 100 100 100 100 100 99 99 99 99 99 98 98 97 97 96 95 94 94 92 91 90 89 89 89 89
94 94 94 94 94 94 94 93 93 93 93 93 93 93 93 94 94 94 94 94 95 96 97 98 98 99 99 100 100 100 101 100 100 99 99 99 99 99 99 100 100 100 100 100 100 101 102 103 103 104 104 104 103 103 103 103 102 102 102 102 102 102 102 101 101 101 101 100 100 100 99 99 99 99 99 99 99 98 98 98 98 98 97 97 96 95 94 93 93 92 91 90 88 87 87 88
94 94 94 94 94 94 93 93 93 93 93 93 93 93 93 94 94 94 94 94 95 96 97 98 99 100 100 100 100 101 100 100 100 100 99 99 99 99 100 100 100 100 100 100 100 101 102 103 104 104 104 104 103 103 102 102 102 102 102 102 102 101 101 101 101 101 100 100 100 99 99 99 99 99 99 98 98 98 98 98 98 97 97 96 95 94 93 92 92 91 90 89 87 86 86 87
94 94 94 94 93 93 93 92 92 92 92 92 93 93 93 94 94 94 94 94 95 96 97 97 99 100 100 101 101 100 100 100 100 100 100 100 100 100 99 99 99 100 100 100 100 101 102 103 103 104 104 103 103 102 102 101 101 100 101 101 101 101 100 100 100 100 100 99 99 99 98 97 97 97 97 97 97 97 97 97 96 96 96 95 94 93 92 91 90 90 89 89 87 86 85 85
94 93 93 93 93 92 92 92 92 92 92 92 93 93 94 94 94 94 95 95 95 96 97 97 98 100 100 100 100 100 100 100 100 100 100 100 100 100 99 99 99 99 100 101 101 101 102 103 103 104 103 103 102 102 101 100 100 100 100 100 100 100 100 100 100 99 99 99 99 98 97 97 96 96 96 96 96 96 96 95 95 94 94 94 93 92 91 89 89 89 88 88 86 85 84 84
94 93 93 93 92 92 92 92 92 92 92 92 93 93 94 94 94 94 95 96 96 97 97 97 98 100 100 100 100 100 100 100 100 100 100 100 100 99 99 98 98 98 99 100 101 101 101 102 103 104 103 103 102 101 100 100 99 99 100 100 100 100 99 99 99 99 99 99 99 98 97 97 96 95 95 95 95 95 95 94 94 93 93 93 92 91 90 88 88 88 88 87 85 84 84 84
93 93 92 92 92 91 91 91 91 91 92 92 93 93 94 94 94 94 95 96 97 97 97 98 98 100 100 100 100 100 99 99 99 100 100 100 100 99 98 98 97 97 98 100 100 100 100 101 102 103 103 102 102 101 100 99 99 99 99 99 99 99 99 99 99 99 99 99 98 98 98 97 96 95 94 94 94 94 94 94 93 93 92 91 91 90 89 87 87 87 86 86 84 83 83 83
93 92 92 92 92 91 91 91 91 91 92 92 93 93 94 94 94 94 95 96 97 98 98 99 99 100 100 100 99 99 99 99 99 99 100 99 99 99 98 97 97 97 97 98 100 100 100 101 101 102 102 102 101 100 100 99 99 98 98 98 99 99 99 99 99 98 98 98 98 98 98 97 96 95 94 94 93 93 93 93 92 92 91 90 90 89 88 86 86 85 85 85 84 82 82 82
92 92 91 91 91 91 91 91 91 91 92 92 93 93 94 94 94 95 95 96 97 98 98 99 100 100 100 99 99 99 99 99 99 99 99 99 98 98 98 97 97 96 96 97 98 98 98 99 100 100 100 100 100 100 100 99 98 98 97 97 98 98 98 98 98 98 98 98 98 98 98 97 96 95 94 93 93 92 91 91 91 91 90 89 88 88 87 86 85 84 84 83 83 82 82 82
92 91 91 91 91 91 91 91 91 91 92 92 93 93 94 94 94 95 96 96 97 98 99 100 101 100 100 99 99 99 98 98 98 98 99 99 98 98 98 98 97 96 95 95 97 97 97 97 97 98 98 99 98 98 98 98 97 97 96 96 97 98 98 98 98 98 98 98 98 98 98 97 96 95 94 93 92 91 90 90 89 89 88 88 87 86 85 85 84 84 83 82 82 82 82 82
92 91 91 91 91 91 91 91 91 91 92 92 93 93 94 94 94 95 96 96 97 97 99 100 100 100 100 99 98 98 98 97 97 97 99 99 98 98 98 98 97 96 94 94 94 94 94 94 94 95 96 96 95 95 95 96 95 94 94 94 95 97 97 97 97 97 96 96 97 97 97 97 96 95 94 93 92 91 90 89 88 87 86 85 85 85 84 84 84 83 83 82 82 82 82 81
92 91 91 91 91 91 91 91 91 91 92 92 93 93 94 94 95 96 96 97 97 97 99 100 100 101 100 99 98 98 98 97 97 97 99 99 99 99 98 98 97 96 94 94 93 93 92 92 92 94 94 94 94 94 94 94 94 93 93 93 94 96 97 97 96 96 96 96 96 97 97 97 96 95 94 93 92 91 90 89 87 86 85 85 85 84 84 84 84 83 83 82 82 82 82 81
92 91 91 91 90 90 90 91 91 91 92 92 93 93 94 94 95 96 97 97 97 97 99 100 100 100 100 99 97 97 97 97 97 98 99 100 100 100 99 98 97 96 94 93 93 92 91 91 91 91 91 91 91 91 91 91 91 91 91 91 92 93 95 95 94 94 94 94 94 94 95 96 95 95 94 93 92 91 90 88 87 85 85 85 84 84 84 84 84 83 83 82 82 82 82 81
92 91 91 90 90 90 90 91 91 91 92 93 93 93 94 94 95 97 97 97 97 98 99 99 99 99 99 98 97 97 97 97 97 99 101 101 101 100 99 99 98 96 95 94 93 92 91 91 90 90 90 90 89 89 90 90 90 89 89 89 91 91 92 92 92 92 92 91 91 92 92 93 93 93 92 91 90 90 88 87 86 85 85 85 84 84 84 84 84 83 83 82 82 82 82 81
92 91 91 90 90 90 91 91 91 92 93 93 93 94 94 94 96 97 97 98 98 98 98 98 98 98 98 97 96 96 97 97 100 102 103 102 101 100 100 100 99 97 95 95 94 93 91 91 90 89 89 89 89 89 89 89 89 88 88 88 89 90 90 90 90 90 90 90 90 90 90 91 91 91 90 90 89 88 87 87 86 85 85 85 85 84 84 84 84 84 83 83 83 82 82 82
92 91 90 90 90 90 90 91 91 92 93 94 94 94 94 95 96 97 97 98 98 98 97 97 97 97 97 96 94 95 97 99 101 104 105 105 103 102 101 100 99 97 96 96 94 93 91 90 90 89 88 88 88 88 88 88 88 88 87 87 87 88 88 88 88 88 88 88 88 88 88 88 88 88 88 88 88 87 87 87 86 86 85 85 85 85 84 84 84 84 84 84 83 83 82 82
92 91 90 90 90 90 90 91 91 92 94 95 95 95 95 96 97 97 98 97 97 97 97 96 96 96 96 94 94 95 97 100 103 105 107 107 105 103 101 100 99 98 97 96 95 93 92 90 90 89 88 88 88 88 88 88 88 88 87 87 87 88 88 88 88 88 88 88 88 88 88 88 88 88 88 88 88 87 87 87 87 86 86 86 86 85 85 85 85 85 85 84 84 83 83 82
91 90 90 89 89 89 90 90 91 92 93 94 95 96 96 96 97 98 97 97 96 96 96 95 94 94 94 94 94 95 97 100 104 106 109 109 106 104 102 100 99 98 98 97 96 94 92 91 90 89 88 88 88 88 87 87 87 87 87 87 87 87 87 87 87 87 87 87 87 87 88 88 88 88 88 88 88 88 87 87 87 87 87 86 86 86 85 85 85 85 85 85 84 84 83 82
91 90 89 89 89 89 90 90 91 91 93 94 95 96 96 97 97 98 97 96 96 95 95 94 94 94 94 94 94 95 97 100 103 107 110 109 108 106 104 102 100 99 98 98 97 96 94 92 90 89 88 88 88 87 87 87 87 87 87 87 87 87 87 87 87 87 87 87 87 87 87 87 88 88 88 88 88 88 88 88 88 88 87 87 87 86 86 86 86 86 86 85 85 84 83 83
90 89 89 88 88 89 89 90 90 91 92 93 95 96 97 97 97 97 97 96 95 94 94 93 93 94 94 94 94 95 97 100 102 106 109 109 109 107 104 102 101 100 100 99 98 97 94 93 91 89 88 88 88 87 87 87 87 86 86 86 86 86 86 86 86 86 86 86 87 87 87 87 88 88 88 88 89 89 89 89 89 89 89 88 87 87 87 87 88 87 87 86 85 84 84 83
89 88 88 88 88 89 89 90 90 91 92 93 94 95 96 96 96 96 96 96 94 94 93 93 93 93 93 94 94 95 97 99 101 102 106 109 109 107 104 103 102 100 100 99 99 97 94 93 91 90 89 88 88 87 87 87 86 86 85 85 85 85 86 86 86 86 86 86 87 87 87 88 88 88 88 89 89 90 90 90 91 91 90 89 88 88 88 88 88 87 87 86 85 84 83 83
88 88 88 88 88 89 89 90 90 91 91 92 94 95 96 96 95 95 95 95 94 93 93 93 93 93 93 93 94 95 96 98 100 102 105 107 108 106 104 103 102 100 100 99 99 97 94 93 91 90 89 88 88 88 88 87 86 86 85 85 85 85 85 85 85 85 85 86 86 87 87 88 88 89 89 90 90 91 91 91 92 91 90 89 88 88 88 88 87 87 86 85 84 84 83 82
88 88 88 88 88 89 89 90 90 91 91 92 93 94 95 95 94 94 94 94 93 92 92 92 92 93 93 93 94 94 96 97 99 100 103 105 106 105 104 102 101 100 99 98 97 96 94 93 91 90 89 89 88 88 88 87 87 86 85 85 85 85 85 85 85 85 85 86 86 87 87 88 88 89 89 90 90 91 91 92 92 91 90 89 88 87 87 86 86 85 85 84 84 83 82 82
87 87 87 87 88 89 89 90 90 91 91 92 93 94 94 94 93 93 93 93 92 91 91 92 92 93 93 93 94 94 96 97 98 99 101 103 103 103 102 102 101 99 98 97 96 95 94 92 91 90 90 89 89 89 88 88 87 86 86 85 85 85 85 85 85 85 85 86 86 87 87 88 88 88 89 89 90 90 91 91 91 91 89 88 87 86 86 85 85 84 84 84 83 82 82 81
87 87 87 87 88 88 89 90 91 91 91 92 93 93 93 93 93 92 92 91 91 91 91 92 92 93 93 93 94 94 96 97 97 98 100 101 101 101 100 100 100 99 97 96 95 94 93 92 91 91 90 89 89 89 88 88 87 87 86 85 85 85 85 85 85 85 85 86 86 86 87 87 88 88 88 88 89 89 90 90 90 89 88 87 86 86 85 85 84 84 84 83 83 82 81 80
87 87 87 87 88 88 90 91 92 92 93 93 93 93 92 92 92 91 91 91 91 91 91 92 92 93 93 93 94 95 96 96 97 98 99 100 100 99 99 99 99 98 97 95 94 93 93 92 91 91 90 89 88 88 88 88 88 87 87 86 85 85 85 85 85 85 85 86 86 86 87 87 87 88 88 88 88 88 88 88 88 88 87 86 86 85 85 84 84 84 83 83 82 81 81 80
87 87 87 87 88 88 90 91 92 93 94 93 93 92 92 91 91 91 91 91 91 91 91 92 92 93 93 94 94 95 95 96 97 97 98 98 98 98 98 97 97 97 96 95 94 93 93 92 91 91 90 89 88 88 88 88 88 87 87 85 85 85 85 85 85 85 85 86 86 86 86 87 87 87 87 88 88 88 88 88 87 87 86 86 86 85 85 84 84 83 83 82 82 81 81 80
86 86 87 87 88 89 90 91 92 93 94 93 92 91 91 91 91 91 91 91 91 91 91 91 92 93 93 94 94 94 95 96 97 97 97 97 97 97 97 97 97 97 96 95 94 94 93 93 92 91 90 89 88 88 88 88 87 87 86 85 85 85 85 85 85 85 85 85 86 86 86 86 87 87 87 88 88 88 88 87 87 86 86 86 85 85 84 84 84 83 83 82 82 81 81 80
86 86 87 87 88 89 90 91 92 92 92 91 91 91 91 91 91 91 91 91 91 91 91 91 92 93 93 94 94 94 95 96 96 96 97 97 97 97 96 96 96 96 96 95 95 94 94 94 93 92 91 91 90 89 88 88 87 87 86 85 85 85 84 84 84 85 85 85 85 85 85 86 87 87 87 88 88 88 88 87 86 86 85 85 85 85 84 84 84 83 83 82 82 81 81 80
85 86 87 87 88 89 91 91 91 91 91 91 91 91 90 90 90 91 91 91 91 91 91 91 92 93 93 94 94 94 95 96 96 96 96 96 96 96 96 96 95 95 95 95 95 95 95 94 94 94 93 93 92 91 90 89 87 87 86 85 85 84 84 84 84 84 84 84 84 85 85 86 87 87 88 88 88 88 88 87 87 85 85 85 84 84 84 84 83 83 83 83 82 82 81 81
85 86 86 87 88 89 90 91 91 91 90 90 91 91 90 90 90 91 91 91 91 91 91 92 92 93 93 94 94 94 95 95 96 96 96 96 96 96 96 95 95 95 95 95 95 95 95 95 95 94 94 94 94 93 91 90 88 87 87 86 85 84 84 84 84 84 84 84 84 85 85 86 87 88 88 89 89 89 88 88 87 85 85 85 84 84 84 84 83 83 83 83 83 82 82 82
85 86 86 87 88 89 90 91 91 90 90 90 90 90 90 90 90 91 91 91 91 91 91 92 92 93 93 94 94 94 95 95 95 96 96 96 96 96 95 95 94 94 94 94 94 94 94 94 94 94 94 95 94 94 93 91 89 88 87 86 85 84 84 83 83 83 83 83 84 85 85 86 88 89 90 89 88 88 88 88 87 85 85 84 84 84 83 83 83 83 83 82 82 82 82 82
85 86 87 87 88 89 90 91 90 90 89 89 89 89 89 89 90 91 91 91 91 91 91 92 92 93 93 94 94 94 95 95 95 95 96 96 96 96 95 94 94 94 94 94 94 94 94 94 94 94 94 94 95 94 94 93 91 89 88 87 85 85 84 83 83 83 83 83 84 85 86 87 88 90 90 89 88 87 87 87 87 85 84 84 84 83 83 83 83 83 82 82 82 82 82 82
85 86 87 87 88 89 91 90 90 89 88 88 88 88 88 88 89 90 90 91 91 91 91 92 92 93 93 94 94 94 95 95 95 95 95 95 95 95 95 94 94 94 94 94 94 94 94 94 94 94 94 94 94 95 94 94 92 90 89 87 86 84 84 83 82 82 82 83 83 85 85 87 89 91 90 89 88 87 86 86 85 85 84 83 83 83 82 82 82 82 82 82 82 82 81 81
85 86 87 87 88 90 91 90 89 88 88 88 88 88 88 88 89 90 90 91 91 91 91 92 93 93 94 94 94 94 95 95 95 95 95 95 95 95 95 94 94 94 93 93 93 94 94 94 94 94 94 94 94 95 95 94 93 92 90 88 86 85 84 83 82 82 82 82 83 84 85 86 88 89 89 88 87 87 86 85 85 85 84 83 82 82 82 82 82 82 82 81 81 81 81 80
85 86 87 88 89 90 90 90 89 88 88 88 88 88 88 88 89 90 90 91 91 92 92 92 92 93 93 94 94 94 94 94 95 95 95 95 95 95 95 94 94 93 93 93 93 93 93 93 94 94 94 94 94 94 95 94 94 92 91 89 87 85 84 83 82 82 82 82 83 84 84 85 86 87 87 87 86 85 85 84 84 84 84 83 82 82 82 82 82 81 81 81 81 80 80 79
85 86 87 88 89 91 90 89 88 88 88 88 88 88 88 89 89 90 90 91 91 91 91 91 92 92 93 93 94 94 94 94 94 94 94 95 95 95 95 94 94 93 93 93 93 93 93 93 93 93 94 94 94 94 94 95 94 93 92 90 89 87 86 84 83 82 82 82 82 83 83 84 84 85 85 85 84 84 84 84 83 82 82 82 82 82 82 82 82 81 81 80 80 80 79 79
85 86 87 88 90 91 90 88 88 88 88 88 88 88 88 89 89 90 90 91 91 91 91 91 92 92 93 93 93 94 94 94 94 94 94 94 94 94 94 94 94 93 93 92 92 92 92 93 93 93 93 94 94 94 94 95 94 94 93 92 90 89 88 86 84 83 82 82 82 82 83 83 84 84 84 83 83 83 83 83 82 82 82 82 82 82 82 82 82 81 81 80 79 79 79 79
86 87 87 88 90 90 89 88 88 88 88 88 88 88 88 89 89 90 90 90 90 91 91 91 92 92 92 93 93 93 93 93 94 94 94 94 94 94 94 94 93 93 93 92 92 92 92 92 92 93 93 93 94 94 94 94 95 94 94 93 92 90 89 87 85 83 82 82 82 82 82 82 82 83 82 82 82 82 82 82 82 82 82 82 81 81 81 81 81 81 80 80 79 79 79 78
86 87 88 89 89 89 88 88 88 88 88 88 88 88 88 89 89 90 90 90 90 91 91 91 92 92 92 92 93 93 93 93 93 94 94 94 94 94 94 93 93 93 92 92 91 91 91 92 92 92 93 93 93 94 94 94 95 95 94 94 93 93 91 89 87 85 83 82 82 82 82 82 82 82 82 82 82 82 82 82 82 82 82 81 81 81 81 81 80 80 80 79 79 79 79 78
86 87 88 89 89 88 88 88 88 88 88 88 88 88 89 89 89 90 90 90 90 91 91 91 91 91 92 92 92 92 93 93 93 93 93 94 94 93 93 93 93 92 92 92 91 91 91 91 92 92 93 93 93 94 94 94 94 95 95 94 94 93 92 90 87 85 84 82 82 82 82 82 82 82 82 82 81 81 81 81 81 81 81 81 81 81 80 80 79 79 79 79 79 78 78 78
