geocache-va/0-2/elevation.txt
ncols         868
nrows         925
xllcorner     -77.8
yllcorner     38.5
cellsize      1.0E-5
NODATA_value  -9999
[rows 204 to 254 of 925, columns 288 to 383 of 868]
106 104 103 103 104 103 103 104 106 107 107 106 104 100 95 94 96 95 95 96 97 98 101 100 99 99 97 91 86 82 82 82 82 82 82 82 82 82 82 82 82 82 82 82 83 84 84 85 85 86 87 87 88 90 91 91 91 90 89 88 87 87 88 88 89 90 90 91 91 91 94 96 98 100 101 101 100 101 103 104 105 106 108 109 112 116 116 114 112 110 108 106 106 108 109 110
108 106 104 103 104 104 104 105 107 108 107 105 102 98 97 98 99 98 97 98 98 99 101 102 102 101 97 91 86 82 82 82 82 82 82 82 82 82 82 82 82 82 82 82 83 84 84 85 85 86 86 87 87 88 89 89 88 88 87 87 88 90 91 91 90 90 91 91 91 92 94 94 96 97 98 100 101 103 105 106 108 109 110 110 111 114 116 115 112 110 108 107 106 106 108 110
109 107 105 105 105 105 105 106 107 108 106 103 101 99 100 100 101 100 99 100 99 99 100 100 101 101 97 90 85 82 82 82 82 82 82 82 82 82 82 82 82 82 82 82 83 84 84 85 86 86 86 86 87 87 86 86 86 86 87 88 90 93 94 95 93 92 93 94 94 93 94 94 96 97 99 101 102 104 107 108 110 112 113 113 112 113 116 115 113 111 109 108 106 106 107 108
108 108 106 106 106 106 106 106 108 109 106 104 101 101 102 103 103 102 100 100 99 98 98 98 98 99 96 90 85 82 82 82 82 82 82 82 82 82 82 82 82 82 82 83 83 84 85 85 86 86 86 86 86 86 86 85 85 86 88 90 92 94 96 97 96 93 93 95 97 97 96 95 95 98 100 101 104 106 109 111 112 114 115 114 114 114 116 116 113 111 110 108 106 106 106 107
106 107 107 106 106 106 107 107 108 108 107 104 102 102 104 105 104 103 102 100 99 98 96 95 95 95 93 88 84 82 82 82 82 82 82 82 82 82 82 82 82 82 83 83 83 84 85 85 85 86 86 85 85 85 85 85 85 87 89 91 93 95 98 99 98 95 93 95 97 99 100 100 99 98 99 101 104 107 110 112 113 115 116 116 115 115 116 115 114 112 111 109 107 106 106 106
106 106 106 106 106 106 107 107 108 108 107 105 103 104 105 106 105 104 102 100 98 97 95 92 91 90 90 87 84 82 82 82 82 82 82 82 81 81 81 82 82 82 83 83 83 84 84 85 85 85 85 85 85 85 85 85 86 87 89 91 93 96 98 100 99 96 94 95 97 98 100 102 103 102 100 100 102 105 107 109 112 114 115 115 115 116 116 115 114 113 112 110 108 106 105 105
105 105 106 105 105 106 106 106 107 107 106 105 105 105 106 106 104 102 100 98 96 95 93 91 90 88 88 87 85 82 82 82 82 82 82 82 81 81 81 82 82 82 83 83 83 84 84 84 84 84 84 84 85 85 85 86 87 88 89 91 93 95 98 101 101 99 96 96 98 99 101 103 104 104 102 101 101 102 104 105 109 112 113 114 114 115 115 115 113 112 112 111 108 106 105 105
105 104 104 104 105 106 106 106 106 107 107 106 106 106 106 104 102 100 98 96 94 93 93 93 93 91 92 93 90 84 82 82 82 82 82 81 81 81 81 82 82 82 83 83 83 83 84 84 84 84 84 84 85 85 85 86 87 88 89 90 92 94 97 101 103 101 98 97 99 101 102 103 105 106 104 103 104 103 103 103 106 109 111 112 113 114 114 114 113 111 110 110 108 106 106 105
105 103 103 104 105 106 106 105 106 107 107 106 106 106 105 104 102 101 99 97 95 95 95 96 95 93 94 96 94 88 82 82 82 82 82 81 81 81 81 81 82 82 83 83 83 83 83 83 83 83 83 84 85 85 85 86 87 87 88 90 91 93 96 100 102 102 100 98 100 102 103 104 106 107 105 104 105 106 105 104 105 107 109 110 112 113 114 114 113 111 109 109 107 106 107 107
106 104 103 103 104 105 105 104 106 107 106 106 106 105 105 104 103 102 100 98 97 97 98 97 96 94 96 98 99 93 86 82 82 82 81 81 81 81 81 81 82 82 83 82 82 82 83 82 82 82 82 84 85 85 86 86 87 87 88 89 91 93 96 99 101 103 102 100 101 104 105 106 107 109 108 106 107 109 109 107 106 105 107 108 110 112 112 113 112 111 109 109 108 108 109 109
106 105 103 103 103 104 104 103 105 106 106 105 105 105 105 104 104 103 101 99 99 99 98 98 97 96 97 99 100 98 90 83 81 81 81 80 80 81 81 81 82 82 82 82 82 82 82 82 82 82 83 84 85 85 86 86 87 87 87 88 90 92 95 98 101 103 103 102 103 106 108 109 109 110 110 109 109 111 111 110 108 108 108 108 109 110 112 113 113 112 110 109 110 111 111 109
105 105 103 103 102 102 102 103 104 105 105 104 104 104 104 104 104 103 101 100 100 99 98 98 97 96 96 98 99 99 94 86 81 80 80 80 80 80 81 81 82 82 82 82 82 82 82 82 82 83 85 85 86 86 86 86 87 87 87 88 89 92 95 98 100 102 104 104 105 107 109 110 111 111 112 112 112 112 113 113 112 112 112 111 110 111 113 113 114 114 112 110 112 113 112 110
105 104 103 103 102 101 101 102 104 104 104 103 103 104 104 104 104 103 102 101 100 99 98 97 97 94 94 96 98 99 96 89 82 79 79 80 80 80 81 81 81 82 82 82 82 82 82 82 82 84 85 85 85 86 86 86 87 87 87 87 89 91 94 97 100 102 104 105 106 108 110 112 112 111 112 113 113 114 115 114 114 114 115 114 114 114 115 115 115 115 113 112 113 115 113 110
106 105 104 103 102 100 100 101 102 103 103 103 103 103 103 103 104 104 103 102 100 100 99 97 96 93 92 94 96 98 97 90 82 79 79 79 80 80 80 81 81 81 81 81 81 82 82 82 83 84 84 85 85 85 86 86 86 87 87 87 88 90 93 96 99 101 103 105 106 108 110 112 111 110 111 112 113 114 114 114 114 115 116 116 115 115 116 117 117 116 114 113 114 116 114 112
106 106 105 104 102 100 100 100 101 102 102 102 102 102 102 103 103 103 103 102 101 100 99 98 96 94 91 90 93 96 96 90 83 79 79 79 79 80 80 80 81 81 81 81 81 81 82 82 83 83 84 84 85 85 86 86 86 86 86 87 88 89 92 95 98 100 103 104 106 107 109 110 109 107 108 111 112 113 113 113 113 114 115 116 116 117 118 118 118 117 115 113 114 116 116 115
106 106 105 104 103 101 100 100 100 100 100 101 101 101 102 102 102 102 101 100 99 100 100 99 98 96 92 89 89 91 91 88 83 79 79 79 79 79 80 80 80 81 81 81 81 81 82 82 82 83 84 84 85 85 85 85 85 85 86 87 88 88 90 92 95 98 101 103 105 106 108 108 107 105 106 110 112 113 112 112 112 113 114 115 116 118 119 119 118 117 116 115 116 118 118 117
105 106 106 106 105 102 100 99 99 99 99 100 100 101 102 101 100 100 100 99 98 99 99 99 97 95 93 90 87 85 86 85 82 79 79 79 79 79 80 80 80 81 81 81 81 81 82 82 82 83 84 84 85 85 85 85 85 85 85 87 88 88 89 91 93 95 99 102 104 105 107 107 105 103 105 109 111 113 112 112 112 112 113 114 116 118 119 119 119 118 117 117 118 118 119 118
105 105 105 106 106 103 101 100 98 98 98 99 100 101 102 101 100 99 99 99 98 97 98 98 96 94 91 89 87 84 82 82 81 79 79 79 79 79 80 80 80 80 81 81 81 81 82 82 82 83 83 84 84 84 85 85 85 85 86 87 88 89 89 90 91 94 98 101 104 105 106 105 103 103 105 108 111 112 113 112 111 111 112 114 116 118 118 119 119 119 118 118 118 118 118 118
104 104 104 105 106 104 103 101 99 97 97 98 99 101 102 102 99 98 97 97 96 95 96 96 95 93 89 86 85 85 83 83 82 81 79 79 79 79 80 80 80 80 81 81 81 81 82 82 82 83 83 83 84 84 85 85 85 85 87 88 88 89 90 90 91 92 96 100 103 104 105 104 102 102 103 106 109 112 113 112 111 110 111 113 115 117 118 118 119 118 118 118 118 117 117 117
103 103 103 105 106 106 105 102 99 97 97 97 99 100 101 101 100 98 96 96 95 94 93 93 92 91 88 86 88 90 90 90 89 84 79 79 79 79 80 80 80 80 80 81 81 81 82 82 82 82 82 83 83 84 85 85 86 87 88 89 90 91 91 91 91 92 95 99 102 104 104 102 100 100 102 104 108 111 113 113 112 110 110 112 114 116 117 118 118 118 118 117 116 116 116 116
103 103 103 105 106 106 105 102 99 97 96 97 98 99 100 101 100 98 96 95 94 94 92 91 90 90 90 92 95 96 96 95 93 86 80 79 79 79 80 80 80 80 80 81 81 81 81 82 82 82 82 82 83 84 85 85 87 88 89 89 90 91 91 92 92 93 94 97 100 102 102 100 99 100 101 104 107 111 113 113 112 110 109 111 113 115 116 118 118 117 116 115 114 115 115 115
103 103 103 105 106 105 104 101 98 96 96 96 97 98 100 100 100 98 97 97 97 96 93 92 93 95 96 98 99 99 98 96 93 86 80 79 79 79 79 80 80 80 80 81 81 81 81 82 82 82 82 82 83 84 85 86 87 88 88 89 90 90 91 91 91 92 93 95 98 99 99 97 98 101 103 104 107 110 112 113 112 110 109 110 112 114 116 117 118 117 116 115 114 114 114 114
103 102 102 104 105 104 104 102 99 96 95 96 97 98 100 100 100 99 99 98 97 95 93 93 96 98 99 100 101 100 97 94 91 87 82 79 79 79 79 79 80 80 80 81 81 81 81 81 81 82 82 82 83 83 84 85 86 86 87 88 89 90 90 91 91 92 93 94 96 97 96 96 99 103 105 106 107 110 112 113 112 110 109 110 112 114 116 117 117 117 116 115 113 112 113 113
103 101 101 103 103 103 103 102 99 97 95 95 97 98 100 101 101 100 99 98 96 95 94 96 98 100 101 101 101 99 97 95 94 93 88 82 79 79 79 79 80 80 80 80 81 81 81 81 81 82 82 82 83 83 84 84 85 85 86 88 89 89 90 91 91 91 92 93 94 94 94 96 100 104 106 108 109 111 113 113 112 110 109 110 112 114 116 116 117 117 116 115 113 111 111 112
102 100 100 102 103 102 102 101 99 97 95 94 96 98 100 102 101 101 100 98 96 96 96 98 100 100 99 100 100 100 100 99 98 97 92 84 79 79 79 79 80 80 80 80 80 81 81 81 81 81 82 82 82 83 83 84 85 85 86 88 88 88 89 90 90 91 91 92 92 92 94 97 101 103 105 107 108 110 112 113 112 110 108 110 112 114 116 116 117 117 116 115 113 111 110 110
102 100 99 100 101 100 100 100 98 96 94 95 97 99 100 101 101 100 99 98 97 97 98 99 101 100 98 97 97 98 99 100 99 97 92 84 79 79 79 79 80 80 80 80 80 81 80 80 80 81 81 82 82 82 82 84 84 85 86 87 87 87 88 88 89 89 90 91 91 92 95 98 100 102 104 106 107 109 110 112 112 109 108 110 112 114 115 116 117 118 117 116 114 111 109 109
101 100 99 97 97 98 98 100 98 95 94 96 98 100 100 100 100 100 99 98 98 98 99 99 100 100 98 95 94 96 97 99 98 96 91 83 79 79 79 79 80 80 80 80 80 80 80 79 80 80 81 81 82 82 82 83 84 85 85 85 85 85 86 88 88 88 90 91 92 93 95 97 99 100 102 104 104 106 108 110 111 109 107 108 112 114 115 116 117 118 118 117 115 113 111 109
100 99 98 96 96 96 97 97 96 94 94 96 98 99 99 99 99 99 99 99 99 100 100 100 100 100 99 96 93 93 95 97 97 96 90 83 79 79 79 79 80 80 80 80 80 80 79 79 79 80 81 81 82 82 82 83 84 85 85 85 85 86 87 88 89 90 91 92 93 94 95 97 98 100 101 102 102 104 106 109 110 109 106 107 111 113 114 115 115 117 118 117 116 114 112 111
100 99 97 96 96 95 95 95 95 94 94 95 98 98 98 98 98 99 100 100 100 100 100 99 99 99 97 95 92 90 91 94 95 93 88 82 79 79 79 79 80 80 80 80 80 80 79 79 79 80 80 81 82 82 83 83 84 84 85 85 87 88 89 91 91 92 92 93 93 94 95 96 97 99 99 99 100 101 104 108 110 110 108 106 108 111 113 113 114 116 118 118 116 115 114 113
102 100 99 98 97 95 94 94 94 94 94 94 96 96 96 97 97 98 100 101 101 100 100 98 97 96 94 92 90 88 88 89 90 90 87 82 79 79 79 79 80 80 80 80 80 80 79 79 79 79 80 81 82 83 83 83 84 84 85 86 88 89 90 90 90 91 92 92 92 93 94 95 96 97 97 97 98 100 104 107 109 111 110 106 106 109 111 110 112 115 117 118 117 117 116 115
102 100 100 101 100 96 94 93 93 93 93 94 95 95 95 96 97 97 99 101 101 100 99 97 96 95 94 92 91 92 90 86 85 85 85 81 79 79 79 79 80 80 80 80 80 80 79 79 79 79 80 81 82 83 83 83 84 84 85 87 88 89 89 89 89 89 90 91 92 93 94 94 94 94 95 97 100 102 104 106 108 110 111 108 105 107 108 108 112 115 117 118 117 118 118 116
101 100 101 103 101 98 96 94 93 93 93 93 93 94 94 96 97 98 99 101 101 100 99 97 97 97 96 95 95 96 93 88 84 83 82 80 79 79 79 79 79 79 80 80 79 79 79 79 79 79 80 81 82 82 83 83 83 84 85 87 87 87 87 87 88 88 89 90 91 93 94 94 93 93 95 99 102 105 105 105 106 109 111 109 104 103 105 108 112 114 115 115 117 118 118 117
101 101 103 103 102 100 98 96 93 93 92 92 93 94 95 97 98 99 100 101 101 100 100 99 99 98 97 96 97 96 93 89 88 86 82 80 79 79 79 79 79 79 80 80 79 79 79 79 79 79 80 81 82 82 82 82 83 84 85 85 85 85 85 86 88 88 90 91 92 93 93 92 91 93 96 100 102 103 103 104 105 108 111 110 105 102 104 107 109 111 112 113 115 117 117 117
102 103 104 104 102 100 99 97 95 93 92 92 93 95 96 97 98 99 100 100 101 101 101 101 100 99 97 97 97 95 93 92 93 92 89 84 79 79 79 79 79 79 79 79 79 79 79 79 79 79 79 80 81 81 81 82 82 84 85 85 85 85 85 87 88 90 91 92 93 93 93 92 91 93 96 99 100 100 100 102 104 107 110 109 105 102 103 105 107 109 111 113 114 115 115 116
103 105 105 104 102 100 98 96 95 94 92 91 93 95 96 97 98 98 98 100 100 100 100 100 100 99 99 98 97 96 95 96 96 95 94 88 82 79 79 79 79 79 79 79 79 79 79 79 79 79 79 80 80 81 81 82 82 84 85 85 85 87 88 88 89 90 92 93 93 92 91 91 91 93 95 97 96 97 98 101 103 105 107 107 104 102 102 105 109 112 114 114 113 113 114 115
104 106 106 104 102 100 98 96 94 93 91 91 92 93 95 97 97 97 97 99 99 99 99 100 100 99 99 98 97 97 97 98 97 97 96 92 86 80 79 79 79 79 79 79 79 79 79 79 79 79 79 79 80 81 81 82 83 84 85 87 87 89 90 90 91 91 92 93 93 91 90 90 91 93 94 94 94 95 98 100 101 102 103 103 102 101 103 107 110 112 112 112 111 112 114 115
105 107 106 104 101 99 98 96 95 94 92 90 91 92 94 95 96 96 97 98 98 98 99 99 100 99 98 98 98 98 98 99 99 98 97 95 91 85 81 79 79 79 79 79 79 79 79 79 79 79 79 79 80 81 81 82 83 84 85 87 88 90 91 92 92 92 93 93 92 91 89 90 91 92 92 92 93 95 97 99 100 100 100 100 99 101 104 107 109 109 109 110 111 112 113 115
106 107 106 104 102 99 98 97 97 96 93 90 90 92 93 94 94 95 97 98 97 97 98 99 99 99 98 97 97 97 98 98 98 98 97 95 93 90 87 82 79 79 79 79 79 79 79 79 79 79 79 79 80 81 81 82 83 84 85 87 88 90 91 91 91 92 92 92 92 90 88 89 90 91 91 91 92 94 96 97 98 98 98 99 100 102 104 107 108 109 109 110 111 112 114 115
106 106 106 104 102 100 98 98 98 97 94 90 90 90 91 93 94 95 97 97 96 95 96 98 98 99 98 97 96 96 95 95 95 95 94 93 92 90 87 83 80 79 79 79 79 79 79 79 79 79 79 79 80 81 82 82 83 84 85 86 88 89 89 90 91 91 91 91 91 89 88 88 89 89 90 91 92 93 93 94 95 96 98 100 102 105 106 107 108 109 110 112 113 113 114 115
106 106 105 103 101 99 99 99 99 98 95 92 89 89 90 93 95 96 97 97 95 94 95 97 98 98 98 97 96 94 93 92 92 91 90 89 88 87 84 82 80 80 79 79 79 79 79 79 79 79 79 79 79 81 82 83 83 84 85 86 87 87 88 90 91 91 90 90 89 87 86 87 88 89 90 91 91 91 91 93 95 97 100 102 105 106 107 107 108 109 110 112 113 114 115 115
106 106 104 102 100 99 98 98 98 97 96 92 89 89 90 92 95 96 97 97 95 94 94 97 97 98 98 97 96 96 95 92 90 89 88 86 85 83 82 82 81 80 79 79 79 79 79 79 79 79 79 79 80 81 82 83 84 84 85 85 86 87 88 89 90 90 90 89 87 86 86 87 88 89 90 91 91 91 91 93 95 98 100 103 105 106 106 106 106 108 109 110 113 115 115 115
106 105 104 102 100 98 97 97 98 97 96 93 90 89 89 91 93 95 96 97 95 93 94 96 97 98 99 98 97 97 97 96 95 93 91 89 86 83 82 82 81 80 79 79 79 79 79 79 79 79 79 79 80 82 82 83 84 84 85 85 85 87 88 88 88 88 88 88 86 86 87 88 88 89 90 91 91 91 91 93 95 98 100 103 105 106 106 105 106 107 108 110 113 115 115 115
105 104 102 100 99 97 97 97 97 97 96 93 90 89 89 90 92 94 96 96 95 92 92 95 97 98 98 99 98 98 98 98 97 96 95 93 89 85 83 81 81 80 80 79 79 79 79 79 79 79 79 79 81 81 82 83 83 84 85 85 85 87 87 88 87 87 87 86 85 86 88 89 90 90 90 91 92 92 92 93 95 97 99 102 104 106 106 105 105 106 107 110 112 114 115 114
105 102 100 99 97 96 96 96 97 97 96 93 90 89 89 89 91 94 96 96 94 92 91 93 95 97 98 99 98 98 98 97 97 97 96 94 90 85 82 81 81 80 80 79 79 79 79 79 79 79 79 79 80 81 82 83 83 84 85 85 86 86 87 87 87 86 85 84 85 87 89 91 92 92 91 92 94 95 95 94 94 96 98 101 103 105 105 104 103 104 106 108 111 113 113 112
105 102 99 98 97 96 95 95 95 96 95 94 91 89 89 89 91 94 97 96 93 90 90 92 94 96 98 98 98 98 97 97 96 96 94 93 89 84 82 81 81 80 80 79 79 79 79 79 79 79 79 79 79 81 82 82 83 84 84 85 85 85 85 85 84 84 84 85 86 88 90 92 93 94 94 93 95 97 97 97 96 96 98 101 103 105 105 104 103 103 105 107 109 111 111 110
105 102 100 98 97 96 94 94 94 94 94 94 92 90 88 88 90 93 96 95 92 89 89 91 94 96 98 98 98 98 97 96 95 94 91 89 87 84 82 81 81 80 80 80 79 79 79 79 79 79 79 79 79 81 81 82 83 83 84 85 84 84 83 83 82 83 85 88 89 90 92 93 94 95 96 96 96 97 99 98 97 97 98 100 102 103 104 104 103 102 102 105 107 109 109 108
104 101 99 98 97 96 95 94 94 93 93 93 92 90 88 87 88 92 95 94 91 88 89 91 94 96 98 98 98 97 97 96 95 93 91 89 87 84 82 81 81 80 80 80 79 79 79 79 79 79 79 79 79 80 81 82 82 83 84 84 84 83 82 81 82 84 87 88 90 91 92 94 95 95 96 97 97 97 99 99 99 97 97 99 101 102 103 103 103 102 101 103 106 108 108 107
102 99 98 98 97 97 96 95 94 93 92 91 91 90 89 87 86 90 92 91 88 87 89 92 94 96 98 98 97 97 96 96 95 94 93 93 91 87 83 81 81 81 80 80 79 79 79 79 79 79 79 79 79 79 80 81 81 82 82 82 82 81 81 81 83 85 87 89 89 90 91 92 93 93 95 96 96 97 98 100 100 98 97 97 98 100 102 103 104 102 100 100 103 105 106 105
101 98 96 96 96 97 96 95 95 94 94 93 92 92 91 88 84 88 90 88 87 87 90 92 94 96 97 98 97 97 96 94 94 94 95 94 93 89 85 82 81 81 80 80 80 79 79 79 79 79 79 79 79 79 79 80 81 81 82 82 81 81 81 82 84 85 86 87 88 89 89 90 91 92 93 94 95 96 97 99 100 99 97 97 97 99 101 104 105 103 100 99 101 103 104 103
100 97 95 95 96 96 96 95 94 95 95 94 93 93 92 88 84 86 87 87 86 87 89 92 94 96 97 98 98 97 96 94 93 93 94 94 93 89 85 83 81 80 80 80 80 79 79 79 79 79 79 78 78 78 79 80 80 81 81 81 82 82 84 86 86 86 86 87 88 88 88 89 90 91 92 93 94 95 96 98 99 98 97 97 97 99 101 104 105 103 100 98 99 100 101 102
98 96 94 93 95 96 95 95 94 95 96 96 96 94 91 87 84 84 85 85 86 87 89 91 93 95 97 98 98 98 97 94 92 91 92 92 91 88 85 83 81 80 80 79 79 79 79 79 79 79 79 78 77 78 79 80 80 81 81 81 82 84 86 88 89 89 89 89 90 90 90 91 92 92 93 94 94 94 96 97 98 98 97 97 97 98 101 102 103 103 100 98 97 98 99 100
