geocache-va/0-2/elevation.txt
ncols         868
nrows         925
xllcorner     -77.8
yllcorner     38.5
cellsize      1.0E-5
NODATA_value  -9999
[rows 561 to 611 of 925, columns 768 to 863 of 868]
85 86 85 85 85 85 82 79 75 73 74 76 79 81 83 85 87 89 90 90 91 91 91 90 90 90 89 89 88 86 84 81 78 79 82 82 78 74 68 67 69 71 72 70 67 67 67 69 70 73 75 78 81 83 84 82 82 85 87 88 90 89 88 86 83 83 87 90 91 91 93 94 97 99 100 102 105 109 111 112 113 113 113 113 113 111 106 103 102 103 107 109 108 105 108 104
85 86 85 87 87 86 83 80 76 74 76 78 81 83 85 86 88 90 91 91 91 91 91 91 91 90 89 87 86 84 82 81 81 83 83 80 76 71 68 69 70 73 76 74 71 71 68 68 69 71 74 75 77 79 79 78 81 83 84 87 88 87 85 83 81 85 90 93 95 96 96 97 100 102 103 104 106 108 110 111 112 113 114 114 113 111 106 103 106 107 107 109 111 110 111 106
85 87 87 88 88 87 84 80 77 75 77 80 83 84 86 87 89 90 91 92 91 91 91 91 91 90 88 85 84 82 81 81 84 85 83 79 73 69 69 72 72 75 78 78 77 77 73 68 68 69 70 70 71 73 73 75 78 79 82 85 85 83 81 80 83 90 94 97 99 100 99 101 103 105 106 106 106 107 107 109 111 112 113 113 113 112 107 104 109 112 110 109 112 113 113 106
85 87 89 90 90 87 84 81 77 75 77 81 83 84 86 87 89 90 91 92 90 90 90 91 91 89 87 85 84 82 82 83 84 84 80 77 71 70 72 76 76 76 80 81 81 81 79 72 70 69 69 70 71 73 73 72 74 76 78 80 80 79 77 78 85 90 95 97 97 97 98 101 103 104 105 105 104 104 106 109 109 110 111 112 112 113 108 106 111 115 113 110 111 115 114 108
86 87 90 91 91 89 85 81 77 75 77 81 83 84 85 87 89 90 91 91 89 88 90 91 91 89 88 86 84 84 84 84 85 82 79 75 71 71 75 79 80 78 80 83 84 84 82 77 75 72 69 71 74 76 77 75 73 73 75 75 76 76 75 77 80 84 90 92 91 95 99 100 102 102 103 101 101 102 105 106 106 107 108 111 113 113 109 108 112 115 115 113 113 115 115 110
88 89 90 91 92 90 86 82 78 75 77 79 81 83 85 86 88 90 91 90 88 88 89 91 91 90 89 87 85 85 85 85 83 81 77 73 72 72 76 79 81 81 81 83 86 86 83 80 79 76 69 71 74 78 80 79 77 75 75 75 76 76 75 76 78 79 84 86 90 96 99 99 100 100 100 98 98 101 102 103 104 106 108 110 113 113 111 109 111 114 115 114 114 115 115 112
90 91 92 92 92 90 86 83 80 77 77 78 81 83 85 86 87 89 89 88 87 87 89 91 92 91 89 87 85 85 84 83 81 78 74 73 75 76 75 79 81 83 83 85 88 87 83 82 82 78 71 71 74 79 82 82 82 80 79 81 81 83 81 78 82 82 81 83 90 95 97 97 97 97 97 95 97 100 102 104 106 109 110 111 113 114 113 111 111 112 114 115 116 116 116 113
92 93 94 93 92 90 87 83 80 78 78 78 81 82 83 84 85 87 87 86 86 87 89 90 92 92 90 88 86 85 83 81 78 76 73 75 79 80 77 78 81 84 86 86 88 88 85 85 84 80 73 71 74 79 83 85 86 85 84 86 88 91 87 79 83 87 84 83 86 92 93 93 94 95 94 97 100 103 106 107 109 112 112 112 114 115 114 114 113 113 113 115 117 118 117 114
93 94 94 94 92 89 86 82 80 78 78 78 80 81 82 83 84 85 85 85 86 87 88 89 92 92 91 89 87 85 83 80 77 75 74 78 82 83 80 79 81 84 87 88 89 89 88 88 86 81 74 72 74 79 83 85 88 88 88 91 94 95 90 81 83 90 90 87 84 88 89 90 92 92 94 98 102 105 107 108 109 109 109 111 114 115 116 115 115 114 114 115 117 118 118 114
94 95 95 93 90 87 84 82 80 79 78 78 79 81 81 82 83 84 85 85 85 86 87 89 91 91 91 89 87 84 81 78 75 75 75 79 84 85 83 81 81 84 86 88 90 91 91 89 87 82 74 72 73 78 83 85 88 91 91 93 97 97 91 82 83 90 93 91 86 85 86 88 89 90 94 98 102 104 106 107 106 106 107 110 112 114 116 117 116 115 115 115 117 118 118 114
94 94 93 91 88 86 84 82 81 80 80 79 79 81 82 83 84 85 86 86 87 87 87 88 90 90 89 86 84 81 78 77 76 76 76 80 84 86 86 86 83 83 85 87 90 92 92 89 86 80 73 72 75 79 82 84 87 90 92 94 98 98 92 83 83 89 92 93 91 89 88 88 88 90 92 95 98 100 101 102 102 102 105 107 109 111 115 116 115 115 116 117 117 118 118 115
95 94 92 90 89 87 85 83 82 83 83 81 80 80 82 83 84 86 87 89 90 89 89 89 89 88 87 84 82 79 77 79 81 79 77 80 84 86 87 89 87 84 86 89 91 93 91 87 83 78 72 72 75 80 83 85 88 89 91 93 98 98 92 86 83 87 89 92 95 96 94 93 92 92 94 95 96 97 97 100 102 102 103 104 106 108 112 113 112 113 116 117 118 119 119 117
95 94 92 91 90 87 84 83 84 85 84 82 81 81 83 84 85 86 87 89 90 91 90 90 88 88 87 85 82 79 78 84 85 81 78 81 84 86 87 90 90 87 87 90 93 93 90 86 82 78 73 72 75 80 85 88 91 92 92 92 97 98 93 87 83 85 87 90 94 98 99 99 97 95 97 100 101 101 100 101 105 106 107 105 105 106 108 110 110 111 115 117 118 119 120 117
94 93 91 90 88 86 84 85 87 87 85 83 81 81 83 85 86 88 89 90 90 92 92 90 89 90 91 89 84 80 80 84 87 84 80 82 85 86 88 90 91 90 87 90 93 94 92 88 84 79 74 73 76 81 86 91 92 93 94 94 97 98 93 88 83 85 88 91 95 98 102 103 102 100 100 103 106 107 106 103 106 108 111 110 108 108 107 108 109 111 114 116 117 119 120 118
93 91 89 88 88 86 86 87 89 88 85 83 82 82 84 85 86 88 90 90 91 92 92 91 92 93 92 88 84 81 81 84 87 86 82 82 85 87 89 90 91 91 90 91 93 94 93 90 85 79 74 73 76 81 86 90 90 93 96 96 97 99 93 88 84 85 89 92 95 98 101 103 103 103 102 103 107 109 109 104 105 107 111 113 114 113 109 108 109 110 112 115 116 118 120 120
93 91 89 88 88 88 88 90 90 88 85 84 82 82 84 85 86 88 90 90 90 91 91 92 92 92 90 87 84 81 82 85 89 89 85 82 85 86 88 90 90 92 93 93 94 96 94 91 87 81 74 74 75 79 84 86 88 92 96 96 98 99 94 89 86 86 87 90 93 96 97 99 101 105 106 106 107 109 111 108 108 108 110 114 117 116 112 111 110 111 112 114 116 117 120 120
92 91 89 89 90 90 90 91 91 88 86 85 82 82 83 85 86 88 89 89 89 90 91 93 93 91 89 89 86 82 83 87 91 91 86 84 84 85 87 89 89 91 94 95 96 96 94 91 87 80 75 74 75 79 83 85 87 90 92 94 97 97 92 88 89 89 87 88 91 93 95 99 103 106 108 109 110 111 112 112 113 113 113 116 118 118 115 114 112 113 114 116 117 117 119 120
92 91 90 92 92 91 91 91 89 87 85 85 83 83 83 84 85 86 87 87 88 89 91 93 93 91 90 91 87 84 84 89 92 91 87 86 85 87 88 90 91 92 94 96 97 97 93 89 85 80 76 75 76 81 85 88 90 92 94 94 96 96 92 89 91 93 90 88 89 93 96 102 105 106 107 109 111 111 111 112 114 115 116 118 120 120 118 117 114 115 117 118 118 119 120 120
92 91 91 93 93 91 90 89 88 87 85 85 85 84 84 84 84 85 86 87 87 89 91 93 93 93 93 93 90 87 85 89 92 91 88 89 88 89 91 92 94 95 96 96 96 95 92 89 85 81 78 76 75 81 87 91 93 96 99 98 98 96 92 90 90 95 94 92 90 93 97 102 104 104 105 108 109 107 107 110 114 115 116 118 120 121 121 120 117 117 120 120 120 122 122 121
91 92 91 93 93 91 90 89 88 87 86 86 86 84 84 84 85 86 87 87 87 88 89 91 92 93 94 94 93 90 85 88 91 91 89 91 91 90 92 94 95 96 97 96 94 93 91 89 86 82 81 79 75 81 86 90 93 97 100 100 99 97 93 92 90 95 97 95 92 92 95 99 102 101 103 106 105 104 104 109 114 116 115 116 118 120 121 121 119 118 121 121 121 123 123 122
91 91 90 92 93 92 91 90 90 88 87 87 87 84 84 84 85 88 89 89 88 88 88 90 92 93 94 96 95 92 88 87 91 92 90 93 93 92 93 95 96 97 97 95 93 91 89 87 85 83 84 79 77 81 83 87 91 95 98 100 100 97 93 95 92 94 99 97 94 93 93 95 98 99 101 102 102 105 108 111 115 116 112 114 117 119 121 120 118 118 121 121 123 124 124 123
91 90 88 91 93 93 92 92 91 90 89 88 87 85 84 84 85 88 90 92 91 90 90 90 91 93 94 96 97 93 89 87 91 93 92 93 94 94 94 96 97 97 96 94 92 89 87 85 85 87 84 78 79 84 87 90 90 95 99 100 100 99 96 98 94 94 99 100 99 96 94 94 95 96 98 99 102 107 110 112 115 113 109 114 117 119 119 118 116 116 120 121 123 124 125 124
90 88 87 90 93 94 93 93 93 93 91 89 87 85 84 84 85 87 90 92 94 93 92 92 91 91 93 95 97 94 92 90 91 93 93 94 95 96 96 97 97 97 94 92 90 88 87 88 89 90 82 77 80 86 91 94 95 96 99 100 101 100 98 99 95 96 101 102 102 99 95 96 95 95 96 99 103 107 109 111 113 109 109 114 117 118 117 115 112 115 119 121 123 124 125 125
88 86 86 90 93 94 94 94 94 94 92 90 87 85 85 85 85 87 90 92 94 94 94 94 93 92 92 95 97 95 94 92 91 92 94 95 96 97 97 97 98 97 93 90 89 89 91 92 93 89 80 78 80 86 92 97 99 99 99 100 102 100 100 100 96 96 101 103 104 100 96 100 99 96 96 98 101 105 106 109 110 106 108 113 115 116 115 112 110 114 117 121 123 124 125 125
85 85 87 90 93 93 93 92 92 93 92 91 88 86 86 87 86 86 89 92 94 94 95 96 95 94 93 94 97 96 96 94 91 91 94 96 96 98 98 98 97 95 93 91 93 94 94 93 92 87 79 79 82 87 92 97 100 102 99 100 103 102 102 101 97 98 101 103 105 101 97 102 104 99 96 96 98 100 102 105 106 104 107 111 113 113 112 109 109 113 116 119 121 123 124 125
82 84 87 89 90 91 90 90 90 90 90 91 89 87 87 89 88 87 88 90 92 93 94 96 96 96 95 95 96 97 99 97 92 92 94 96 98 99 99 99 97 95 96 96 98 97 95 91 88 84 79 79 83 90 95 98 100 101 101 101 103 103 103 102 98 101 102 103 107 105 101 101 105 102 98 97 97 97 99 101 102 101 105 106 108 110 109 108 110 112 114 118 119 123 124 124
81 84 86 87 88 88 87 87 87 87 88 89 89 88 88 89 90 88 87 88 89 90 92 93 95 96 96 97 96 98 100 98 94 94 95 96 99 100 100 99 98 98 100 100 101 99 96 92 88 82 79 80 85 92 94 96 97 99 103 102 104 104 105 104 99 101 105 105 107 108 105 102 103 103 101 101 101 100 99 99 99 99 101 102 103 105 106 109 113 114 115 119 121 123 124 124
80 83 85 85 85 85 85 85 87 88 88 88 90 90 89 90 91 90 89 88 88 89 91 93 94 95 96 99 98 98 100 99 94 94 97 98 99 100 101 101 101 101 103 102 101 99 96 92 87 81 80 81 85 88 91 93 96 100 103 104 105 106 107 106 101 101 104 106 109 110 108 105 102 103 104 105 106 105 103 100 100 102 104 102 102 102 105 110 115 117 119 121 122 123 124 123
80 83 85 84 83 83 85 87 89 90 89 89 90 91 90 90 92 92 90 88 88 89 91 93 94 95 96 99 99 99 99 99 94 95 98 99 100 101 102 103 104 104 104 102 99 97 94 90 85 81 81 86 88 88 91 93 98 101 103 104 105 106 107 107 103 102 103 105 109 111 111 108 104 103 105 107 109 108 107 103 105 107 108 105 102 102 105 110 115 118 120 121 122 122 122 122
80 82 83 82 82 84 87 90 92 93 92 91 91 93 91 91 93 94 92 89 89 90 91 93 94 95 96 99 99 99 100 99 96 96 99 101 102 102 104 105 106 105 104 100 96 93 90 88 83 81 85 91 93 94 96 97 98 102 103 103 105 107 108 108 106 105 104 104 108 111 112 110 107 105 106 106 109 111 111 107 110 112 112 108 103 102 104 108 111 114 117 120 120 120 120 120
78 79 81 81 81 84 88 90 91 93 93 93 92 93 91 91 93 94 93 91 90 90 91 91 93 95 96 98 98 99 100 99 97 97 100 101 104 104 106 107 106 104 101 97 93 89 88 85 81 81 87 92 96 97 98 99 100 101 101 101 104 106 107 108 109 108 107 106 107 109 111 112 110 110 109 105 108 110 112 113 116 117 116 111 106 103 103 106 108 111 114 116 117 117 118 118
77 79 81 82 83 84 86 88 89 91 93 93 93 93 92 92 93 95 94 94 92 91 91 92 92 94 95 97 98 100 101 100 97 97 100 101 104 106 108 106 104 102 98 95 94 92 91 86 83 81 87 92 94 94 96 97 98 97 98 99 103 103 105 107 107 108 109 109 108 108 109 112 112 113 113 108 108 111 113 114 117 119 119 115 108 104 104 105 106 109 111 113 114 114 115 115
77 79 81 83 85 86 87 88 89 90 92 93 93 94 93 93 93 95 96 96 95 93 93 94 94 94 94 96 99 100 101 100 98 98 100 101 103 106 107 106 104 103 100 97 98 97 92 89 86 81 88 90 90 90 92 93 95 94 95 98 100 100 101 105 104 105 108 109 109 110 110 111 113 115 115 111 110 114 116 118 118 119 120 116 110 106 104 105 106 107 109 110 110 111 112 113
77 78 80 83 85 87 89 90 90 91 92 92 93 95 94 94 94 95 96 97 96 94 94 96 96 95 95 96 99 100 101 100 98 99 100 102 103 105 106 107 106 106 102 101 101 98 93 91 87 82 86 88 88 89 90 91 92 93 94 96 97 97 99 102 101 103 106 108 109 111 112 112 113 115 116 113 111 116 118 120 119 120 122 117 111 108 105 105 106 106 107 108 109 109 110 112
77 77 79 82 84 86 89 90 91 92 94 94 95 97 96 96 96 96 96 97 97 96 96 98 99 98 97 97 99 101 102 100 99 100 101 103 105 106 107 109 109 108 105 104 103 100 97 91 86 83 85 88 91 94 94 92 92 93 93 94 94 96 97 98 100 101 103 104 105 108 111 112 113 115 115 115 113 115 118 120 121 121 122 118 113 110 106 106 106 107 109 110 110 110 111 111
77 77 78 80 82 85 87 89 90 92 94 96 97 97 97 97 97 97 97 97 97 97 98 99 101 100 100 98 99 101 102 101 101 101 102 105 106 107 108 109 108 108 106 105 103 102 98 92 88 84 87 92 96 98 97 94 94 97 97 97 97 97 96 98 101 103 104 104 105 107 108 110 112 113 114 115 115 115 118 120 121 122 122 119 114 112 107 106 108 109 111 112 112 112 113 113
79 77 78 79 81 84 86 88 89 92 94 96 97 95 95 96 97 98 98 98 99 98 99 100 102 103 102 100 99 101 103 102 102 103 104 107 108 108 108 107 106 106 104 103 102 101 98 95 92 86 88 94 98 99 100 98 95 98 101 102 102 100 96 99 103 106 108 108 109 108 108 109 110 111 113 115 116 116 117 119 121 121 122 120 116 113 107 107 111 111 113 115 115 115 116 115
81 78 78 79 81 84 87 89 90 93 94 95 95 92 94 96 97 99 99 99 100 100 100 100 102 103 103 101 100 101 103 103 104 105 107 109 109 109 108 105 103 103 102 101 99 99 98 97 92 86 87 92 96 98 101 101 98 97 101 103 105 104 98 98 103 106 109 110 112 110 111 111 111 111 112 114 116 118 118 118 120 121 122 121 116 113 108 108 112 113 116 118 117 117 117 117
82 79 78 79 81 84 87 89 90 93 93 93 92 91 93 95 96 99 100 100 100 100 100 100 102 102 103 101 100 101 103 104 105 106 108 110 110 110 110 107 104 103 101 99 96 95 94 93 90 86 90 93 95 97 100 102 102 99 100 102 106 107 103 98 101 105 108 109 111 113 114 114 114 113 112 113 115 118 118 119 120 121 122 119 115 112 109 109 112 114 117 121 120 118 119 119
86 82 79 79 81 83 86 88 90 92 91 90 90 91 94 96 98 99 100 101 101 100 100 100 101 102 103 101 100 102 103 105 105 107 109 111 112 112 112 110 107 105 104 102 99 96 93 89 88 87 92 95 98 99 100 102 103 102 100 101 106 109 107 102 100 102 104 106 109 113 115 116 117 117 116 115 115 116 118 119 120 121 122 118 114 112 109 109 112 115 118 122 121 118 120 121
89 83 79 79 81 83 84 85 87 89 88 88 91 93 96 98 100 101 101 100 100 100 100 101 101 102 102 102 102 102 103 105 107 108 110 112 113 113 113 111 108 108 106 104 101 97 92 88 89 89 92 96 99 102 102 103 104 104 101 102 106 109 108 105 102 103 103 103 108 112 113 115 117 119 120 119 118 116 117 118 120 121 121 118 114 112 109 111 114 116 119 123 123 120 121 121
89 83 79 79 81 82 82 83 84 85 87 90 92 95 97 98 100 101 100 99 98 99 100 100 100 101 102 103 103 103 105 105 107 108 111 112 113 113 111 110 107 107 107 105 102 98 92 89 92 91 91 95 99 101 103 105 106 107 104 103 106 109 110 108 105 106 105 103 106 110 112 113 116 118 120 122 121 119 118 118 120 121 121 119 115 112 111 113 115 117 121 125 125 122 122 122
89 82 80 80 80 81 81 81 82 83 87 90 92 95 96 97 98 99 98 97 96 98 99 100 100 101 102 103 104 105 106 107 107 109 111 112 113 113 109 108 107 104 104 104 102 99 93 90 95 94 92 94 98 102 104 107 108 109 107 105 105 107 110 111 108 109 108 105 106 111 113 114 115 117 120 122 124 122 121 119 120 121 122 120 115 112 112 114 116 119 122 127 127 125 124 123
88 82 81 81 81 81 81 81 81 83 86 88 91 94 94 95 96 96 95 94 94 97 99 99 99 100 101 102 104 106 107 108 109 109 111 113 113 112 108 106 106 104 101 99 99 97 92 91 96 97 95 93 97 102 105 107 108 109 109 108 106 106 110 111 111 112 111 107 106 111 113 115 117 118 120 123 125 125 123 121 121 121 122 119 114 112 112 115 117 121 124 127 128 127 126 124
87 84 83 83 83 84 82 82 81 81 84 87 90 91 92 93 93 93 93 92 93 96 97 97 97 99 100 102 104 106 107 108 109 110 112 114 114 111 107 104 104 102 99 96 95 94 92 92 96 100 100 96 96 99 103 106 107 108 109 109 109 108 108 110 112 114 113 110 107 109 112 115 117 119 120 123 125 125 124 123 122 122 121 118 114 112 113 115 118 121 124 126 126 127 127 125
91 88 86 85 86 87 85 86 84 81 83 86 88 88 90 90 90 90 91 92 93 94 95 96 97 100 102 102 103 105 106 108 109 110 112 114 112 109 106 104 101 100 98 98 97 95 92 92 96 101 104 100 97 97 101 104 105 105 108 109 111 110 110 109 111 114 114 113 110 109 111 114 117 118 120 122 124 125 125 124 122 122 120 118 115 113 113 115 118 121 123 124 125 127 127 126
95 91 91 88 88 90 88 89 88 83 82 84 85 86 87 88 88 89 90 91 92 93 94 97 99 103 105 104 104 104 105 108 109 110 111 113 111 107 104 103 101 101 102 103 101 98 93 93 95 100 105 104 100 98 98 101 101 103 105 107 109 111 112 111 111 112 114 115 113 110 110 113 116 118 120 121 123 125 125 124 123 122 120 118 115 114 114 115 117 119 121 122 124 126 127 126
96 94 93 90 90 92 90 92 92 86 82 83 84 84 86 87 87 88 90 91 92 94 96 99 102 104 105 107 106 106 106 107 108 109 111 112 111 107 104 103 103 104 106 105 103 99 93 93 94 98 104 106 104 101 98 99 100 102 103 104 105 108 110 111 112 112 114 115 116 112 111 112 115 118 120 121 123 124 124 124 124 123 121 119 116 115 115 115 116 118 119 121 123 126 127 127
95 96 94 91 92 94 93 95 95 88 83 83 84 85 87 88 89 90 92 92 94 96 99 102 104 105 106 108 108 108 107 107 109 109 111 112 111 109 105 105 105 106 105 102 100 97 95 96 96 96 100 104 105 104 101 102 102 103 104 104 104 106 109 111 113 114 114 115 118 115 112 112 114 116 119 120 121 122 122 124 124 124 123 120 117 115 115 116 116 117 119 121 123 125 126 126
95 97 95 94 94 96 96 97 96 88 84 83 85 86 87 89 90 90 90 92 93 95 97 101 103 105 106 108 109 109 109 109 109 110 111 112 112 110 108 108 108 107 105 101 97 96 98 101 99 96 98 102 106 107 106 106 107 106 106 107 106 106 108 110 113 115 116 116 118 117 114 112 113 114 116 118 119 119 120 123 124 125 124 121 118 116 116 118 118 118 118 121 122 124 125 126
97 97 97 97 97 98 98 100 99 91 84 84 84 84 86 87 88 88 89 91 93 94 94 97 101 103 104 107 108 108 109 111 111 112 112 112 113 112 111 111 110 108 106 102 97 97 102 105 103 98 97 101 104 108 109 110 111 110 110 111 110 109 109 109 112 114 116 117 119 118 117 115 115 114 115 115 117 118 120 122 124 124 124 122 118 117 118 120 120 119 120 120 121 123 126 126
