geocache-va/0-3/elevation.txt
ncols         865
nrows         925
xllcorner     -77.8
yllcorner     38.75
cellsize      1.0E-5
NODATA_value  -9999
[rows 572 to 615 of 925, columns 96 to 191 of 865]
154 156 157 158 158 158 160 164 169 172 172 170 168 163 159 156 156 157 159 162 165 164 161 158 157 162 166 168 169 168 168 171 173 175 175 173 171 170 169 168 167 165 163 159 156 152 149 147 148 150 149 149 152 154 155 155 156 161 166 170 172 173 174 176 178 179 180 179 176 172 168 167 169 172 175 179 183 184 184 183 182 181 178 174 170 168 167 169 169 169 167 165 163 160 154 149
157 158 160 162 162 161 162 164 169 173 173 171 169 165 160 156 156 158 161 163 165 164 162 159 159 164 169 172 172 173 172 173 175 177 177 177 175 175 174 173 171 169 167 163 159 154 150 148 148 149 149 149 149 151 151 153 156 161 165 168 168 170 171 174 175 175 176 177 174 170 167 166 167 171 175 179 182 183 182 181 181 180 176 173 170 169 170 171 170 169 168 166 163 159 153 149
160 161 163 165 166 166 166 166 170 174 174 171 169 165 161 157 158 161 164 166 168 166 163 161 161 165 171 173 176 176 177 177 177 180 181 181 179 178 177 176 173 171 169 166 162 156 151 148 148 148 148 148 147 148 149 152 156 160 164 165 166 168 169 171 171 172 174 174 171 168 165 164 166 170 174 177 180 180 179 178 179 178 175 172 170 171 172 171 169 168 167 165 161 157 153 150
161 162 165 168 169 170 170 170 172 176 174 171 168 165 161 158 160 163 167 169 170 168 164 162 163 166 171 174 177 179 180 181 180 181 183 183 182 181 180 178 175 173 171 167 163 157 152 149 149 148 148 147 147 147 148 150 155 159 161 162 163 166 167 167 168 170 172 171 168 165 162 163 166 169 173 176 178 177 176 176 176 176 175 173 172 172 172 170 168 166 164 163 159 157 154 150
161 163 167 170 171 173 173 174 175 176 174 171 167 164 161 160 161 164 168 170 171 170 166 163 165 168 172 175 178 180 182 183 183 183 184 185 185 183 182 180 177 173 171 167 163 158 154 152 150 148 148 147 147 147 147 148 152 156 158 159 161 163 164 165 167 169 169 167 165 162 161 162 166 169 172 175 175 174 173 174 174 174 174 174 174 173 172 170 167 164 163 161 159 156 153 150
160 163 168 171 172 175 177 178 178 176 173 170 166 163 162 163 165 167 170 171 171 170 167 165 167 171 175 177 179 182 184 185 185 185 186 187 187 186 183 181 177 173 170 167 163 160 159 156 153 150 149 148 147 146 146 146 149 152 154 156 159 161 162 164 166 167 166 164 162 160 160 162 166 169 171 172 171 171 171 172 172 173 174 175 174 173 171 168 166 164 161 159 156 154 152 149
160 163 168 171 173 177 180 181 180 177 173 170 166 163 164 167 169 170 172 173 173 171 168 167 169 173 177 178 181 184 186 187 188 188 189 189 189 188 185 182 177 174 170 167 165 164 163 160 157 154 151 149 147 146 146 146 146 148 150 153 156 159 160 162 164 164 163 160 157 157 159 162 165 168 170 168 168 168 169 169 171 172 175 177 174 171 168 166 165 163 160 157 155 153 151 150
160 163 167 171 173 177 181 183 181 177 173 169 166 164 167 170 172 173 174 175 174 171 168 168 170 175 178 180 183 187 189 190 191 191 192 192 191 189 186 183 178 173 170 168 167 167 166 164 162 158 154 150 148 146 146 146 146 148 148 150 153 157 159 161 162 161 160 156 154 155 158 162 165 167 167 165 165 166 167 168 170 173 176 177 173 170 166 164 163 161 159 157 155 154 154 153
164 165 168 171 173 176 181 183 181 177 172 169 166 166 170 172 174 175 176 177 175 172 169 169 171 174 178 181 185 188 190 192 193 194 195 195 193 190 187 185 180 174 172 172 172 171 169 167 165 161 156 152 148 147 146 146 146 147 147 148 150 153 156 158 159 158 156 154 154 155 158 161 164 164 163 162 163 164 165 168 171 175 178 177 173 170 166 163 162 160 159 157 157 157 158 155
168 169 171 173 174 177 181 183 181 177 172 168 167 169 171 173 176 177 178 179 177 173 171 170 171 174 177 181 187 190 192 193 195 195 196 196 194 192 189 186 182 177 176 176 175 173 171 169 166 162 157 152 149 148 147 145 145 146 147 147 148 151 154 156 157 155 153 153 153 155 158 161 162 162 160 160 161 162 165 169 173 176 178 177 173 169 166 164 163 161 160 159 159 160 159 156
171 173 174 176 177 180 183 183 181 177 172 168 168 170 172 175 177 180 181 181 178 174 173 172 173 174 176 180 186 189 192 194 196 197 198 198 196 193 190 188 185 182 180 179 177 173 170 168 164 160 155 152 150 150 148 146 145 145 145 146 146 148 150 152 153 152 150 151 152 155 157 159 159 159 158 158 160 163 166 170 174 176 178 176 172 170 167 166 165 164 162 161 161 162 160 157
174 176 178 180 181 184 185 184 181 177 171 169 169 171 173 176 179 181 183 183 180 176 175 175 175 176 176 178 183 188 191 194 196 198 200 200 198 195 192 190 188 186 183 180 177 173 169 165 161 156 154 153 152 152 151 149 146 145 145 145 145 146 146 148 148 148 148 149 152 154 155 155 155 155 156 158 161 164 167 171 174 176 176 175 173 171 169 168 167 166 165 164 164 164 161 159
175 177 180 182 184 187 188 186 181 176 171 169 170 173 176 178 180 182 184 184 182 178 176 178 179 179 177 178 183 187 190 193 195 198 200 200 199 196 194 193 190 188 184 181 177 173 169 164 158 155 155 156 157 157 156 152 148 146 145 145 145 145 146 146 146 147 147 148 150 152 152 152 153 155 157 159 162 165 167 171 174 175 174 173 173 172 170 168 168 167 167 167 166 165 163 162
174 178 181 183 186 188 189 185 180 176 172 170 172 175 179 181 182 183 185 186 184 181 179 182 183 182 180 180 182 186 189 192 194 197 199 200 200 198 196 194 192 189 185 181 177 173 168 164 158 156 157 159 162 163 161 156 151 147 146 145 145 145 145 145 145 146 146 147 148 149 149 151 154 156 158 160 162 164 166 169 172 172 171 170 172 172 170 168 167 167 167 168 168 166 165 164
173 177 182 184 187 189 188 184 180 176 173 172 174 177 181 183 185 185 187 188 186 183 181 184 186 186 183 181 182 185 188 190 193 196 198 200 201 199 197 195 192 189 184 180 175 171 167 164 158 158 160 163 166 167 165 159 154 150 148 146 145 145 145 145 145 145 145 146 147 147 148 151 154 156 157 159 162 163 165 168 170 169 168 168 171 172 170 168 167 166 166 168 168 167 167 167
173 176 181 184 186 188 187 183 179 176 174 173 175 178 182 185 187 188 189 190 188 185 184 187 189 189 187 184 183 183 187 190 193 196 198 199 200 199 197 195 191 187 181 177 171 168 165 162 161 162 164 167 169 171 168 164 159 155 152 149 147 146 145 145 145 145 144 144 145 145 146 150 153 155 156 158 160 161 164 167 167 166 164 167 171 171 169 167 166 164 165 167 168 168 169 169
175 175 180 184 185 186 185 182 179 176 174 174 176 180 184 186 188 190 191 192 191 188 186 189 192 193 192 190 186 185 187 190 194 196 198 198 199 199 197 194 190 185 180 175 169 165 163 163 166 168 170 172 174 175 173 169 164 160 156 151 149 148 147 146 145 145 144 144 143 143 144 147 150 153 155 156 157 159 162 164 164 162 163 166 170 171 169 166 164 163 163 165 166 168 170 170
179 177 180 184 185 185 184 181 179 176 175 175 177 181 184 187 190 192 194 195 195 191 188 189 194 197 198 197 191 188 188 189 193 196 198 198 198 198 195 192 188 183 179 174 169 165 164 166 170 173 175 177 178 179 177 174 168 163 158 154 153 154 152 150 148 146 144 144 143 142 142 144 147 150 152 153 155 157 159 160 160 160 163 166 170 170 168 165 163 162 161 163 164 165 168 170
183 181 182 185 186 185 183 180 178 175 175 177 178 182 186 189 193 195 197 199 198 194 191 191 195 200 203 201 196 193 192 192 193 196 198 198 198 196 193 189 184 179 175 171 167 164 165 170 174 177 179 182 183 183 181 177 171 164 160 159 160 162 161 157 151 148 146 145 144 143 142 142 144 146 148 150 153 155 157 157 157 160 163 167 169 169 167 165 162 160 159 159 161 162 165 168
186 184 185 187 186 185 183 180 177 176 177 179 180 183 187 191 194 197 199 201 200 196 193 194 196 200 205 204 199 197 196 195 195 196 198 199 199 196 192 187 180 176 172 169 166 165 168 173 177 179 182 185 186 186 184 180 173 166 163 164 166 167 166 162 155 150 148 146 145 144 142 142 142 143 145 148 151 154 155 154 156 159 163 166 168 169 167 164 161 158 157 157 159 161 164 167
189 189 189 188 187 185 183 181 178 178 180 182 183 184 187 190 194 198 200 202 202 198 197 198 198 202 206 206 204 201 199 199 198 198 199 200 199 194 188 183 177 174 171 169 168 170 173 175 179 182 185 188 189 189 187 181 174 167 167 169 171 171 169 164 157 154 152 149 146 145 143 142 142 142 143 146 148 151 151 153 156 159 163 166 168 168 166 163 159 156 155 156 158 161 165 169
193 193 191 189 187 185 183 181 179 181 184 186 187 187 187 189 193 198 201 204 203 201 201 203 203 205 209 209 208 205 204 204 201 199 201 201 198 193 187 183 179 176 173 172 174 177 179 180 182 185 188 190 191 191 189 182 175 171 172 174 176 174 170 165 161 159 157 152 148 146 144 142 142 142 142 144 146 148 149 152 156 159 162 165 166 166 165 161 158 155 154 155 159 163 167 170
197 196 193 189 187 185 183 181 181 183 188 191 192 191 189 190 194 198 203 205 206 205 206 208 208 210 212 212 210 208 208 206 204 202 203 203 200 196 190 187 183 178 175 176 180 183 185 186 186 188 191 193 194 193 189 182 177 176 178 179 179 175 171 167 165 163 160 154 149 146 144 142 142 142 142 142 144 146 148 151 155 158 161 163 164 164 162 159 156 154 153 155 159 164 168 170
200 197 193 190 188 186 183 182 183 187 193 197 198 196 193 192 195 199 203 206 209 209 211 213 213 214 216 216 214 212 210 207 205 206 208 207 204 199 195 191 186 180 178 181 184 187 189 190 190 192 194 196 196 193 188 182 180 181 182 183 181 177 173 171 169 165 159 153 149 146 144 143 142 142 142 142 142 144 147 151 154 157 159 161 162 162 159 155 153 152 152 155 159 163 167 168
200 196 193 190 188 186 184 183 184 189 196 199 201 199 195 193 195 198 202 207 210 213 215 216 216 217 219 219 217 214 211 207 207 210 211 210 207 202 197 194 188 181 182 185 187 190 191 192 193 194 195 197 196 192 188 184 183 184 185 185 183 179 176 173 169 163 157 152 149 147 145 144 143 142 142 142 142 142 145 150 153 155 157 160 161 160 156 153 152 151 152 155 159 162 165 166
198 194 190 188 188 186 185 185 186 189 197 201 201 201 198 196 197 198 202 207 212 215 218 218 219 220 221 221 220 217 212 209 211 214 215 213 209 205 200 195 189 184 186 189 191 193 194 195 195 196 196 196 194 191 187 186 186 186 186 185 184 181 178 173 167 161 156 153 152 150 147 144 143 142 142 142 142 142 144 148 152 154 155 157 158 158 155 152 151 151 152 155 159 161 163 163
197 193 191 189 188 187 187 187 187 191 197 202 203 203 201 201 200 199 204 208 212 217 220 222 222 222 223 223 223 220 213 212 215 218 219 217 213 208 202 196 190 188 191 194 196 197 198 199 198 197 195 193 190 187 185 184 185 185 185 184 183 182 178 172 165 161 159 157 156 153 150 146 145 144 143 142 142 142 142 145 148 150 152 153 155 156 154 151 150 150 152 155 158 160 161 161
196 193 193 192 190 189 190 189 189 191 196 201 204 205 205 205 205 204 208 212 215 218 223 226 226 226 226 227 228 224 216 216 219 222 223 221 218 211 204 197 192 194 197 199 201 202 202 201 200 197 193 188 185 182 180 180 181 182 181 180 180 180 178 173 167 164 163 162 159 156 153 148 147 146 144 143 142 142 142 143 145 146 147 149 151 153 153 151 149 149 151 154 156 158 159 158
198 197 197 193 192 193 194 192 191 191 195 200 203 206 208 209 209 210 212 215 218 221 225 227 229 229 230 231 231 226 220 221 224 226 227 225 221 212 204 198 197 200 203 205 206 206 205 203 201 198 194 189 183 179 177 176 176 176 175 174 176 177 177 173 170 168 167 165 162 158 154 149 147 147 146 144 143 142 141 141 143 144 144 146 149 151 150 150 149 149 149 151 154 155 156 156
201 201 199 193 193 195 196 193 192 192 193 198 202 206 210 212 213 214 216 217 221 223 226 229 231 232 232 233 232 227 223 225 227 230 230 228 221 212 204 201 202 206 208 209 209 209 207 204 202 200 197 190 184 179 176 174 173 172 171 170 172 175 174 172 169 169 168 166 163 159 154 149 148 148 147 145 143 142 141 141 141 142 143 144 146 148 149 149 148 148 148 149 152 153 154 154
205 205 200 195 195 197 197 193 192 192 194 197 200 205 211 215 217 219 220 220 223 226 228 230 233 235 237 237 234 229 227 229 232 234 234 230 222 212 207 207 210 212 213 214 213 212 210 207 204 202 197 190 184 178 175 175 173 170 168 167 168 170 169 168 165 166 166 165 161 157 152 149 150 150 149 146 144 142 141 141 141 141 142 143 144 145 147 147 147 147 147 147 149 151 152 151
208 206 201 198 199 200 199 195 193 193 196 198 200 205 212 217 221 224 225 225 226 229 231 234 237 239 242 242 237 232 233 235 238 239 237 232 222 215 215 216 218 219 219 218 217 215 212 208 205 201 197 189 183 179 179 179 177 172 169 165 164 164 164 162 161 161 162 161 157 153 150 150 153 154 152 149 145 142 142 141 141 141 141 142 143 143 144 145 147 147 146 145 146 148 148 148
210 205 202 203 203 203 201 196 194 197 200 202 203 207 214 219 223 227 230 230 229 232 235 238 241 244 245 245 243 238 239 241 243 243 239 233 224 222 222 223 224 225 225 223 221 217 213 209 205 201 197 190 184 184 185 184 180 173 169 165 163 161 160 158 157 157 156 155 153 151 150 152 155 157 156 152 148 144 142 141 141 141 141 141 142 143 143 144 145 146 145 144 144 145 145 144
211 205 204 206 206 206 203 198 197 201 204 207 209 211 215 220 225 230 232 234 233 236 239 242 245 248 249 249 247 244 245 247 248 246 240 233 229 229 229 229 230 230 229 227 223 218 213 209 205 202 198 192 188 188 189 186 180 173 169 165 162 160 160 159 158 156 155 153 151 150 151 154 157 160 159 155 149 146 145 142 141 141 141 141 141 141 142 143 143 144 145 144 143 142 142 141
210 206 208 210 210 209 204 199 200 205 209 213 214 216 218 221 226 231 234 237 237 239 242 246 248 251 252 252 251 250 251 252 252 249 241 236 236 236 236 236 236 234 232 229 224 219 213 209 205 201 197 193 190 190 189 185 178 172 168 165 163 162 162 162 160 158 156 154 152 152 153 155 159 161 161 157 152 149 147 145 142 141 140 140 141 141 141 142 142 142 143 143 142 141 140 140
211 211 213 214 214 211 205 201 204 210 214 218 220 222 223 225 227 232 236 239 240 243 246 250 253 255 256 256 256 255 255 256 256 251 245 244 245 245 244 244 242 239 235 230 224 218 213 207 201 197 193 191 189 189 186 181 175 169 167 166 166 166 167 166 162 159 157 154 153 155 156 158 161 164 164 161 157 155 153 150 146 143 141 140 140 140 140 140 141 141 142 142 140 139 139 139
215 218 219 219 217 211 205 205 209 215 219 224 226 228 229 230 230 232 238 241 244 247 251 255 257 259 260 261 261 260 260 260 260 256 254 254 254 254 253 251 247 241 235 228 221 215 208 201 196 191 189 187 185 185 181 177 171 169 169 170 171 170 169 167 163 158 157 156 156 158 160 162 163 166 167 166 164 162 159 155 150 146 142 141 140 140 140 140 140 140 140 140 139 139 139 139
220 223 224 221 217 209 205 209 214 219 225 229 230 232 234 234 234 235 239 243 248 252 256 258 260 263 265 266 266 266 265 264 264 262 261 262 262 260 256 254 247 240 233 224 216 210 205 199 195 190 187 185 183 180 178 174 171 173 174 175 174 172 170 166 161 158 157 158 160 162 165 166 166 168 169 170 169 166 163 158 153 148 144 143 141 141 140 140 140 139 139 139 139 139 139 139
224 227 226 221 215 207 207 213 218 224 230 233 234 236 237 238 238 239 241 245 250 255 259 261 264 266 268 269 269 269 268 268 268 268 268 268 266 262 257 253 245 237 230 222 215 211 209 204 199 193 189 187 185 181 177 174 175 177 179 178 176 172 168 164 160 158 160 161 163 166 169 170 170 171 172 173 172 169 164 159 154 151 148 146 144 143 142 141 140 140 139 139 139 139 139 139
228 229 227 220 213 207 210 217 222 227 233 236 238 239 240 241 242 243 244 247 252 257 261 263 267 268 270 271 272 272 271 272 272 272 271 270 268 263 258 254 248 239 232 225 220 218 215 210 202 197 193 191 187 182 179 177 179 181 181 178 174 171 167 162 160 160 163 165 167 170 173 173 173 174 175 175 173 169 165 160 155 153 150 148 147 145 144 142 141 141 140 140 140 139 139 140
232 231 226 218 211 210 215 221 226 231 236 239 241 243 244 245 246 247 249 251 255 259 263 266 268 270 271 273 274 274 274 274 275 275 274 272 269 264 260 257 251 243 236 231 227 224 219 213 205 200 197 194 189 183 179 180 182 183 181 177 172 168 165 162 161 164 167 170 172 174 176 177 177 177 178 177 173 169 165 160 156 153 151 151 150 149 148 146 144 142 141 141 141 141 142 143
236 233 226 217 211 213 219 225 229 234 238 243 245 248 249 249 250 252 254 256 259 261 265 268 269 271 272 274 275 275 276 276 277 277 276 274 271 266 262 258 253 247 240 236 231 225 217 211 204 200 197 193 188 184 182 184 185 184 181 177 172 167 164 162 164 169 173 176 177 178 181 182 182 181 180 176 170 166 163 159 156 153 152 152 152 151 151 149 147 145 144 144 145 145 147 148
239 234 226 217 212 215 222 228 232 236 240 245 248 251 253 253 254 256 258 259 262 265 267 269 270 271 272 273 274 274 276 277 279 279 277 276 272 268 264 260 256 250 243 237 229 221 212 206 201 197 194 191 188 186 187 188 187 186 182 176 171 166 164 164 168 174 178 181 183 184 185 185 183 181 177 172 166 163 160 157 155 154 153 153 153 153 153 152 151 150 149 150 151 151 153 153
241 235 225 217 214 217 224 230 235 240 243 246 250 253 255 256 257 258 260 262 264 266 268 270 270 269 269 269 269 271 274 277 279 280 278 276 273 269 265 262 258 251 243 235 226 217 210 204 200 197 194 192 191 191 191 191 189 185 181 175 170 166 165 168 174 179 183 185 187 188 187 185 180 176 172 167 163 160 158 156 155 154 153 154 154 154 154 154 155 155 156 156 157 157 157 155
