geocache-va/0-3/elevation.txt
ncols         865
nrows         925
xllcorner     -77.8
yllcorner     38.75
cellsize      1.0E-5
NODATA_value  -9999
[rows 352 to 395 of 925, columns 288 to 383 of 865]
327 329 331 331 332 331 329 324 319 314 307 300 293 287 280 271 264 260 256 253 250 247 243 240 238 235 233 233 234 237 245 253 256 256 256 256 255 251 250 252 256 261 266 270 274 279 281 278 273 266 259 251 247 248 252 255 261 271 280 288 295 303 311 316 322 326 329 333 338 342 344 347 351 354 356 357 357 354 347 339 328 316 304 292 281 271 266 264 264 262 259 254 248 243 239 233
330 335 338 340 341 340 336 330 324 317 309 300 292 286 279 273 267 263 260 256 252 249 245 242 240 238 236 234 234 236 241 248 250 251 253 254 255 254 255 257 261 266 271 275 278 282 282 278 273 266 257 250 250 255 259 260 262 269 278 286 293 302 309 316 321 327 331 335 341 345 349 352 356 359 361 361 359 353 345 336 324 311 299 286 275 266 259 257 256 255 251 246 240 236 233 228
334 340 346 350 353 352 346 337 328 321 311 301 293 287 282 277 271 267 263 258 254 251 248 246 244 244 240 236 235 237 240 243 245 248 250 252 255 258 261 264 268 272 278 282 284 285 283 278 272 264 256 252 256 265 270 270 269 271 277 284 291 300 308 314 321 327 332 337 343 349 354 357 361 364 366 366 361 351 341 332 320 307 294 281 269 259 253 249 247 245 241 236 232 229 226 221
337 345 352 359 362 361 354 344 331 322 312 303 296 290 285 279 274 269 264 260 257 255 251 250 251 250 244 238 236 237 241 243 245 247 249 253 257 263 269 273 276 279 284 287 289 288 283 277 271 263 256 257 265 273 279 280 280 281 282 285 291 299 307 313 320 327 333 338 345 351 357 361 365 368 370 369 361 348 338 329 317 304 292 278 265 255 248 242 238 236 233 229 225 223 219 214
340 348 357 366 372 371 362 348 334 324 314 305 298 293 286 280 275 271 267 264 262 260 257 256 257 252 245 238 237 240 244 246 247 249 251 255 260 267 274 280 283 286 290 293 293 289 283 276 270 262 257 262 272 280 285 288 290 292 293 293 294 299 307 313 320 327 334 339 347 354 359 363 368 370 372 369 359 346 336 326 314 302 290 277 265 256 249 241 234 229 225 222 219 216 213 208
342 350 359 370 380 381 369 353 339 328 317 307 301 295 287 282 279 276 272 270 268 266 264 263 260 253 245 239 238 242 245 248 250 253 255 258 263 270 278 284 288 291 295 298 296 289 283 276 270 262 260 267 278 285 290 293 296 299 301 302 301 303 308 314 321 328 334 340 348 356 361 365 370 373 373 368 358 346 334 324 312 300 289 278 268 261 254 245 234 226 221 217 215 211 208 204
344 352 360 371 381 384 372 358 344 332 319 309 302 295 289 286 283 280 277 275 273 271 268 266 261 253 245 239 238 242 245 249 252 256 259 261 266 273 282 288 292 296 301 302 297 289 282 275 268 262 263 272 282 289 294 297 301 305 308 308 308 307 310 315 321 329 335 342 349 357 362 366 371 373 372 365 356 344 332 323 311 300 290 280 272 264 256 247 237 228 221 216 212 208 204 201
348 355 362 372 381 381 371 359 347 335 322 311 302 297 295 292 288 285 282 280 278 275 271 267 259 251 244 240 239 242 245 250 254 259 263 265 270 277 286 293 297 303 306 304 297 288 279 272 266 262 267 277 285 292 297 301 306 311 314 315 314 313 314 318 324 330 337 344 351 358 364 368 372 372 368 361 352 340 330 321 310 301 293 286 278 268 259 250 239 230 224 217 212 207 203 199
352 359 365 374 382 379 369 357 345 334 321 312 305 302 302 299 295 291 288 285 282 278 272 265 257 249 243 240 240 242 246 250 255 261 266 270 274 280 289 296 302 308 310 304 296 287 277 269 264 264 272 280 287 294 300 305 310 316 320 321 320 319 320 323 327 333 339 345 353 359 365 368 371 369 363 355 346 335 326 319 312 304 297 290 280 269 259 250 241 233 226 220 214 210 206 201
357 363 368 377 382 377 367 354 342 332 322 315 311 311 309 305 301 297 293 288 282 277 270 261 253 247 242 241 241 243 247 251 256 262 268 274 278 284 293 299 306 312 311 304 296 286 275 267 265 268 275 281 288 296 302 307 313 319 323 325 325 324 325 327 331 337 342 348 354 360 366 369 369 365 358 349 339 329 321 317 312 305 297 288 278 267 257 249 241 233 227 221 217 213 208 203
361 366 372 380 383 376 365 352 340 331 324 320 318 318 315 311 306 302 296 289 280 273 265 258 251 246 243 241 241 243 248 253 258 264 270 275 280 287 295 301 309 315 313 306 298 287 274 267 266 270 276 283 289 297 303 310 316 321 326 328 328 328 329 331 335 340 346 351 357 362 366 369 367 360 352 343 333 324 316 312 308 302 294 285 275 264 255 247 239 232 227 222 218 214 209 204
365 370 377 384 384 376 365 352 341 333 327 324 325 324 321 316 311 305 297 288 277 270 263 257 252 248 244 242 243 245 249 253 258 265 272 277 282 289 296 303 311 316 314 308 300 289 276 268 267 271 277 283 290 298 305 312 318 323 328 331 332 333 334 336 339 344 349 354 359 364 368 368 364 355 346 336 327 317 309 304 301 296 288 279 270 261 253 244 235 230 226 222 217 213 208 202
370 375 383 389 386 377 365 353 344 337 332 330 332 333 330 323 316 308 297 287 277 270 263 258 254 249 245 244 246 248 251 253 258 265 273 279 285 292 299 306 313 318 315 309 301 291 277 269 268 272 278 284 291 299 307 314 320 326 330 333 336 338 339 342 345 349 353 358 362 367 369 367 359 349 338 329 319 309 300 294 291 288 281 272 264 256 248 239 231 226 223 220 215 211 205 199
375 381 389 393 387 378 366 355 348 342 338 337 341 342 338 328 319 308 296 287 279 271 264 259 255 250 246 246 249 252 255 257 260 266 273 281 288 295 303 311 317 319 314 308 301 291 279 270 269 273 279 285 293 301 309 315 321 327 332 335 339 342 345 348 351 355 359 362 365 368 369 364 354 342 333 324 313 302 291 284 280 278 272 266 259 250 241 233 226 220 218 216 212 208 201 194
381 389 396 396 389 378 367 357 351 347 343 343 348 349 342 329 318 307 296 287 279 271 265 260 254 250 248 249 251 255 258 261 264 268 274 282 291 298 306 314 320 319 312 305 299 291 280 272 271 274 280 286 294 302 310 316 323 329 333 337 341 345 349 352 356 360 363 366 369 370 368 361 350 338 329 320 308 295 285 276 270 268 265 259 251 244 236 229 221 216 213 211 208 204 198 190
387 395 400 398 390 379 368 359 354 350 347 348 352 351 341 328 317 307 296 287 278 271 264 259 253 250 248 250 253 255 259 263 267 271 277 284 293 300 309 316 321 317 307 300 295 288 279 272 271 274 279 285 294 303 311 318 324 330 334 339 343 348 352 356 359 363 366 369 372 371 366 358 347 336 327 317 305 292 281 272 264 260 256 251 245 238 231 224 217 212 209 207 205 201 195 189
393 399 403 400 392 382 371 362 357 354 351 351 353 351 340 326 316 306 296 286 277 270 263 258 253 250 249 251 254 257 261 264 269 274 281 287 295 303 312 319 320 313 303 295 289 283 276 273 273 276 280 285 293 302 311 318 324 330 334 339 345 350 354 358 362 366 369 372 374 371 364 356 344 333 325 316 304 292 281 271 261 253 248 243 238 232 226 219 213 209 205 203 200 196 192 186
398 403 405 402 394 385 374 365 360 357 355 354 354 350 339 325 316 307 296 286 277 270 264 258 254 251 250 253 257 261 265 268 273 280 287 293 299 307 314 319 317 308 299 291 284 278 275 275 277 280 283 287 293 301 309 316 323 328 333 339 345 350 355 360 364 369 372 374 374 368 361 353 341 332 323 314 304 293 283 273 262 251 243 237 230 224 219 214 209 205 201 197 194 190 186 181
402 406 407 403 396 388 378 368 363 360 358 356 354 350 339 325 316 307 296 287 278 271 264 259 255 252 252 256 261 267 272 276 280 287 294 300 305 310 315 317 312 304 294 286 280 277 278 280 283 286 289 292 296 302 308 314 320 327 332 338 344 350 356 361 365 369 372 373 371 365 357 348 338 330 322 313 304 294 286 276 265 256 247 238 228 221 215 210 205 201 198 193 188 184 181 178
404 408 407 404 398 391 381 371 365 362 360 357 355 350 338 324 316 307 296 287 278 271 264 259 256 253 254 260 266 273 280 286 290 294 301 307 313 316 315 311 305 297 289 282 279 280 284 287 290 293 296 300 304 308 312 316 321 327 332 338 343 349 355 360 365 369 371 371 367 360 352 342 334 327 320 313 305 296 287 278 267 259 250 241 231 223 216 212 207 202 198 192 186 182 179 176
404 407 407 404 398 392 382 373 367 364 362 359 355 350 337 324 315 306 296 287 278 271 265 260 257 254 255 262 269 278 286 294 298 301 306 313 319 320 313 304 298 291 285 281 281 285 289 292 295 299 304 308 313 317 319 321 324 329 334 338 343 349 355 360 364 368 369 368 363 355 346 337 329 323 318 313 305 295 286 277 267 259 252 243 233 225 220 216 211 206 201 195 188 183 179 175
403 405 406 404 398 392 383 374 369 366 362 360 356 349 336 323 314 306 296 287 279 272 266 261 257 255 257 264 272 281 290 298 303 307 312 318 323 321 311 302 295 289 284 282 284 289 293 296 300 305 310 315 319 323 325 327 329 333 337 340 344 350 355 360 364 367 367 364 357 348 339 330 322 316 312 309 302 293 284 275 265 257 251 243 234 228 223 219 213 207 201 195 189 184 180 176
400 402 403 402 398 392 383 375 370 367 364 361 356 349 334 321 312 304 295 287 279 272 266 262 259 257 258 265 273 283 292 301 307 313 318 324 327 321 309 301 295 289 285 285 287 292 296 300 305 311 317 322 326 330 332 334 335 338 341 345 349 354 358 362 365 366 364 358 349 339 329 321 311 304 302 301 296 288 279 271 262 254 247 241 235 230 225 220 213 205 198 193 189 184 181 178
396 399 401 401 397 391 383 375 370 368 365 361 357 347 331 319 310 302 293 284 277 272 267 263 260 258 260 265 272 281 291 301 309 317 324 330 330 322 309 301 296 291 288 288 290 294 300 304 309 315 321 327 331 335 338 340 342 344 347 351 355 360 363 365 367 365 359 351 341 330 320 312 302 294 291 291 287 280 272 264 256 248 242 238 233 229 225 219 210 201 194 190 187 184 181 178
391 396 398 398 395 389 381 373 369 367 365 361 356 345 328 317 308 300 291 282 275 271 266 263 261 260 263 268 274 281 289 300 310 319 327 333 332 323 311 303 297 292 290 291 293 297 302 307 312 319 325 331 335 339 342 345 347 350 353 357 361 365 368 368 368 364 355 345 334 322 313 304 294 284 278 278 276 270 263 256 248 241 236 233 231 228 223 216 206 198 191 187 184 183 181 178
386 391 395 395 392 387 379 371 366 365 364 361 354 342 325 316 308 299 291 282 274 270 265 262 260 261 266 272 279 285 291 300 310 318 327 333 332 324 313 304 298 293 292 294 296 299 304 309 314 321 328 333 337 341 345 348 351 355 358 362 365 369 371 371 370 363 352 342 329 317 307 298 286 275 268 267 266 261 255 249 242 235 230 229 228 225 220 212 203 195 188 184 182 180 179 177
382 387 391 392 389 384 375 368 364 364 364 360 352 339 324 315 307 299 290 281 275 270 265 262 261 262 267 273 280 286 293 302 310 318 326 332 332 324 313 304 298 294 294 296 298 301 305 310 315 322 329 334 339 343 347 351 354 358 362 365 369 372 373 374 371 363 351 340 327 314 303 293 280 269 262 259 257 253 247 242 236 230 225 224 224 221 215 208 200 192 185 181 178 178 177 176
376 382 386 387 384 378 370 363 361 362 362 358 349 335 322 314 306 299 290 281 275 270 266 263 261 263 268 274 280 287 294 302 310 317 326 332 332 324 313 304 299 296 298 300 302 304 307 311 316 323 329 334 340 345 349 353 357 361 365 369 372 375 376 376 371 362 351 340 326 312 301 290 279 268 260 254 248 243 238 234 229 225 220 218 219 216 210 203 194 187 182 179 176 175 174 173
371 376 379 380 378 372 365 359 358 360 360 355 345 331 320 312 304 297 289 281 274 270 266 264 263 265 270 276 282 288 294 302 309 317 325 331 330 322 313 306 301 298 301 303 306 308 311 314 318 323 329 334 339 345 350 354 359 363 368 372 375 377 378 377 371 361 350 339 325 312 301 293 283 274 267 259 249 240 234 228 223 219 215 213 213 210 205 197 189 184 181 179 177 175 172 171
365 371 373 374 371 366 360 356 356 359 359 352 339 327 316 308 301 294 287 279 274 270 267 265 265 267 270 275 281 286 292 300 308 316 325 329 327 321 314 308 304 302 304 307 309 313 317 320 322 325 329 334 339 345 351 356 360 365 370 373 376 378 378 375 369 359 349 338 325 314 306 299 291 282 274 265 255 246 238 229 221 215 211 207 206 203 199 192 187 184 183 181 178 175 173 170
360 366 367 367 365 360 355 352 354 358 357 349 335 324 314 305 298 292 285 279 274 271 268 267 266 268 270 274 278 283 290 298 307 315 324 327 324 318 313 309 306 305 307 309 312 317 322 325 327 329 331 335 339 346 351 356 360 365 370 373 376 377 377 373 366 357 347 337 327 319 313 306 297 287 278 268 258 249 240 232 223 215 209 205 201 198 195 191 187 186 184 181 179 176 173 170
356 362 362 361 358 355 350 350 354 356 354 344 332 322 312 304 297 291 285 280 275 272 269 268 267 268 270 273 278 283 290 298 306 314 322 324 320 315 311 309 308 308 310 312 315 320 325 329 332 334 335 337 341 347 352 357 361 366 370 373 375 376 375 369 362 353 345 338 331 325 317 309 299 288 278 269 259 250 241 233 224 217 212 207 202 198 194 192 189 186 184 182 179 177 174 170
352 357 356 354 351 349 347 349 354 354 349 338 328 319 311 302 296 291 286 281 277 274 271 269 269 270 272 275 279 285 291 299 307 314 320 320 315 311 309 309 310 312 314 316 319 324 329 333 337 339 340 342 345 349 354 358 363 367 370 372 374 374 369 362 354 344 337 334 332 325 317 308 296 285 275 267 257 248 240 233 226 220 215 210 204 199 195 192 189 187 184 182 179 176 173 169
348 353 351 347 345 343 345 350 354 351 343 332 323 316 308 301 295 290 286 282 278 276 273 272 271 272 274 277 281 287 294 301 308 314 318 315 311 308 307 309 311 314 316 319 323 327 332 337 340 342 344 347 350 354 357 361 365 368 371 373 373 370 362 354 344 334 327 325 326 321 312 303 292 281 271 263 254 245 237 231 225 220 215 211 205 200 196 192 189 186 183 180 177 174 171 167
345 349 347 342 339 339 344 350 353 348 336 326 318 312 305 298 292 288 284 281 278 275 274 272 272 273 277 281 285 290 297 303 309 314 315 311 306 305 307 310 312 316 319 323 326 331 336 340 343 346 349 352 355 359 363 365 368 370 372 373 372 365 355 346 335 324 316 314 316 313 305 297 286 276 267 258 249 240 233 227 221 216 212 208 203 199 196 192 189 185 182 178 175 172 168 164
342 346 343 338 335 337 345 351 352 344 330 319 312 308 301 295 289 285 282 279 276 275 273 273 273 275 279 283 288 293 299 305 310 313 311 306 303 303 306 310 313 318 322 325 329 333 338 343 346 349 353 356 359 363 366 368 370 372 373 373 369 359 349 340 328 316 307 304 306 304 298 290 280 271 263 254 245 236 228 222 216 211 207 204 200 196 194 192 188 185 182 178 174 170 166 162
338 341 338 333 333 338 347 352 350 339 325 314 306 303 298 292 286 283 279 277 275 273 272 272 273 276 279 284 289 294 301 307 311 311 307 302 299 301 306 311 314 319 324 327 331 336 341 345 348 351 355 358 362 366 369 371 373 374 374 373 366 354 344 333 322 309 299 295 295 294 289 283 275 266 258 251 242 233 225 219 212 208 204 200 196 192 191 190 188 185 183 179 175 170 166 162
330 335 333 329 332 340 348 352 345 333 320 310 302 299 294 289 284 281 277 274 272 271 271 272 273 276 280 284 289 296 303 308 310 308 302 298 297 300 306 311 315 320 326 330 334 339 343 347 350 353 357 361 365 369 372 375 376 376 376 372 363 350 338 327 315 302 292 285 282 280 277 272 266 258 252 246 238 231 224 219 213 209 204 199 193 190 187 187 187 186 184 181 176 172 167 162
322 328 328 327 333 342 350 350 339 328 317 308 300 296 291 285 281 278 275 272 271 270 270 271 273 276 280 285 290 296 304 309 309 304 298 295 296 299 305 311 316 322 327 332 336 341 345 348 351 355 359 364 368 372 376 378 379 378 377 371 362 349 336 324 311 298 287 279 272 267 263 259 255 250 245 240 234 229 224 219 214 209 205 200 194 190 186 183 184 185 184 182 178 174 169 164
315 320 323 327 335 344 351 346 334 325 316 307 299 295 289 282 278 276 273 271 269 268 269 271 273 276 280 285 291 297 305 309 307 300 294 292 295 300 305 311 316 322 328 333 337 342 346 349 352 357 362 366 370 375 378 379 381 380 377 371 361 348 335 323 310 298 289 281 272 263 256 250 244 240 236 232 228 224 221 217 213 208 203 199 194 189 184 181 181 182 183 183 179 175 171 165
313 316 321 328 337 347 351 343 332 324 316 307 300 294 288 282 277 274 272 269 268 267 268 271 273 276 280 286 293 299 305 307 303 296 290 290 294 300 306 312 317 323 329 334 338 343 346 350 353 358 363 367 372 376 379 381 382 382 378 370 358 345 333 322 312 302 294 286 277 268 259 249 239 233 229 225 221 219 217 214 210 205 201 197 193 188 183 179 178 180 182 182 179 175 171 165
317 319 323 330 339 348 350 341 331 323 314 306 299 293 286 280 276 273 271 268 267 267 268 271 274 277 282 288 295 301 305 305 299 292 288 289 293 299 306 312 317 323 329 334 338 342 345 349 354 359 364 368 373 377 380 382 383 383 377 368 357 345 335 327 319 310 300 292 282 272 263 254 243 234 228 222 217 214 211 209 206 202 199 196 191 186 181 177 176 177 178 179 178 176 171 165
324 324 327 334 343 349 347 338 329 321 312 305 298 291 284 278 274 271 269 267 266 266 268 271 274 278 283 290 297 303 305 301 294 288 285 288 292 299 306 312 317 323 329 333 337 340 343 347 352 358 364 369 374 378 381 383 384 382 376 367 358 349 342 335 327 317 306 297 287 276 267 258 248 239 231 224 217 211 207 204 201 198 196 192 188 184 179 175 173 173 174 175 176 175 170 166
330 329 333 339 347 350 343 336 328 320 312 304 297 291 283 277 273 271 268 266 265 265 267 270 273 278 284 291 298 303 303 298 289 283 283 286 291 298 305 311 317 323 328 333 335 337 339 343 349 356 364 369 374 379 381 383 384 381 375 367 360 354 347 339 329 317 307 299 289 278 268 260 250 241 233 226 219 212 206 201 198 195 192 189 186 182 178 174 171 169 169 170 172 171 169 168
