geocache-va/0-3/elevation.txt
ncols         865
nrows         925
xllcorner     -77.8
yllcorner     38.75
cellsize      1.0E-5
NODATA_value  -9999
[rows 748 to 791 of 925, columns 192 to 287 of 865]
192 191 190 189 189 190 193 197 203 209 217 224 229 231 233 234 234 231 226 218 212 207 203 201 198 195 192 188 186 187 193 198 202 203 203 209 216 219 220 218 213 207 199 193 189 184 179 174 169 164 159 156 152 147 142 141 139 139 137 136 134 132 130 129 128 127 126 125 124 123 123 124 124 124 123 123 122 120 119 118 117 117 117 116 117 118 117 116 114 112 112 113 114 114 113 112
195 194 192 190 191 192 195 198 204 210 219 226 231 234 236 236 235 232 228 221 215 209 203 200 196 192 189 186 184 185 191 196 197 196 196 202 207 209 212 210 207 201 193 187 183 180 177 174 169 165 161 157 152 147 143 141 139 137 136 135 133 131 130 129 129 128 127 127 127 128 128 128 128 127 126 125 123 122 122 121 120 120 120 119 120 121 121 119 117 116 116 116 116 114 112 111
198 196 193 191 191 193 196 199 205 211 220 227 232 236 237 237 236 233 228 221 217 210 204 200 196 192 188 185 183 184 188 192 193 190 191 196 199 202 205 204 201 195 188 182 178 176 174 172 169 165 161 157 151 147 144 142 139 137 135 135 133 132 132 131 131 131 131 131 131 131 131 131 130 129 128 126 124 123 123 123 122 122 122 121 121 122 121 120 118 117 117 117 116 113 111 110
201 197 194 192 192 194 197 201 206 212 220 228 232 236 238 238 237 233 228 221 216 209 203 199 195 191 187 183 181 181 184 187 186 184 184 187 189 192 195 195 192 187 180 175 171 170 170 170 167 164 160 156 151 148 147 145 141 139 137 136 135 135 135 135 134 135 135 135 134 134 133 133 132 130 128 127 125 125 125 124 123 123 122 122 122 121 120 120 119 118 117 116 114 113 110 108
201 198 194 193 193 195 198 202 207 212 220 227 232 236 238 238 237 233 227 219 213 206 200 195 191 188 185 182 180 179 180 181 181 180 178 178 179 181 184 183 180 176 171 168 164 163 164 164 163 161 158 156 153 151 150 148 145 142 140 139 138 138 138 137 137 137 137 136 135 134 134 133 132 131 129 127 127 126 125 124 123 123 122 122 121 120 119 118 118 117 116 114 113 111 108 106
200 196 194 194 195 196 198 201 205 210 217 225 231 235 237 237 235 233 227 220 213 206 200 195 192 190 188 185 182 178 177 177 177 176 174 173 172 172 172 171 169 166 163 160 157 157 158 159 158 157 155 154 153 152 151 149 146 144 142 141 140 139 138 137 137 136 136 135 134 133 133 132 131 130 129 128 127 125 124 123 122 121 121 120 119 118 117 116 115 115 114 113 111 109 106 105
199 196 195 195 196 197 199 200 204 208 215 223 229 233 235 233 232 231 228 222 216 209 202 197 196 195 192 187 183 179 177 176 175 174 175 175 174 172 170 168 164 161 158 156 154 152 153 154 154 153 152 152 151 151 150 149 147 144 142 141 140 138 137 136 135 135 134 133 132 132 131 131 130 129 128 127 125 124 122 121 120 119 118 117 116 115 115 114 113 112 112 110 109 107 107 108
199 197 196 197 198 199 200 201 203 208 214 221 227 230 231 229 229 230 228 224 218 211 205 200 199 198 194 187 183 179 179 178 176 177 179 180 179 178 175 170 166 162 160 157 154 152 151 150 151 151 150 150 149 150 149 148 146 144 142 141 139 137 135 135 134 133 132 132 132 131 130 129 128 127 127 125 123 122 120 119 118 117 116 115 114 114 113 112 111 110 110 109 108 107 108 110
200 198 197 198 198 199 200 201 204 207 212 218 223 225 224 222 225 228 229 225 221 215 209 204 201 196 191 186 183 183 183 182 182 184 187 188 188 187 182 177 173 169 165 162 158 154 152 150 149 148 147 146 146 146 147 147 146 144 142 141 139 137 135 134 133 132 132 131 131 131 130 128 127 126 125 123 121 119 118 118 118 118 117 116 114 114 113 112 111 110 110 109 109 109 110 112
199 198 198 198 198 198 199 200 202 205 209 214 218 218 217 216 221 227 228 227 223 219 213 207 201 195 191 188 188 189 189 188 190 193 196 198 199 198 192 187 181 176 171 166 162 160 158 154 150 148 145 144 143 144 144 144 144 143 142 140 139 137 135 134 132 131 130 130 129 129 129 127 125 124 122 121 120 119 118 119 122 123 122 119 116 115 113 113 113 113 112 112 111 111 112 114
199 198 197 197 196 196 197 197 200 204 207 211 212 211 210 212 219 225 227 226 224 220 216 210 205 199 195 194 193 193 195 195 198 203 206 208 209 207 202 196 188 181 174 170 168 165 162 158 153 149 147 145 142 142 142 142 141 141 140 140 139 137 136 135 133 132 131 129 127 127 126 125 123 122 121 121 120 120 121 123 127 129 126 123 120 117 116 115 116 115 114 114 114 113 115 116
198 197 196 195 194 194 194 196 198 202 205 206 206 205 207 213 219 223 225 224 223 221 217 214 208 203 201 201 198 198 201 203 207 212 216 219 219 214 207 200 192 183 175 172 169 165 160 157 153 151 149 146 144 142 140 140 139 139 139 138 138 137 137 136 134 134 132 129 127 125 124 123 123 122 122 122 122 122 124 127 131 131 129 126 122 120 119 118 119 119 119 118 116 115 117 118
197 196 195 194 194 194 194 195 198 201 203 203 202 203 207 214 219 223 223 222 221 220 218 215 211 207 206 205 202 202 206 209 214 218 223 226 225 218 209 201 193 184 177 173 169 162 157 155 155 154 150 148 146 143 140 139 139 138 138 138 138 137 136 135 135 134 132 130 127 125 124 123 123 123 124 124 124 124 126 129 133 133 131 128 124 122 121 120 121 122 122 120 118 117 119 119
197 195 194 193 193 193 193 194 196 198 200 199 199 202 209 215 219 221 220 218 216 215 215 215 214 212 211 209 206 207 211 215 220 225 230 232 229 220 211 202 194 184 177 172 167 161 157 157 158 157 154 153 152 148 144 140 137 137 137 136 136 136 135 134 133 133 131 128 126 125 124 124 125 126 128 128 128 127 129 132 135 136 134 130 126 125 124 124 125 125 124 122 121 120 121 121
196 195 194 193 192 192 192 193 194 196 196 196 198 203 210 214 217 218 217 212 208 207 210 216 218 219 218 216 213 214 218 223 227 232 237 237 232 222 213 204 195 186 180 174 169 163 161 161 162 159 157 159 157 153 148 143 138 135 135 134 134 133 133 132 131 129 128 127 126 126 126 127 128 131 133 134 132 131 132 135 138 138 136 133 129 127 126 126 127 127 126 124 123 121 121 120
196 195 194 192 191 191 191 192 193 193 194 195 198 203 209 213 216 216 214 208 203 202 208 215 218 221 221 220 219 220 224 228 232 239 243 240 233 223 214 206 197 189 183 176 170 167 165 165 164 161 161 163 161 156 151 145 140 136 134 133 132 131 131 130 130 128 127 127 127 128 129 129 130 133 137 138 136 136 136 138 140 140 138 135 132 130 128 128 129 128 125 124 122 120 119 118
194 194 193 192 191 189 189 191 191 191 193 195 198 203 209 212 213 213 211 206 200 199 206 212 216 220 222 222 223 224 227 231 238 244 246 241 233 222 214 206 197 189 182 176 172 170 168 168 165 160 160 162 160 155 151 147 141 137 134 133 132 132 131 131 131 130 130 130 130 130 131 132 133 136 140 141 140 140 140 141 142 142 140 137 135 132 130 130 130 127 123 122 120 117 115 113
193 193 193 192 191 189 189 189 190 191 193 195 198 203 208 210 212 211 208 203 198 198 204 210 213 216 219 221 222 225 229 235 241 247 245 239 231 221 213 205 197 189 182 178 175 172 170 169 164 158 157 159 156 152 149 146 141 137 134 133 134 134 135 135 134 133 134 134 133 133 134 135 135 138 142 143 144 144 144 143 143 141 140 138 135 132 130 130 130 126 120 118 116 114 111 110
191 191 192 191 190 188 188 188 190 191 193 195 198 203 207 209 210 208 204 198 195 196 202 207 209 212 214 216 220 225 230 236 243 247 243 237 229 220 212 205 198 190 184 179 176 173 172 169 162 155 152 153 151 148 146 143 140 136 135 136 137 138 140 140 139 139 139 139 137 137 138 138 138 140 143 146 147 146 145 144 142 139 137 136 134 131 129 128 127 122 118 115 113 110 109 108
191 191 191 190 189 187 187 188 190 191 193 196 198 201 205 207 208 206 201 194 191 193 198 202 204 207 208 212 217 224 230 237 244 246 241 236 227 218 210 202 197 191 186 182 177 174 172 168 161 154 149 148 147 144 141 139 138 137 137 139 141 143 145 145 144 143 144 143 141 140 142 142 141 143 145 147 148 148 145 143 139 136 134 133 132 130 128 125 123 120 116 113 110 108 108 111
191 190 189 189 188 187 186 187 188 190 193 195 197 200 203 205 206 205 200 193 190 190 194 198 200 201 205 210 215 221 228 235 242 243 238 232 225 216 206 198 193 189 186 182 178 174 169 165 158 152 148 147 145 143 140 139 138 138 139 141 144 147 149 149 148 148 148 146 145 144 145 145 144 145 147 148 149 148 145 141 137 134 131 130 129 128 126 123 120 117 114 111 110 110 111 116
191 190 188 187 186 186 186 187 188 190 193 195 197 198 201 203 204 203 198 192 188 188 192 195 196 200 204 208 212 218 224 231 238 239 235 228 221 212 203 195 188 184 182 179 176 171 166 161 155 151 150 150 148 145 142 141 139 140 142 144 147 151 154 154 152 152 152 150 148 147 148 147 146 146 147 148 148 146 145 141 137 133 129 127 127 125 123 121 118 115 112 111 110 111 115 122
191 190 188 187 186 185 185 186 187 190 193 195 195 194 196 200 202 201 197 191 187 187 190 192 193 198 202 205 208 214 220 227 232 234 230 223 216 209 200 192 185 179 175 172 171 168 163 158 154 153 155 155 152 147 144 142 141 142 144 147 150 154 157 157 156 155 155 153 152 151 151 149 148 148 147 146 145 145 143 140 136 132 128 125 125 123 121 118 115 113 112 111 112 113 119 126
192 190 188 186 185 184 184 185 186 189 192 194 193 191 193 197 199 198 195 190 186 185 188 189 191 195 198 201 205 211 217 223 229 230 225 219 212 205 196 190 184 180 174 170 167 165 161 157 155 157 159 159 154 148 145 143 142 143 146 150 154 157 160 160 158 158 157 156 155 154 152 150 149 148 147 144 142 142 141 138 134 130 127 124 122 121 119 116 113 113 113 113 114 117 122 129
192 190 188 186 185 184 184 184 186 187 190 191 190 189 190 193 195 195 192 187 185 184 185 186 189 193 196 199 202 207 212 217 223 225 221 215 208 201 195 191 187 183 178 172 166 162 159 157 158 161 163 161 155 149 147 145 144 145 148 152 156 159 162 162 161 160 159 158 157 155 153 150 148 146 143 141 139 138 139 136 131 126 123 121 119 118 117 114 113 114 115 116 118 122 127 133
192 191 188 186 184 183 182 183 184 186 188 189 189 187 187 188 190 190 189 185 183 182 183 186 189 193 195 196 199 202 207 213 218 220 217 210 203 197 193 192 189 185 179 173 167 162 159 159 161 164 166 162 156 151 149 147 146 146 150 153 158 162 163 164 163 162 161 159 157 155 152 149 145 142 140 137 135 134 134 132 128 123 120 118 117 116 115 114 114 117 121 121 122 126 131 137
193 192 189 187 185 182 182 182 183 184 185 186 187 186 185 185 186 187 186 183 181 180 182 186 189 192 194 194 194 197 203 208 213 217 214 209 201 193 189 190 188 184 178 173 167 163 161 162 164 167 167 163 157 154 152 150 148 148 151 154 159 162 164 164 163 162 161 159 156 153 150 148 144 141 139 138 135 133 130 126 123 120 118 117 116 116 115 115 116 120 124 125 126 130 136 140
195 193 190 187 185 183 181 181 182 183 184 185 185 184 183 183 185 185 184 182 180 179 181 185 188 190 192 191 191 194 200 205 210 214 212 206 199 190 185 185 185 182 178 173 167 164 162 163 165 169 168 164 159 157 154 151 149 150 152 155 159 163 165 164 164 162 161 159 155 151 148 147 145 143 141 140 137 134 131 126 122 119 118 116 115 115 116 118 118 121 125 127 129 133 138 143
196 195 192 189 186 184 181 180 181 181 182 182 183 183 182 182 183 183 182 181 179 178 179 182 184 186 187 186 186 188 195 201 205 208 207 203 196 186 180 177 178 178 175 172 167 164 163 165 166 169 169 165 162 160 156 153 151 152 154 156 160 163 165 164 163 162 161 158 153 149 147 146 146 145 144 142 139 136 132 127 121 118 117 116 117 119 122 123 121 122 126 130 134 137 141 145
197 196 193 190 187 185 182 180 179 179 179 179 179 180 179 179 180 181 181 179 178 177 177 178 180 182 183 182 180 182 187 193 199 202 202 199 192 182 176 172 171 172 172 171 167 165 164 165 167 170 170 166 163 161 158 156 154 155 157 159 161 164 164 163 162 161 160 156 152 147 145 144 146 145 144 142 138 135 130 124 120 118 118 120 122 124 127 127 125 124 126 131 136 139 143 147
197 196 193 191 188 185 183 181 179 179 179 179 179 178 178 178 178 178 178 178 177 176 175 174 175 177 177 177 176 176 179 184 190 194 195 192 186 178 172 170 167 167 169 170 167 164 164 164 167 170 169 166 163 162 159 157 156 157 159 160 163 164 164 162 160 160 159 156 151 146 143 143 145 145 143 140 135 130 125 121 118 118 122 128 130 129 130 131 129 127 127 131 136 141 146 149
192 193 193 192 189 186 185 183 181 180 179 179 178 177 177 176 176 175 175 175 176 175 174 172 172 172 172 172 172 172 174 176 180 184 186 184 179 172 166 166 163 163 168 170 167 163 161 162 165 168 167 164 162 160 160 159 158 158 159 161 163 164 163 160 157 159 158 155 150 146 142 141 143 142 140 135 130 124 121 121 123 126 131 137 137 134 134 135 134 132 129 131 135 141 146 151
189 190 191 192 190 188 186 184 182 181 180 179 179 178 176 176 175 174 174 174 174 174 173 171 170 170 170 171 170 169 170 171 173 176 179 177 173 168 163 161 161 162 167 169 167 162 159 160 164 166 165 163 161 159 159 159 158 158 158 160 163 163 162 158 156 158 157 154 150 146 140 138 140 140 136 131 125 121 122 127 131 133 138 142 141 138 138 139 137 134 131 131 135 140 146 152
186 187 189 192 191 189 187 185 183 183 183 182 181 179 178 176 175 174 174 173 172 172 171 171 170 169 168 168 168 167 166 167 167 168 168 168 165 161 157 155 156 161 166 168 165 161 158 158 162 164 163 162 159 158 157 156 157 156 157 159 161 161 159 156 155 156 156 154 151 146 141 136 135 134 130 125 122 124 129 137 140 141 144 147 146 142 142 143 141 137 133 133 137 141 147 152
182 184 188 191 191 190 188 186 186 186 186 184 183 181 179 177 177 177 177 176 175 173 170 169 169 167 166 166 165 165 164 163 163 162 162 162 159 156 153 151 152 157 162 164 162 158 155 157 160 163 162 160 157 155 154 154 153 153 155 157 158 157 155 152 153 154 154 152 150 145 141 136 131 128 124 122 124 129 135 143 147 149 150 152 150 147 146 146 142 137 134 135 139 144 149 154
181 183 186 189 190 190 189 189 189 190 189 187 186 183 181 179 180 181 182 181 179 176 174 171 169 167 165 165 164 164 163 164 164 164 165 166 165 161 155 151 150 152 157 158 158 155 153 154 157 160 160 159 155 152 151 151 150 151 153 153 153 153 152 150 150 152 150 149 146 142 140 135 129 125 123 125 130 136 142 149 153 155 156 157 154 150 149 147 141 137 137 139 142 147 152 156
181 183 185 188 188 188 188 190 192 193 191 189 187 185 182 182 183 184 185 185 183 181 178 174 171 169 168 167 166 167 169 170 171 173 174 175 173 167 159 152 149 149 151 153 154 154 152 151 154 157 159 157 153 149 148 148 147 147 148 148 148 148 148 147 148 149 147 143 141 138 135 132 127 123 124 130 137 142 148 154 159 161 162 162 158 153 151 148 141 138 140 143 145 150 154 157
181 182 185 186 187 187 188 189 192 194 192 189 187 185 184 184 186 187 188 188 186 183 180 176 173 172 171 169 169 172 175 176 178 180 181 181 178 171 161 153 149 148 147 149 152 154 152 151 152 155 157 156 152 148 146 145 145 144 144 145 145 146 146 145 145 146 144 141 137 135 133 130 126 124 126 134 141 146 152 157 161 164 166 165 160 155 153 148 141 140 143 146 148 152 156 158
180 181 182 183 184 186 187 188 190 193 193 189 187 185 185 187 189 191 193 192 190 187 183 178 175 176 176 173 173 177 181 183 185 188 189 189 184 176 164 155 150 148 146 146 149 153 152 149 149 152 153 152 150 145 143 142 141 140 141 141 142 142 142 141 142 143 141 137 133 131 129 126 125 126 131 138 144 150 156 161 165 168 169 168 163 158 155 150 144 143 146 149 152 156 159 160
178 179 179 181 183 185 185 186 188 191 193 191 189 188 188 190 194 196 198 197 195 191 185 180 179 181 181 176 177 182 188 192 194 198 198 195 190 180 168 159 154 149 146 144 145 149 150 148 146 147 148 148 145 142 141 140 139 138 138 138 139 138 138 138 139 139 137 133 130 127 126 126 126 130 136 142 149 154 160 164 168 172 173 171 166 162 157 150 145 146 149 153 156 159 161 161
176 178 179 181 183 183 183 184 188 191 194 194 192 190 190 193 198 200 202 201 199 195 188 183 183 186 184 180 181 188 195 199 202 205 205 200 193 183 173 164 158 152 147 145 144 144 145 145 144 144 144 143 142 140 139 138 137 137 137 138 137 137 136 136 137 136 133 130 128 127 126 127 129 134 140 147 153 158 163 167 171 175 176 174 169 164 158 151 147 148 152 155 159 162 164 163
177 178 179 181 181 181 182 184 187 190 193 195 195 194 193 196 201 203 204 205 203 199 191 186 187 190 188 184 185 192 200 207 211 213 209 203 196 187 178 170 162 154 148 145 144 143 143 142 141 141 141 140 139 138 137 136 135 135 135 136 136 135 134 134 134 132 130 128 128 127 128 129 133 138 144 150 156 161 165 169 173 177 178 175 170 164 157 151 149 151 154 158 162 164 165 164
177 177 179 180 180 180 182 184 187 190 193 197 198 197 197 200 204 207 208 208 206 201 195 190 191 193 190 185 187 196 205 211 215 216 211 205 197 190 183 173 164 156 150 148 146 144 142 141 141 140 140 139 139 138 137 135 133 133 134 134 135 134 133 133 132 131 129 128 128 128 129 131 135 141 147 153 157 160 163 168 173 178 178 176 170 164 158 153 151 153 156 161 164 166 166 165
175 176 177 179 179 180 183 184 186 190 194 199 200 200 200 203 208 210 212 212 210 205 197 193 196 197 194 189 190 199 208 214 219 219 213 206 199 192 185 175 165 158 154 153 150 145 143 143 143 144 144 141 138 138 137 136 134 133 133 133 133 133 132 131 130 129 129 128 129 129 130 131 135 141 147 151 153 156 160 166 172 177 178 176 171 165 160 156 155 155 158 163 166 168 168 165
