geocache-va/0-3/elevation.txt
ncols         865
nrows         925
xllcorner     -77.8
yllcorner     38.75
cellsize      1.0E-5
NODATA_value  -9999
[rows 660 to 703 of 925, columns 288 to 383 of 865]
122 123 120 116 113 112 112 114 116 118 119 121 122 124 123 123 124 124 125 126 127 128 129 131 131 131 132 132 131 130 130 131 132 132 133 133 134 135 133 132 132 131 131 130 130 129 128 127 127 126 126 126 126 126 126 126 126 126 126 125 124 122 121 121 122 122 123 123 124 124 125 125 125 125 124 124 124 124 124 124 124 124 124 123 123 122 121 121 121 121 120 119 119 121 121 117
121 120 116 113 112 112 113 115 118 120 122 124 125 127 126 124 124 125 125 126 127 128 129 131 131 131 132 132 131 130 130 130 131 132 132 133 134 135 134 133 132 132 132 131 131 130 129 128 127 127 127 126 126 127 127 127 127 127 126 125 124 123 122 122 122 122 122 123 123 124 124 125 124 124 124 124 124 124 124 124 124 125 124 124 123 122 121 121 121 121 120 119 120 121 121 119
118 116 112 111 113 115 117 118 120 122 125 127 129 130 129 126 126 126 127 127 127 128 129 129 130 131 132 131 130 129 129 129 131 132 132 132 132 133 133 133 133 133 133 133 133 131 130 129 128 127 127 127 127 127 128 128 128 127 126 126 124 123 122 121 121 121 122 122 123 123 123 124 124 124 124 124 124 124 124 125 125 125 124 124 123 122 122 121 121 121 120 120 120 121 120 119
113 112 111 113 116 119 121 121 122 124 126 129 132 132 131 129 129 128 128 128 128 128 128 129 130 131 132 131 130 129 129 129 130 132 133 132 131 131 132 132 132 133 134 134 134 132 131 129 128 128 127 127 127 128 128 128 128 127 127 126 124 123 122 121 121 121 122 122 123 123 123 123 123 123 123 124 124 124 125 125 125 125 124 124 123 123 122 121 121 121 121 121 121 120 120 119
110 110 112 116 120 123 125 124 125 126 129 132 134 134 133 132 131 130 129 128 128 127 127 128 130 131 132 131 130 128 128 128 130 132 133 133 131 130 130 130 131 132 133 134 134 133 132 131 130 129 129 129 129 128 128 128 128 128 127 126 124 122 121 121 121 121 122 122 122 122 122 122 122 122 123 123 123 124 125 125 125 124 123 123 123 123 122 122 121 121 121 121 121 120 120 119
110 112 115 119 123 126 128 128 127 129 131 133 134 135 134 133 131 129 128 127 126 126 127 128 130 131 131 130 129 128 128 128 130 131 132 131 130 130 130 130 131 132 133 134 133 133 132 131 131 130 130 130 129 129 128 128 128 128 127 125 124 122 121 121 121 121 121 121 121 122 122 121 121 122 122 123 123 124 125 125 125 124 123 123 122 122 122 122 122 122 122 122 121 121 120 119
113 115 117 120 124 127 130 131 130 131 133 134 134 135 134 133 130 128 126 125 125 125 127 128 130 131 131 130 129 127 127 128 129 130 130 129 129 129 130 130 131 132 133 133 133 132 132 131 131 130 130 129 129 129 128 128 128 127 126 125 123 122 121 120 120 120 121 121 121 121 121 121 121 121 121 122 122 123 124 124 124 123 123 122 122 122 122 121 121 121 122 122 121 121 120 119
117 120 122 123 125 129 132 133 133 133 134 135 135 135 134 133 131 128 125 124 124 125 127 128 130 131 130 129 128 127 127 127 127 128 128 127 128 128 129 130 131 132 132 132 132 132 131 131 130 130 129 129 128 127 127 127 126 126 125 124 123 122 121 120 120 120 120 120 120 120 120 120 119 119 120 121 122 122 123 123 123 122 122 122 121 121 121 121 121 121 121 121 121 121 120 119
120 122 124 124 126 129 132 134 134 134 135 135 135 135 135 134 131 128 125 123 125 126 127 129 130 130 130 129 128 126 126 126 126 127 127 127 128 128 129 130 131 131 132 132 131 131 131 131 130 129 129 128 128 127 127 126 126 125 125 124 123 122 121 120 120 120 120 120 120 119 119 119 118 118 119 120 121 122 122 122 122 122 122 121 121 121 121 121 121 121 120 120 120 120 120 119
121 122 124 126 127 129 131 133 134 135 135 135 135 135 134 133 129 126 124 123 124 125 127 128 128 129 129 128 127 126 125 124 125 126 126 126 127 128 129 130 130 131 131 131 131 131 130 130 129 129 128 128 127 127 126 126 125 124 124 123 123 122 121 120 120 120 120 120 120 119 119 119 118 118 118 118 119 120 121 121 121 121 121 120 120 120 120 120 120 120 120 120 120 120 120 119
120 121 124 126 128 129 130 132 134 135 135 135 135 135 134 131 128 125 122 122 124 125 126 127 128 129 129 128 127 126 124 124 124 125 126 126 127 128 129 129 130 130 131 131 131 130 130 130 129 129 128 127 127 127 126 126 125 124 124 123 123 122 121 121 121 121 120 120 120 119 119 119 119 118 118 118 118 119 120 121 121 121 121 120 120 120 120 120 119 119 119 119 120 120 120 119
118 120 122 125 127 127 127 129 132 134 134 135 135 134 134 132 128 124 121 121 123 124 125 126 127 127 127 128 127 125 124 123 123 124 124 125 126 127 128 129 129 130 130 130 130 130 130 129 129 128 128 127 127 126 126 126 125 124 124 123 123 123 121 121 120 120 121 120 121 121 121 121 120 120 119 118 118 118 119 119 120 120 120 120 120 120 119 119 119 118 118 118 119 120 119 119
115 117 120 123 124 124 124 126 129 131 133 134 134 133 132 131 128 124 120 120 122 123 125 126 126 127 127 127 127 125 123 122 122 123 123 124 125 126 128 129 129 130 130 130 130 130 129 129 128 128 128 127 127 126 126 126 125 124 124 124 124 123 122 121 120 120 121 121 121 122 122 121 121 121 120 119 118 118 118 118 119 119 119 119 119 119 119 119 118 118 118 118 119 119 119 119
114 117 119 121 122 122 122 124 126 128 131 134 135 132 129 127 126 123 119 120 122 123 124 125 125 125 125 126 126 125 123 121 121 121 122 124 125 126 128 129 129 129 129 129 129 130 129 128 127 127 127 127 127 126 126 126 125 124 125 125 125 124 122 121 122 122 122 123 123 123 123 122 122 122 121 121 119 117 117 117 118 118 119 118 118 118 118 118 117 117 117 118 119 119 119 119
114 117 119 121 121 121 121 123 125 128 131 134 135 132 128 125 122 120 119 119 121 123 123 123 124 124 124 124 125 125 123 121 121 121 123 125 125 126 128 129 129 129 129 129 129 130 129 128 127 127 127 127 127 127 126 126 125 125 126 126 126 124 123 122 123 123 123 124 124 124 123 123 123 122 122 121 120 117 117 117 118 118 118 117 117 117 117 117 117 117 117 118 119 119 119 119
116 118 119 119 119 120 121 123 126 129 132 135 135 132 127 123 120 119 118 119 121 122 122 121 122 122 122 123 124 124 122 120 120 121 124 125 126 127 128 129 128 128 129 129 130 130 130 128 127 127 127 127 128 128 127 126 126 126 127 128 127 125 124 123 124 124 124 124 125 125 124 124 124 124 123 122 120 118 117 117 117 117 117 117 116 116 116 116 116 116 116 118 118 118 118 119
117 118 118 117 118 120 122 125 128 130 133 135 135 132 127 123 120 118 117 118 120 121 120 120 120 120 121 122 123 123 120 119 120 122 124 125 126 127 128 127 127 127 128 129 130 131 130 129 128 127 127 128 129 129 128 127 127 127 127 128 128 126 124 124 124 125 125 125 125 125 125 125 125 125 124 122 120 119 118 118 117 117 117 116 115 115 115 115 115 115 115 116 117 116 117 117
117 117 116 117 119 122 124 127 130 132 134 135 134 130 126 122 120 118 116 117 118 119 119 118 118 119 120 120 121 120 119 118 120 122 124 125 126 126 127 127 127 127 127 129 130 131 131 129 128 128 128 128 130 130 128 127 127 127 128 128 127 126 125 125 125 125 125 126 126 126 126 126 126 126 124 123 121 120 119 118 117 117 117 116 116 116 115 115 115 115 115 115 115 115 115 115
115 115 115 116 118 122 124 127 129 131 133 134 132 128 124 121 119 118 116 115 117 118 118 117 117 118 118 117 117 117 117 118 119 122 123 124 124 125 126 126 126 126 127 128 130 131 131 130 129 128 128 129 130 131 128 127 127 127 127 128 127 126 126 125 125 126 126 126 127 128 128 128 127 126 125 124 122 121 120 119 118 117 118 118 118 118 117 116 115 115 115 114 114 114 114 114
114 114 114 114 116 119 122 124 127 129 130 131 130 127 123 120 118 117 115 115 115 116 117 116 116 116 116 115 116 117 118 118 119 120 121 122 123 124 124 125 125 125 126 128 129 130 131 130 129 129 129 129 130 131 128 127 127 127 127 128 127 126 126 126 126 126 126 126 127 128 129 129 128 126 125 124 123 122 121 119 118 118 118 119 119 119 118 116 115 116 116 115 114 114 115 115
113 113 113 113 114 116 118 122 124 125 126 128 128 126 121 118 116 115 114 114 114 115 115 115 115 115 115 115 117 119 121 121 120 120 120 121 121 122 122 123 123 124 125 127 128 129 130 130 129 129 129 130 130 130 128 127 127 127 127 127 127 126 126 126 126 126 126 126 127 128 129 128 127 126 125 125 124 123 121 120 119 119 119 119 119 119 118 117 116 117 118 116 115 116 118 118
112 113 112 112 112 113 116 120 121 121 122 125 126 124 121 118 116 115 113 113 113 113 113 114 115 115 115 116 118 121 123 123 123 121 120 121 121 121 122 123 123 124 125 127 127 128 129 130 130 130 130 130 131 130 128 127 127 127 127 127 127 127 127 126 126 126 126 126 126 127 128 128 127 126 126 125 124 123 121 120 120 120 120 120 120 119 118 117 117 118 118 118 117 117 119 119
112 112 112 112 112 112 114 117 118 118 119 121 122 122 120 119 117 115 112 112 112 112 112 113 114 115 117 118 118 120 122 124 124 124 122 121 121 122 123 124 124 125 126 127 127 127 128 128 128 129 129 130 129 129 128 127 127 127 127 127 127 127 127 126 126 126 126 126 126 127 127 127 127 127 127 126 124 123 121 121 121 121 121 121 120 119 119 118 118 118 119 119 118 118 120 120
111 111 111 111 112 112 112 114 114 115 116 118 119 119 120 119 117 114 112 112 112 112 112 114 115 117 119 120 119 119 121 123 125 124 124 123 122 122 123 124 125 125 126 126 126 127 127 128 128 129 129 129 128 128 128 127 127 127 127 127 127 127 127 126 126 126 126 126 126 127 127 127 127 127 127 126 124 123 122 122 121 121 121 121 120 120 119 118 118 119 120 120 119 120 121 121
111 111 111 111 111 111 111 111 112 112 113 115 116 117 118 118 116 113 111 111 112 113 114 115 117 119 121 122 121 120 120 122 123 124 125 125 124 123 123 124 125 126 126 126 126 126 127 128 128 128 129 129 128 128 128 127 127 128 128 129 128 127 126 126 126 126 126 126 126 127 127 127 127 127 126 125 124 123 123 122 122 122 122 121 120 120 119 119 119 120 121 121 120 121 121 120
110 110 111 110 110 110 110 110 111 111 112 113 113 114 115 116 115 112 111 111 112 114 115 117 118 120 122 123 123 123 122 122 123 123 124 125 125 125 124 125 125 126 127 127 127 126 127 127 128 128 129 129 129 128 129 129 129 129 130 130 128 126 126 126 126 126 126 126 127 127 128 128 127 127 126 125 125 124 124 123 123 122 122 121 120 120 120 120 120 121 121 121 121 121 121 120
110 110 110 110 110 109 109 109 110 111 111 112 113 113 114 114 113 111 110 111 112 114 116 117 118 120 122 124 124 124 123 123 123 123 124 125 126 125 125 125 126 126 127 128 127 127 127 127 128 128 129 129 129 129 129 130 130 130 131 130 128 126 126 126 126 126 126 127 127 127 128 128 127 127 126 126 125 124 124 123 123 123 122 121 121 121 120 120 120 121 122 122 122 122 121 120
109 110 110 109 109 109 109 109 110 110 111 111 112 112 112 112 112 110 110 110 112 114 115 117 118 120 122 123 124 124 124 124 124 124 124 125 126 126 126 126 126 127 127 128 128 128 127 128 128 128 129 129 130 130 130 129 129 129 131 129 127 126 126 126 126 126 126 127 127 127 128 128 128 128 127 127 125 124 124 124 123 123 122 121 121 121 120 120 120 121 122 122 122 122 121 120
108 109 109 109 109 109 109 109 110 110 111 111 111 111 111 110 110 109 109 110 112 113 115 116 117 118 120 121 123 124 125 125 125 125 125 125 126 126 126 127 127 127 128 128 128 128 128 128 129 129 129 130 130 131 130 130 128 129 130 129 127 126 126 126 126 126 127 127 127 128 128 129 129 128 128 127 125 124 124 124 123 123 122 122 121 121 121 121 121 121 122 122 122 122 122 121
107 108 108 108 108 109 109 109 110 110 110 111 110 110 110 109 109 109 109 110 112 113 114 115 116 117 118 119 121 123 124 124 125 125 125 125 126 127 127 127 127 128 128 128 128 129 129 129 129 129 129 130 130 130 130 130 129 128 129 128 127 126 126 126 126 126 127 127 127 128 129 129 129 128 128 127 126 125 125 124 123 123 122 122 121 121 121 121 121 122 122 122 122 122 122 121
106 107 108 108 108 108 109 109 110 110 110 111 110 110 110 109 109 109 109 109 111 113 114 115 116 116 117 118 119 121 123 124 125 126 126 126 126 127 127 128 128 128 128 129 129 129 129 130 129 129 129 129 129 130 130 130 129 129 128 128 127 126 126 126 126 127 127 127 127 128 129 129 129 128 128 127 126 125 125 124 123 123 122 122 121 121 121 122 122 122 123 122 122 123 123 121
104 105 106 107 107 108 108 109 109 110 110 110 110 109 109 109 109 109 109 109 111 112 113 114 115 116 117 118 120 121 122 123 125 125 126 126 127 127 128 128 128 129 129 129 129 129 130 130 129 129 129 129 129 130 129 129 129 129 128 128 127 126 126 126 126 127 127 127 128 128 129 129 129 128 127 127 126 125 124 124 123 123 122 122 121 121 121 122 122 122 123 123 123 123 123 122
103 103 105 106 107 108 108 108 109 109 109 109 109 109 109 109 109 109 109 109 110 111 113 114 115 116 118 119 121 122 123 124 125 125 126 126 127 127 128 129 129 129 129 130 130 130 130 129 129 129 129 129 129 129 129 129 129 129 128 128 127 126 126 126 126 127 127 128 128 129 129 129 129 128 127 127 126 125 124 123 123 123 122 122 122 122 122 122 122 122 123 123 124 124 123 122
103 102 103 105 107 107 107 108 108 108 109 109 109 108 108 108 109 109 109 109 110 111 113 115 116 117 118 119 121 122 124 124 125 125 126 127 127 128 129 129 130 130 130 130 130 130 130 129 129 129 129 129 129 128 128 127 127 128 128 128 127 127 126 126 127 127 127 128 128 129 129 129 128 128 127 127 126 125 124 123 123 123 123 122 122 122 122 122 122 123 123 123 123 124 123 122
103 102 102 104 106 107 107 107 108 108 108 108 108 108 108 108 108 108 109 109 110 111 113 115 117 118 118 119 120 122 124 125 125 125 126 127 128 128 129 130 130 131 131 131 130 130 130 129 129 129 129 129 129 128 127 127 127 127 128 128 127 127 127 127 127 127 127 128 128 129 129 129 128 127 127 127 126 125 124 124 123 123 123 123 123 123 123 123 123 123 123 122 122 123 122 121
103 103 103 103 105 107 107 107 108 108 108 108 108 108 108 108 108 108 109 110 110 111 113 115 118 118 118 119 120 121 123 124 125 125 126 127 128 128 129 130 131 131 131 131 130 130 130 129 129 129 129 129 128 128 127 127 127 127 128 128 127 127 127 127 127 127 128 128 128 129 129 129 128 127 127 127 126 125 124 124 124 124 124 123 123 123 123 123 123 123 123 122 122 123 122 121
104 103 103 103 104 106 107 107 107 107 107 107 107 107 107 107 107 108 109 110 111 111 113 115 117 119 120 120 120 121 122 124 124 125 126 127 127 127 128 130 131 131 131 131 130 130 130 129 129 129 129 128 128 128 127 127 127 127 128 127 127 127 127 127 127 127 127 127 128 129 129 129 128 127 127 127 126 125 125 124 124 124 124 124 123 123 123 123 123 123 123 122 122 122 121 120
104 103 103 103 103 105 106 107 107 107 107 107 107 106 106 106 107 108 109 110 111 112 114 116 118 120 120 121 121 122 123 124 124 125 126 126 126 127 128 130 131 131 131 131 130 130 130 129 129 129 129 128 128 128 127 127 127 127 128 127 127 127 126 126 127 127 127 127 128 128 129 129 128 128 127 127 126 125 125 124 124 124 124 124 123 123 123 123 123 122 122 122 122 122 121 120
104 103 102 102 102 103 105 106 107 107 107 107 106 106 106 106 107 108 109 110 111 112 115 118 119 120 122 122 123 123 124 125 125 125 124 125 126 127 127 129 130 131 131 131 130 130 129 129 129 129 128 128 128 127 127 127 127 127 127 127 127 127 126 126 127 127 127 127 128 128 129 129 128 128 127 127 126 126 125 125 124 124 124 124 123 123 123 123 122 122 121 121 121 121 120 119
104 103 102 102 102 103 104 105 107 107 107 106 106 106 106 106 107 108 109 110 111 113 117 119 120 121 122 123 124 125 125 125 124 123 123 124 126 126 127 129 130 131 131 131 130 130 129 129 129 129 128 128 128 127 127 127 127 127 127 127 127 127 126 126 127 127 127 127 127 128 128 129 129 128 128 127 126 126 125 125 124 124 124 124 123 123 123 123 122 122 121 121 120 120 119 118
103 102 102 102 102 103 103 105 107 107 107 106 105 105 105 106 107 107 108 110 111 114 117 120 121 122 122 122 124 125 125 124 123 122 122 124 126 126 127 128 129 131 131 131 130 130 129 129 129 129 128 128 128 127 127 126 126 126 126 127 127 127 126 126 127 127 127 127 127 127 128 128 129 128 128 127 126 126 125 125 124 124 124 124 123 123 123 123 122 122 121 121 120 120 119 118
103 102 102 102 102 103 103 104 106 107 106 105 105 105 105 106 106 107 108 110 111 114 118 120 120 119 120 121 123 124 123 123 122 121 122 124 126 126 127 128 129 131 131 131 130 130 129 129 129 128 128 128 128 127 127 126 126 126 126 127 127 127 127 127 127 128 127 127 127 127 128 128 129 128 127 127 126 126 125 125 124 124 124 124 123 123 123 123 122 122 121 121 121 120 119 118
102 102 102 102 102 103 103 103 105 106 105 104 104 104 105 106 106 106 108 109 110 113 116 116 116 115 116 118 120 120 120 119 119 120 121 123 124 125 126 127 128 130 131 131 130 129 129 129 129 128 128 127 127 127 127 126 126 126 126 126 126 127 127 127 127 128 127 127 127 127 127 128 128 128 127 127 127 126 125 125 124 124 124 124 123 123 123 123 122 122 122 122 121 121 120 120
102 102 102 102 102 102 103 103 104 105 104 103 104 104 105 106 106 106 108 109 109 110 111 112 112 112 113 115 116 116 117 117 118 118 120 121 123 124 125 126 127 130 131 130 130 129 129 129 129 128 128 127 127 127 127 127 126 126 126 126 126 126 126 127 127 127 127 127 127 127 127 127 128 128 127 127 127 126 126 125 125 125 124 124 124 124 123 123 123 123 122 122 122 122 121 120
